# epoch	training loss	test loss	accuracy
0.000000000000000000e+00 6.582929770151774385e+00 8.110416915893555512e+00 8.110416915893555512e+00
1.000000000000000000e+00 5.874773483276367614e+00 5.521582780456543382e+00 5.521582780456543382e+00
2.000000000000000000e+00 5.710665626525878835e+00 5.580135147094726911e+00 5.580135147094726911e+00
3.000000000000000000e+00 5.638520119984944401e+00 5.459822399902344081e+00 5.459822399902344081e+00
4.000000000000000000e+00 5.549852994283040353e+00 5.461948168182373387e+00 5.461948168182373387e+00
5.000000000000000000e+00 5.549827944437662808e+00 5.462107447814941175e+00 5.462107447814941175e+00
6.000000000000000000e+00 5.517729256947835559e+00 5.536157627868652398e+00 5.536157627868652398e+00
7.000000000000000000e+00 5.480317109425862476e+00 5.497767359161376710e+00 5.497767359161376710e+00
8.000000000000000000e+00 5.392353019714355433e+00 5.481696862792968972e+00 5.481696862792968972e+00
9.000000000000000000e+00 5.319604549407959126e+00 5.567378652191162125e+00 5.567378652191162125e+00
1.000000000000000000e+01 5.266931393941243655e+00 5.557423362731933381e+00 5.557423362731933381e+00
1.100000000000000000e+01 5.201928628285726219e+00 5.680087702941894356e+00 5.680087702941894356e+00
1.200000000000000000e+01 5.101708310445149941e+00 5.688608518981933315e+00 5.688608518981933315e+00
1.300000000000000000e+01 4.995532194773356416e+00 5.727468970489502098e+00 5.727468970489502098e+00
1.400000000000000000e+01 4.841705430348714145e+00 5.791295857238769607e+00 5.791295857238769607e+00
1.500000000000000000e+01 4.679906104405721301e+00 5.880324489593506065e+00 5.880324489593506065e+00
1.600000000000000000e+01 4.506529610951741205e+00 6.072518646240234297e+00 6.072518646240234297e+00
1.700000000000000000e+01 4.343705434799193910e+00 6.165193949890136693e+00 6.165193949890136693e+00
1.800000000000000000e+01 4.150487829844156984e+00 6.143003459167480251e+00 6.143003459167480251e+00
1.900000000000000000e+01 3.992805967330932404e+00 6.559699057006835865e+00 6.559699057006835865e+00
2.000000000000000000e+01 3.834662319819132303e+00 6.550945706176757533e+00 6.550945706176757533e+00
2.100000000000000000e+01 3.599064070383707570e+00 6.710141360473632410e+00 6.710141360473632410e+00
2.200000000000000000e+01 3.461597763697306096e+00 6.710218166351318736e+00 6.710218166351318736e+00
2.300000000000000000e+01 3.310337909062703421e+00 6.879081111145019634e+00 6.879081111145019634e+00
2.400000000000000000e+01 3.145896959304809393e+00 6.859134983062744162e+00 6.859134983062744162e+00
2.500000000000000000e+01 3.013475910822550397e+00 6.983866304016113524e+00 6.983866304016113524e+00
2.600000000000000000e+01 2.920069227218627717e+00 7.059798610687256115e+00 7.059798610687256115e+00
2.700000000000000000e+01 2.717561988830566211e+00 7.032138992309570291e+00 7.032138992309570291e+00
2.800000000000000000e+01 2.644351676305134902e+00 7.275052969360351618e+00 7.275052969360351618e+00
2.900000000000000000e+01 2.525235592524210482e+00 7.355841921234130609e+00 7.355841921234130609e+00
3.000000000000000000e+01 2.457555619875590125e+00 7.322874023437499602e+00 7.322874023437499602e+00
3.100000000000000000e+01 2.329272433916727891e+00 7.632293563842773132e+00 7.632293563842773132e+00
3.200000000000000000e+01 2.235145805676778341e+00 7.554720675659179818e+00 7.554720675659179818e+00
3.300000000000000000e+01 2.144035067558288432e+00 7.700645306396484813e+00 7.700645306396484813e+00
3.400000000000000000e+01 2.076383727391561074e+00 7.644397589111328273e+00 7.644397589111328273e+00
3.500000000000000000e+01 2.010800350507100376e+00 7.965939028930663746e+00 7.965939028930663746e+00
3.600000000000000000e+01 1.927758164405822816e+00 7.828756121826171643e+00 7.828756121826171643e+00
3.700000000000000000e+01 1.885945143699645943e+00 7.824468829345702758e+00 7.824468829345702758e+00
3.800000000000000000e+01 1.841635902722676521e+00 7.725268965148925915e+00 7.725268965148925915e+00
3.900000000000000000e+01 1.761189920107523621e+00 7.742269672393798707e+00 7.742269672393798707e+00
4.000000000000000000e+01 1.701857089996337891e+00 7.995224555969238089e+00 7.995224555969238089e+00
4.100000000000000000e+01 1.667069918314615817e+00 8.074170404052734895e+00 8.074170404052734895e+00
4.200000000000000000e+01 1.627123138109842992e+00 7.942920503234863538e+00 7.942920503234863538e+00
4.300000000000000000e+01 1.583423247337341300e+00 7.841865365600585669e+00 7.841865365600585669e+00
4.400000000000000000e+01 1.499057312011718768e+00 8.169330966949463146e+00 8.169330966949463146e+00
4.500000000000000000e+01 1.475086936950683603e+00 7.903840219116211152e+00 7.903840219116211152e+00
4.600000000000000000e+01 1.409669335683186864e+00 8.101113898468017993e+00 8.101113898468017993e+00
4.700000000000000000e+01 1.433363919258117569e+00 8.009390455627441341e+00 8.009390455627441341e+00
4.800000000000000000e+01 1.388719776471455836e+00 8.249888090515137051e+00 8.249888090515137051e+00
4.900000000000000000e+01 1.318007032076517815e+00 8.046698511505127271e+00 8.046698511505127271e+00
5.000000000000000000e+01 1.315477504730224512e+00 8.135994445037841416e+00 8.135994445037841416e+00
5.100000000000000000e+01 1.290915613969167097e+00 7.994121752929687297e+00 7.994121752929687297e+00
5.200000000000000000e+01 1.237823845545450885e+00 8.425821929931640142e+00 8.425821929931640142e+00
5.300000000000000000e+01 1.197647957801818874e+00 8.136527746582030929e+00 8.136527746582030929e+00
5.400000000000000000e+01 1.194483203887939382e+00 8.170495779418946114e+00 8.170495779418946114e+00
5.500000000000000000e+01 1.171255337397257401e+00 8.459128030395508091e+00 8.459128030395508091e+00
5.600000000000000000e+01 1.119340041478474879e+00 8.064845297241211242e+00 8.064845297241211242e+00
5.700000000000000000e+01 1.124413058757782080e+00 8.168583084106446179e+00 8.168583084106446179e+00
5.800000000000000000e+01 1.107677818934122760e+00 8.037442864990234526e+00 8.037442864990234526e+00
5.900000000000000000e+01 1.042248377799987802e+00 8.356397470092773005e+00 8.356397470092773005e+00
6.000000000000000000e+01 1.037072425683339461e+00 8.173267100524903128e+00 8.173267100524903128e+00
6.100000000000000000e+01 1.011836091677347893e+00 8.191130608367920729e+00 8.191130608367920729e+00
6.200000000000000000e+01 1.013168625831603942e+00 8.161808253479003739e+00 8.161808253479003739e+00
6.300000000000000000e+01 9.667948691050211041e-01 8.053796484375000730e+00 8.053796484375000730e+00
6.400000000000000000e+01 9.598092039426168176e-01 8.298937268066406858e+00 8.298937268066406858e+00
6.500000000000000000e+01 9.426321466763813994e-01 8.229093223571776861e+00 8.229093223571776861e+00
6.600000000000000000e+01 8.833792273203532330e-01 8.500864526367188034e+00 8.500864526367188034e+00
6.700000000000000000e+01 9.158698272705078081e-01 7.942569898986816312e+00 7.942569898986816312e+00
6.800000000000000000e+01 9.233278306325276574e-01 8.364362896728515295e+00 8.364362896728515295e+00
6.900000000000000000e+01 8.715515677134195727e-01 8.140060842895508131e+00 8.140060842895508131e+00
7.000000000000000000e+01 8.628595360120137059e-01 8.090220925903320648e+00 8.090220925903320648e+00
7.100000000000000000e+01 8.615738805135091383e-01 8.013358027648925130e+00 8.013358027648925130e+00
7.200000000000000000e+01 8.489113974571228516e-01 8.274787577819823881e+00 8.274787577819823881e+00
7.300000000000000000e+01 8.503971680005391054e-01 8.400851562499999758e+00 8.400851562499999758e+00
7.400000000000000000e+01 8.080931790669758641e-01 8.501457386779785352e+00 8.501457386779785352e+00
7.500000000000000000e+01 7.955296881993612068e-01 8.258464999389648398e+00 8.258464999389648398e+00
7.600000000000000000e+01 7.795745229721069425e-01 8.081421090698242438e+00 8.081421090698242438e+00
7.700000000000000000e+01 7.754071760177612127e-01 8.456311940002441574e+00 8.456311940002441574e+00
7.800000000000000000e+01 7.699946753184000459e-01 8.231571484374999415e+00 8.231571484374999415e+00
7.900000000000000000e+01 7.512660066286722671e-01 8.116815560913085648e+00 8.116815560913085648e+00
8.000000000000000000e+01 7.326529272397359627e-01 8.115288873291016003e+00 8.115288873291016003e+00
8.100000000000000000e+01 7.394890785217285156e-01 8.279070323181151991e+00 8.279070323181151991e+00
8.200000000000000000e+01 7.312692666053771662e-01 7.945692167663573890e+00 7.945692167663573890e+00
8.300000000000000000e+01 7.090751727422078821e-01 7.920695719909668142e+00 7.920695719909668142e+00
8.400000000000000000e+01 7.058236650625864250e-01 8.185688789367675966e+00 8.185688789367675966e+00
8.500000000000000000e+01 6.959353367487589592e-01 8.004021798706054014e+00 8.004021798706054014e+00
8.600000000000000000e+01 6.809014908472696970e-01 8.110475320434570534e+00 8.110475320434570534e+00
8.700000000000000000e+01 6.599231183528899702e-01 8.072202946472167184e+00 8.072202946472167184e+00
8.800000000000000000e+01 6.742748498916626421e-01 8.475486523437499642e+00 8.475486523437499642e+00
8.900000000000000000e+01 6.604973753293355010e-01 7.997574801635741970e+00 7.997574801635741970e+00
9.000000000000000000e+01 6.468410054842631540e-01 7.791520494079589909e+00 7.791520494079589909e+00
9.100000000000000000e+01 6.443305623531341286e-01 8.136398843383789270e+00 8.136398843383789270e+00
9.200000000000000000e+01 6.389327704906463401e-01 8.126176043701171636e+00 8.126176043701171636e+00
9.300000000000000000e+01 6.284025947252909194e-01 7.978888740539550994e+00 7.978888740539550994e+00
9.400000000000000000e+01 6.140590059757232710e-01 8.211141296386719191e+00 8.211141296386719191e+00
9.500000000000000000e+01 6.131212615966796786e-01 8.199873327636717946e+00 8.199873327636717946e+00
9.600000000000000000e+01 6.004953618844349750e-01 8.198904516601562165e+00 8.198904516601562165e+00
9.700000000000000000e+01 5.988976287841797363e-01 8.144799253845214082e+00 8.144799253845214082e+00
9.800000000000000000e+01 6.140854032834370813e-01 7.931181608581542974e+00 7.931181608581542974e+00
9.900000000000000000e+01 6.199920630455016957e-01 8.069689257812500571e+00 8.069689257812500571e+00
1.000000000000000000e+02 6.064190097649891920e-01 8.115336553955078358e+00 8.115336553955078358e+00
1.010000000000000000e+02 5.774673116207122980e-01 7.990416397094726619e+00 7.990416397094726619e+00
1.020000000000000000e+02 5.503508007526397572e-01 7.994265258789062578e+00 7.994265258789062578e+00
1.030000000000000000e+02 5.533774292469024747e-01 7.692702851867675662e+00 7.692702851867675662e+00
1.040000000000000000e+02 5.715302427609761926e-01 8.122267199707030372e+00 8.122267199707030372e+00
1.050000000000000000e+02 5.572074802716573405e-01 7.785968074035644726e+00 7.785968074035644726e+00
1.060000000000000000e+02 5.479296481609344793e-01 7.795541540527343827e+00 7.795541540527343827e+00
1.070000000000000000e+02 5.568942403793335494e-01 7.796505053710937716e+00 7.796505053710937716e+00
1.080000000000000000e+02 5.494617223739624023e-01 7.864438171386718857e+00 7.864438171386718857e+00
1.090000000000000000e+02 5.497915112972259211e-01 7.803503787231445443e+00 7.803503787231445443e+00
1.100000000000000000e+02 5.534873135884602613e-01 7.817062693786620997e+00 7.817062693786620997e+00
1.110000000000000000e+02 5.512129235267638760e-01 7.777624206542968821e+00 7.777624206542968821e+00
1.120000000000000000e+02 5.326906112829844497e-01 7.726972610473632486e+00 7.726972610473632486e+00
1.130000000000000000e+02 5.164570379257201749e-01 7.659050869750976709e+00 7.659050869750976709e+00
1.140000000000000000e+02 5.231971351305643170e-01 7.828272795104980197e+00 7.828272795104980197e+00
1.150000000000000000e+02 5.017784651120503758e-01 7.994478170776367243e+00 7.994478170776367243e+00
1.160000000000000000e+02 5.123438167572021973e-01 7.632272737121581940e+00 7.632272737121581940e+00
1.170000000000000000e+02 5.146799353758494400e-01 8.088627476501464741e+00 8.088627476501464741e+00
1.180000000000000000e+02 5.166299788157144857e-01 7.815958197021484644e+00 7.815958197021484644e+00
1.190000000000000000e+02 4.909376474221547326e-01 7.699119970703124594e+00 7.699119970703124594e+00
1.200000000000000000e+02 4.893443600336710442e-01 7.611693600463866893e+00 7.611693600463866893e+00
1.210000000000000000e+02 5.090002727508544655e-01 7.933042579650878778e+00 7.933042579650878778e+00
1.220000000000000000e+02 4.820709685484568241e-01 7.853248715209961262e+00 7.853248715209961262e+00
1.230000000000000000e+02 4.741111973921458000e-01 7.970950604248046467e+00 7.970950604248046467e+00
1.240000000000000000e+02 4.741741283734639545e-01 7.728415444946288737e+00 7.728415444946288737e+00
1.250000000000000000e+02 4.564998654524485278e-01 7.923019728088378955e+00 7.923019728088378955e+00
1.260000000000000000e+02 4.782496460278828909e-01 7.833320452880859541e+00 7.833320452880859541e+00
1.270000000000000000e+02 4.700159629185994281e-01 7.639494909667968514e+00 7.639494909667968514e+00
1.280000000000000000e+02 4.721732882658640773e-01 7.492105575561523345e+00 7.492105575561523345e+00
1.290000000000000000e+02 4.578555730978647875e-01 7.664448234558105533e+00 7.664448234558105533e+00
1.300000000000000000e+02 4.728582402070363178e-01 7.775722901916504171e+00 7.775722901916504171e+00
1.310000000000000000e+02 4.692715775966644354e-01 7.652242736816406321e+00 7.652242736816406321e+00
1.320000000000000000e+02 4.741912349065144916e-01 7.797354757690429850e+00 7.797354757690429850e+00
1.330000000000000000e+02 4.632572408517201534e-01 7.914649197387695345e+00 7.914649197387695345e+00
1.340000000000000000e+02 4.541184075673421194e-01 7.750243109130859231e+00 7.750243109130859231e+00
1.350000000000000000e+02 4.509727859497070224e-01 7.462808023071288765e+00 7.462808023071288765e+00
1.360000000000000000e+02 4.615734366575877101e-01 7.874027230834960811e+00 7.874027230834960811e+00
1.370000000000000000e+02 4.565957200527190896e-01 7.661292796325683163e+00 7.661292796325683163e+00
1.380000000000000000e+02 4.421972417831420699e-01 7.739058911132812746e+00 7.739058911132812746e+00
1.390000000000000000e+02 4.470450250307718698e-01 7.692982957458496251e+00 7.692982957458496251e+00
1.400000000000000000e+02 4.546965130170186331e-01 7.586027906799316156e+00 7.586027906799316156e+00
1.410000000000000000e+02 4.380698581536611180e-01 7.557927876281738122e+00 7.557927876281738122e+00
1.420000000000000000e+02 4.319709428151448649e-01 7.651650405883788864e+00 7.651650405883788864e+00
1.430000000000000000e+02 4.271279195944467921e-01 7.673660092163085977e+00 7.673660092163085977e+00
1.440000000000000000e+02 4.205600837866464992e-01 7.517319268798828169e+00 7.517319268798828169e+00
1.450000000000000000e+02 4.153774074713388886e-01 7.515617309570312266e+00 7.515617309570312266e+00
1.460000000000000000e+02 4.104663455486297630e-01 7.939002613830566268e+00 7.939002613830566268e+00
1.470000000000000000e+02 4.129180407524108976e-01 7.636715985107422000e+00 7.636715985107422000e+00
1.480000000000000000e+02 4.254467741648356172e-01 7.506407011413574359e+00 7.506407011413574359e+00
1.490000000000000000e+02 4.109235111872355239e-01 7.792102876281738588e+00 7.792102876281738588e+00
1.500000000000000000e+02 4.101666323343912679e-01 7.460615696716308420e+00 7.460615696716308420e+00
1.510000000000000000e+02 4.098107632001241063e-01 7.820065460205078089e+00 7.820065460205078089e+00
1.520000000000000000e+02 4.100953658421834236e-01 7.671781597900390715e+00 7.671781597900390715e+00
1.530000000000000000e+02 4.033675277233123579e-01 7.679588159179687068e+00 7.679588159179687068e+00
1.540000000000000000e+02 4.078420794010162442e-01 7.624941795349121421e+00 7.624941795349121421e+00
1.550000000000000000e+02 4.021387052536010698e-01 7.576559628295898463e+00 7.576559628295898463e+00
1.560000000000000000e+02 4.054153013229370162e-01 7.248517288208008225e+00 7.248517288208008225e+00
1.570000000000000000e+02 4.355053035418192664e-01 7.644975909423828320e+00 7.644975909423828320e+00
1.580000000000000000e+02 4.074779502550761046e-01 7.621313847351074422e+00 7.621313847351074422e+00
1.590000000000000000e+02 3.894145385424296335e-01 7.494916383361815981e+00 7.494916383361815981e+00
1.600000000000000000e+02 4.073797162373860581e-01 7.611092434692382724e+00 7.611092434692382724e+00
1.610000000000000000e+02 3.851438140869140603e-01 7.475815188598632588e+00 7.475815188598632588e+00
1.620000000000000000e+02 3.777399881680806315e-01 7.581821850585937383e+00 7.581821850585937383e+00
1.630000000000000000e+02 3.912041111787160075e-01 7.387203788757323863e+00 7.387203788757323863e+00
1.640000000000000000e+02 3.902445085843403993e-01 7.548873962402343984e+00 7.548873962402343984e+00
1.650000000000000000e+02 3.934202754497528320e-01 7.466534742736816277e+00 7.466534742736816277e+00
1.660000000000000000e+02 3.831703627109527832e-01 7.658957559204101706e+00 7.658957559204101706e+00
1.670000000000000000e+02 3.975148957967757912e-01 7.136657514953613557e+00 7.136657514953613557e+00
1.680000000000000000e+02 3.886373786131541164e-01 7.443947720336914209e+00 7.443947720336914209e+00
1.690000000000000000e+02 3.764943885803222479e-01 7.924294856262206643e+00 7.924294856262206643e+00
1.700000000000000000e+02 3.765427509943644058e-01 7.554117681884765290e+00 7.554117681884765290e+00
1.710000000000000000e+02 3.892225495974223071e-01 7.588536923217773733e+00 7.588536923217773733e+00
1.720000000000000000e+02 3.641740421454111587e-01 7.333138787841797068e+00 7.333138787841797068e+00
1.730000000000000000e+02 3.756535132726033788e-01 7.626597003173827716e+00 7.626597003173827716e+00
1.740000000000000000e+02 3.675500802199045958e-01 7.414167242431640936e+00 7.414167242431640936e+00
1.750000000000000000e+02 3.806609964370727406e-01 7.386308580017090009e+00 7.386308580017090009e+00
1.760000000000000000e+02 3.749751641352971343e-01 7.484949897766113303e+00 7.484949897766113303e+00
1.770000000000000000e+02 3.705242403348286695e-01 7.633881332397461250e+00 7.633881332397461250e+00
1.780000000000000000e+02 3.641741891702016121e-01 7.447837069702148760e+00 7.447837069702148760e+00
1.790000000000000000e+02 3.788620569308598918e-01 7.331541369628906679e+00 7.331541369628906679e+00
1.800000000000000000e+02 3.718776913483937685e-01 7.374887252807616811e+00 7.374887252807616811e+00
1.810000000000000000e+02 3.612425714731216653e-01 7.190365242004394197e+00 7.190365242004394197e+00
1.820000000000000000e+02 3.676736243565877360e-01 7.387441960144043307e+00 7.387441960144043307e+00
1.830000000000000000e+02 3.573129024108250840e-01 7.385801223754882905e+00 7.385801223754882905e+00
1.840000000000000000e+02 3.816576584180196297e-01 7.659893721008300460e+00 7.659893721008300460e+00
1.850000000000000000e+02 3.632171006997426121e-01 7.646195767211914074e+00 7.646195767211914074e+00
1.860000000000000000e+02 3.611943749586741248e-01 7.322490255737304388e+00 7.322490255737304388e+00
1.870000000000000000e+02 3.395690762996673717e-01 7.214141870117187771e+00 7.214141870117187771e+00
1.880000000000000000e+02 3.587025046348571999e-01 7.268823818969726958e+00 7.268823818969726958e+00
1.890000000000000000e+02 3.480488236745198360e-01 7.263952703857421866e+00 7.263952703857421866e+00
1.900000000000000000e+02 3.489602766434351522e-01 7.470207191467284957e+00 7.470207191467284957e+00
1.910000000000000000e+02 3.482477881511052420e-01 7.492658441162109106e+00 7.492658441162109106e+00
1.920000000000000000e+02 3.463166348139444795e-01 7.066812864685058315e+00 7.066812864685058315e+00
1.930000000000000000e+02 3.647328102588653365e-01 7.234853489685058925e+00 7.234853489685058925e+00
1.940000000000000000e+02 3.469237981239954860e-01 7.483137149047851544e+00 7.483137149047851544e+00
1.950000000000000000e+02 3.597250721851984467e-01 7.358592655944824479e+00 7.358592655944824479e+00
1.960000000000000000e+02 3.579517273108164255e-01 7.232390893554687672e+00 7.232390893554687672e+00
1.970000000000000000e+02 3.457520759105682240e-01 7.344486645507812383e+00 7.344486645507812383e+00
1.980000000000000000e+02 3.485648155212402455e-01 7.246457452392577991e+00 7.246457452392577991e+00
1.990000000000000000e+02 3.374455988407135121e-01 7.313068856811523410e+00 7.313068856811523410e+00
