# image 57 and 58 x,y,u,v
8.00000   8.00000   -0.53321   -0.98385
24.00000   8.00000   -0.21576   -0.97311
40.00000   8.00000   0.23716   -0.97863
56.00000   8.00000   0.12975   -0.81168
72.00000   8.00000   -0.08633   -1.03316
88.00000   8.00000   0.08310   -1.00448
8.00000   24.00000   -0.43552   -0.91673
24.00000   24.00000   -0.27556   -0.94917
40.00000   24.00000   0.13648   -1.02163
56.00000   24.00000   -0.30182   -0.98701
72.00000   24.00000   -0.17314   -1.08102
88.00000   24.00000   -0.24462   -0.83169
8.00000   40.00000   -0.51614   -1.12608
24.00000   40.00000   -0.29740   -1.18630
40.00000   40.00000   -0.28480   -1.06551
56.00000   40.00000   -0.06292   -0.97819
72.00000   40.00000   -0.39808   -0.97948
88.00000   40.00000   -0.27324   -0.99775
8.00000   56.00000   -0.29476   -1.03035
24.00000   56.00000   -0.16751   -1.01280
40.00000   56.00000   -0.07843   -1.04766
56.00000   56.00000   -0.16759   -1.10756
72.00000   56.00000   -0.23532   -0.99845
88.00000   56.00000   -0.05089   -0.85181
8.00000   72.00000   -0.38754   -0.96349
24.00000   72.00000   0.26207   -1.12164
40.00000   72.00000   0.01062   -1.00637
56.00000   72.00000   -0.00494   -1.00337
72.00000   72.00000   0.08448   -0.98831
88.00000   72.00000   -0.08117   -0.93730
8.00000   88.00000   -0.21870   -1.00752
24.00000   88.00000   0.02971   -1.12972
40.00000   88.00000   0.07299   -1.13962
56.00000   88.00000   -0.24009   -0.96208
72.00000   88.00000   -0.10606   -1.17952
88.00000   88.00000   0.29854   -0.91744
8.00000   104.00000   -0.26607   -1.04445
24.00000   104.00000   -0.32532   -1.02183
40.00000   104.00000   0.25932   -0.95768
56.00000   104.00000   -0.28131   -0.95069
72.00000   104.00000   -0.13966   -0.87490
88.00000   104.00000   -0.16163   -0.93590
8.00000   120.00000   -0.21710   -0.88873
24.00000   120.00000   -0.01659   -1.12248
40.00000   120.00000   -0.17042   -1.25076
56.00000   120.00000   -0.16393   -1.04487
72.00000   120.00000   -0.29456   -0.99161
88.00000   120.00000   -0.18136   -0.92364
8.00000   136.00000   0.01200   -1.15512
24.00000   136.00000   -0.24626   -1.11064
40.00000   136.00000   -0.21904   -0.93513
56.00000   136.00000   0.11146   -1.01117
72.00000   136.00000   -0.25980   -1.16165
88.00000   136.00000   -0.16270   -1.08099
8.00000   152.00000   0.10761   -0.96511
24.00000   152.00000   -0.31923   -1.04482
40.00000   152.00000   0.06802   -1.16446
56.00000   152.00000   -0.08083   -0.92335
72.00000   152.00000   -0.11750   -1.11658
88.00000   152.00000   -0.31743   -1.04532
8.00000   168.00000   -0.10042   -0.97984
24.00000   168.00000   -0.02413   -1.06565
40.00000   168.00000   0.01601   -1.01915
56.00000   168.00000   0.26686   -1.00935
72.00000   168.00000   0.14490   -1.16978
88.00000   168.00000   -0.03303   -0.99476
8.00000   184.00000   0.10404   -0.94917
24.00000   184.00000   -0.07012   -0.87929
40.00000   184.00000   0.17061   -1.13217
56.00000   184.00000   0.02695   -1.23647
72.00000   184.00000   -0.01886   -0.88388
88.00000   184.00000   0.06400   -1.03068
8.00000   200.00000   -0.17507   -1.02660
24.00000   200.00000   -0.22168   -0.89261
40.00000   200.00000   -0.16387   -0.92242
56.00000   200.00000   -0.02691   -1.09198
72.00000   200.00000   -0.03061   -0.98311
88.00000   200.00000   -0.10445   -0.99748
8.00000   216.00000   -0.27502   -1.08387
24.00000   216.00000   -0.12172   -0.98316
40.00000   216.00000   0.19362   -0.94133
56.00000   216.00000   0.28392   -0.83832
72.00000   216.00000   -0.00528   -0.92969
88.00000   216.00000   0.01537   -1.01411
8.00000   232.00000   -0.06990   -1.05501
24.00000   232.00000   -0.13650   -0.82335
40.00000   232.00000   -0.20340   -0.95169
56.00000   232.00000   -0.11323   -0.96152
72.00000   232.00000   0.02622   -0.96038
88.00000   232.00000   0.04233   -0.99559
8.00000   248.00000   -0.32122   -0.90451
24.00000   248.00000   -0.02478   -1.03666
40.00000   248.00000   0.37860   -1.01771
56.00000   248.00000   0.09868   -0.92071
72.00000   248.00000   -0.53211   -1.03161
88.00000   248.00000   -0.28521   -0.87339
8.00000   264.00000   -0.03458   -1.15318
24.00000   264.00000   -0.30941   -1.10137
40.00000   264.00000   -0.08816   -0.97531
56.00000   264.00000   0.07922   -1.02306
72.00000   264.00000   -0.27630   -1.04249
88.00000   264.00000   -0.25620   -0.87461
8.00000   280.00000   0.13177   -1.11866
24.00000   280.00000   -0.10100   -1.12851
40.00000   280.00000   0.24108   -1.08933
56.00000   280.00000   0.08444   -1.12375
72.00000   280.00000   -0.25953   -0.90398
88.00000   280.00000   0.00756   -0.97897
8.00000   296.00000   -0.20683   -0.92052
24.00000   296.00000   0.00408   -0.87685
40.00000   296.00000   0.01646   -0.84668
56.00000   296.00000   -0.06443   -1.06733
72.00000   296.00000   -0.17011   -0.90066
88.00000   296.00000   -0.00961   -1.00988
8.00000   312.00000   -0.22621   -1.01406
24.00000   312.00000   0.30100   -1.09184
40.00000   312.00000   -0.00121   -0.99576
56.00000   312.00000   -0.19947   -1.01034
72.00000   312.00000   0.00313   -0.81083
88.00000   312.00000   0.13875   -0.93791
8.00000   328.00000   -0.20782   -1.00789
24.00000   328.00000   -0.41614   -0.72676
40.00000   328.00000   -0.70062   -0.97673
56.00000   328.00000   -0.65450   -1.03104
72.00000   328.00000   -0.25805   -0.98184
88.00000   328.00000   0.11370   -0.79561
8.00000   344.00000   0.04960   -0.89364
24.00000   344.00000   -0.12294   -0.99438
40.00000   344.00000   -0.67857   -0.96683
56.00000   344.00000   -0.23160   -0.91367
72.00000   344.00000   -0.27266   -1.08093
88.00000   344.00000   0.10130   -1.06163
8.00000   360.00000   -0.24507   -0.94686
24.00000   360.00000   -0.29338   -0.75873
40.00000   360.00000   -0.57905   -0.86164
56.00000   360.00000   -0.55475   -0.68713
72.00000   360.00000   -0.07889   -0.91521
88.00000   360.00000   -0.00514   -0.79470
8.00000   376.00000   0.18075   -1.06893
24.00000   376.00000   -0.65380   -0.97293
40.00000   376.00000   -0.77209   -0.94373
56.00000   376.00000   -0.40166   -0.78621
72.00000   376.00000   -0.17907   -0.95710
88.00000   376.00000   -0.11847   -0.93096
8.00000   392.00000   -0.14977   -1.01115
24.00000   392.00000   -0.51911   -0.90976
40.00000   392.00000   -0.84830   -0.87543
56.00000   392.00000   -0.18780   -1.14419
72.00000   392.00000   -0.08612   -1.02821
88.00000   392.00000   0.07184   -1.01681
8.00000   408.00000   -0.22418   -0.95022
24.00000   408.00000   -0.33172   -0.90889
40.00000   408.00000   -0.70200   -0.95215
56.00000   408.00000   -0.56919   -0.92341
72.00000   408.00000   -0.19520   -0.91431
88.00000   408.00000   -0.01868   -0.98081
8.00000   424.00000   -0.35782   -1.07845
24.00000   424.00000   -0.51550   -1.06088
40.00000   424.00000   -0.89049   -1.01724
56.00000   424.00000   -0.67687   -1.28623
72.00000   424.00000   -0.12013   -1.12309
88.00000   424.00000   -0.09357   -1.13871
8.00000   440.00000   -0.48646   -0.95486
24.00000   440.00000   -0.73909   -1.06847
40.00000   440.00000   -0.58882   -1.11495
56.00000   440.00000   -0.07107   -1.25841
72.00000   440.00000   0.00666   -1.08611
88.00000   440.00000   0.01063   -1.14098
8.00000   456.00000   -0.75080   -1.10099
24.00000   456.00000   -0.08125   -1.08902
40.00000   456.00000   -0.54368   -1.04848
56.00000   456.00000   -0.31697   -1.16941
72.00000   456.00000   -0.15874   -1.06663
88.00000   456.00000   -0.11651   -1.11257
8.00000   472.00000   -0.56743   -1.11673
24.00000   472.00000   -0.66685   -1.01213
40.00000   472.00000   -0.28534   -1.00142
56.00000   472.00000   -0.45169   -1.26475
72.00000   472.00000   -0.55463   -1.12842
88.00000   472.00000   -0.20635   -1.02993
8.00000   488.00000   -0.21728   -1.17801
24.00000   488.00000   -0.65178   -1.22699
40.00000   488.00000   -0.51879   -1.23860
56.00000   488.00000   -0.55388   -0.95002
72.00000   488.00000   -0.53417   -1.16519
88.00000   488.00000   -0.17708   -1.16784
8.00000   504.00000   -0.57846   -1.05912
24.00000   504.00000   -0.60674   -0.99980
40.00000   504.00000   -0.63824   -1.13383
56.00000   504.00000   -0.19042   -1.20182
72.00000   504.00000   -0.40985   -1.01660
88.00000   504.00000   -0.07715   -1.07052
8.00000   520.00000   -0.67028   -1.04928
24.00000   520.00000   -0.35642   -1.04603
40.00000   520.00000   -0.05056   -1.09232
56.00000   520.00000   -0.64736   -1.22536
72.00000   520.00000   -0.37632   -1.05794
88.00000   520.00000   -0.09480   -1.13156
8.00000   536.00000   -0.55871   -0.79149
24.00000   536.00000   -0.27693   -1.10152
40.00000   536.00000   -0.13254   -1.32086
56.00000   536.00000   -0.38488   -1.31949
72.00000   536.00000   -0.27352   -1.19440
88.00000   536.00000   -0.19132   -1.32922
