# image 5 and 6 x,y,u,v
8.00000   8.00000   -0.71663   -1.04251
24.00000   8.00000   -0.24908   -0.95368
40.00000   8.00000   -0.02115   -1.07482
56.00000   8.00000   0.06782   -1.03450
72.00000   8.00000   -0.08461   -1.04630
88.00000   8.00000   -0.20932   -0.92080
8.00000   24.00000   -0.27968   -1.07480
24.00000   24.00000   -0.13444   -1.03831
40.00000   24.00000   0.05816   -1.19507
56.00000   24.00000   -0.03590   -0.91522
72.00000   24.00000   -0.25884   -1.06731
88.00000   24.00000   -0.05926   -0.84618
8.00000   40.00000   -0.50782   -1.01622
24.00000   40.00000   -0.26561   -1.10033
40.00000   40.00000   -0.17911   -0.95344
56.00000   40.00000   -0.27617   -1.00306
72.00000   40.00000   0.03276   -0.98531
88.00000   40.00000   -0.20910   -1.00856
8.00000   56.00000   -0.60318   -1.03437
24.00000   56.00000   -0.18341   -1.02055
40.00000   56.00000   -0.01113   -1.05975
56.00000   56.00000   -0.04011   -0.80559
72.00000   56.00000   -0.15637   -1.00860
88.00000   56.00000   -0.10111   -1.02427
8.00000   72.00000   -0.11550   -1.01725
24.00000   72.00000   0.04420   -1.14298
40.00000   72.00000   0.10324   -0.91315
56.00000   72.00000   -0.05234   -0.90942
72.00000   72.00000   -0.02953   -1.12618
88.00000   72.00000   -0.25330   -1.05952
8.00000   88.00000   -0.40702   -0.84419
24.00000   88.00000   0.05210   -0.92403
40.00000   88.00000   -0.04678   -1.02037
56.00000   88.00000   0.07894   -0.98792
72.00000   88.00000   -0.10917   -1.00568
88.00000   88.00000   -0.13292   -1.11182
8.00000   104.00000   -0.49216   -0.99704
24.00000   104.00000   -0.02694   -0.99513
40.00000   104.00000   -0.06905   -0.90589
56.00000   104.00000   -0.01134   -0.83829
72.00000   104.00000   -0.07160   -0.88202
88.00000   104.00000   0.13545   -0.92654
8.00000   120.00000   -0.45179   -1.00654
24.00000   120.00000   -0.28585   -1.08187
40.00000   120.00000   -0.07883   -1.11163
56.00000   120.00000   -0.11533   -1.20683
72.00000   120.00000   -0.20215   -0.85190
88.00000   120.00000   0.08498   -1.03029
8.00000   136.00000   0.02998   -1.00381
24.00000   136.00000   0.09305   -1.12818
40.00000   136.00000   -0.30928   -1.16419
56.00000   136.00000   -0.13972   -1.04073
72.00000   136.00000   -0.27883   -0.82330
88.00000   136.00000   -0.12876   -1.04999
8.00000   152.00000   -0.03272   -1.08993
24.00000   152.00000   -0.10814   -1.00977
40.00000   152.00000   -0.48904   -0.97219
56.00000   152.00000   -0.14701   -0.95779
72.00000   152.00000   -0.05946   -1.04870
88.00000   152.00000   0.02888   -1.12331
8.00000   168.00000   0.02318   -1.00732
24.00000   168.00000   -0.17063   -0.88682
40.00000   168.00000   -0.19867   -1.05517
56.00000   168.00000   -0.17119   -1.12440
72.00000   168.00000   -0.01353   -1.18554
88.00000   168.00000   -0.04739   -1.22820
8.00000   184.00000   -0.05423   -1.00045
24.00000   184.00000   -0.13423   -1.09580
40.00000   184.00000   -0.01947   -1.11849
56.00000   184.00000   -0.03952   -1.04538
72.00000   184.00000   0.03395   -1.00169
88.00000   184.00000   -0.33647   -1.08083
8.00000   200.00000   -0.34811   -1.09374
24.00000   200.00000   -0.08729   -1.02823
40.00000   200.00000   -0.05874   -0.96205
56.00000   200.00000   0.08776   -1.08733
72.00000   200.00000   -0.10005   -0.95577
88.00000   200.00000   -0.18571   -0.99418
8.00000   216.00000   -0.24163   -1.05718
24.00000   216.00000   0.07801   -0.97316
40.00000   216.00000   -0.21589   -0.97316
56.00000   216.00000   0.09454   -0.81979
72.00000   216.00000   -0.18829   -0.96082
88.00000   216.00000   -0.14058   -1.07079
8.00000   232.00000   -0.04373   -1.01466
24.00000   232.00000   0.07801   -0.89395
40.00000   232.00000   -0.15053   -1.15314
56.00000   232.00000   0.17936   -0.75425
72.00000   232.00000   -0.09640   -1.07814
88.00000   232.00000   -0.17372   -1.06916
8.00000   248.00000   -0.09721   -0.78732
24.00000   248.00000   0.30044   -0.91003
40.00000   248.00000   -0.11048   -0.91214
56.00000   248.00000   -0.14029   -0.81584
72.00000   248.00000   0.04883   -0.92361
88.00000   248.00000   -0.31823   -0.96152
8.00000   264.00000   -0.03781   -1.08987
24.00000   264.00000   -0.26490   -0.89868
40.00000   264.00000   -0.06305   -0.98529
56.00000   264.00000   0.16615   -0.96483
72.00000   264.00000   -0.38323   -1.04410
88.00000   264.00000   -0.37000   -0.89063
8.00000   280.00000   -0.38862   -1.25446
24.00000   280.00000   0.11540   -1.03362
40.00000   280.00000   0.00550   -0.93549
56.00000   280.00000   0.07278   -0.93455
72.00000   280.00000   -0.07431   -0.80084
88.00000   280.00000   -0.32866   -0.88859
8.00000   296.00000   0.06955   -1.06141
24.00000   296.00000   -0.08607   -1.05528
40.00000   296.00000   -0.03750   -0.92646
56.00000   296.00000   -0.19906   -0.75573
72.00000   296.00000   -0.18840   -1.01182
88.00000   296.00000   -0.19859   -0.88858
8.00000   312.00000   -0.20662   -1.08227
24.00000   312.00000   0.05847   -1.11800
40.00000   312.00000   0.07528   -0.88840
56.00000   312.00000   -0.29439   -0.96331
72.00000   312.00000   -0.22624   -0.79332
88.00000   312.00000   0.04736   -0.94003
8.00000   328.00000   -0.10351   -1.10352
24.00000   328.00000   -0.31234   -0.93981
40.00000   328.00000   -0.63692   -0.99395
56.00000   328.00000   -0.56576   -0.91940
72.00000   328.00000   -0.16665   -1.00364
88.00000   328.00000   0.06514   -0.88823
8.00000   344.00000   -0.04498   -1.00704
24.00000   344.00000   -0.29803   -0.91477
40.00000   344.00000   -0.61894   -0.94963
56.00000   344.00000   -0.30656   -0.96679
72.00000   344.00000   -0.18001   -0.95459
88.00000   344.00000   0.12758   -0.76723
8.00000   360.00000   -0.22325   -0.99233
24.00000   360.00000   0.21791   -0.99822
40.00000   360.00000   -0.63437   -0.90023
56.00000   360.00000   -0.38404   -0.93941
72.00000   360.00000   -0.16742   -0.77048
88.00000   360.00000   -0.07702   -0.99918
8.00000   376.00000   -0.00422   -1.04284
24.00000   376.00000   -0.58117   -0.95810
40.00000   376.00000   -0.54746   -0.96855
56.00000   376.00000   -0.46197   -0.89283
72.00000   376.00000   -0.14432   -0.69212
88.00000   376.00000   0.13506   -0.86485
8.00000   392.00000   -0.31262   -0.88589
24.00000   392.00000   -0.02327   -0.99066
40.00000   392.00000   -0.66690   -1.16114
56.00000   392.00000   -0.64681   -1.03298
72.00000   392.00000   0.02828   -0.96631
88.00000   392.00000   0.07383   -0.93602
8.00000   408.00000   -0.33206   -0.99832
24.00000   408.00000   -0.57571   -0.98722
40.00000   408.00000   -0.66974   -1.17660
56.00000   408.00000   -0.34135   -1.05145
72.00000   408.00000   -0.36270   -1.17017
88.00000   408.00000   -0.20938   -1.15509
8.00000   424.00000   -0.13464   -0.84874
24.00000   424.00000   -0.70068   -0.99488
40.00000   424.00000   -0.56812   -1.00733
56.00000   424.00000   -0.21690   -1.04342
72.00000   424.00000   -0.11613   -1.05529
88.00000   424.00000   -0.09001   -1.05534
8.00000   440.00000   -0.32264   -0.93159
24.00000   440.00000   -0.40376   -1.02432
40.00000   440.00000   -0.39395   -1.07902
56.00000   440.00000   -0.15493   -0.90330
72.00000   440.00000   -0.19378   -1.10281
88.00000   440.00000   0.09740   -0.99947
8.00000   456.00000   -0.74187   -1.09401
24.00000   456.00000   -0.30952   -1.14844
40.00000   456.00000   -0.51885   -1.11752
56.00000   456.00000   -0.20454   -1.03403
72.00000   456.00000   -0.32867   -1.06201
88.00000   456.00000   -0.22485   -1.06456
8.00000   472.00000   -0.43323   -1.04434
24.00000   472.00000   -0.53506   -1.05950
40.00000   472.00000   -0.74162   -0.98094
56.00000   472.00000   -0.40308   -1.10292
72.00000   472.00000   -0.59808   -0.93894
88.00000   472.00000   0.21010   -1.06177
8.00000   488.00000   -0.42391   -0.94490
24.00000   488.00000   -0.08827   -1.04756
40.00000   488.00000   -0.05716   -1.23514
56.00000   488.00000   -0.26896   -1.12417
72.00000   488.00000   -0.22547   -1.02494
88.00000   488.00000   -0.08546   -1.01220
8.00000   504.00000   -0.51801   -1.00878
24.00000   504.00000   -0.51211   -0.97639
40.00000   504.00000   -0.60841   -1.22685
56.00000   504.00000   -0.36625   -1.12018
72.00000   504.00000   -0.18789   -1.26589
88.00000   504.00000   -0.11124   -1.02452
8.00000   520.00000   -0.77171   -1.11967
24.00000   520.00000   -0.00213   -1.13851
40.00000   520.00000   -0.34190   -1.34918
56.00000   520.00000   -0.62619   -1.34918
72.00000   520.00000   -0.35660   -1.24087
88.00000   520.00000   -0.27829   -1.14348
8.00000   536.00000   -0.86767   -0.96839
24.00000   536.00000   -0.45248   -1.23037
40.00000   536.00000   -0.62028   -1.12311
56.00000   536.00000   -0.30651   -1.23836
72.00000   536.00000   -0.37259   -1.26604
88.00000   536.00000   -0.44962   -1.10775
