# image 21 and 22 x,y,u,v
8.00000   8.00000   -0.54702   -1.16076
24.00000   8.00000   -0.19423   -1.11065
40.00000   8.00000   -0.35308   -1.07143
56.00000   8.00000   0.04764   -1.22658
72.00000   8.00000   0.05493   -0.96441
88.00000   8.00000   0.15270   -0.93033
8.00000   24.00000   -0.52028   -0.96960
24.00000   24.00000   -0.41183   -0.96891
40.00000   24.00000   0.20854   -1.02149
56.00000   24.00000   -0.11626   -0.98721
72.00000   24.00000   -0.06086   -0.99707
88.00000   24.00000   -0.06810   -0.91883
8.00000   40.00000   -0.64818   -1.14364
24.00000   40.00000   -0.28706   -1.07625
40.00000   40.00000   -0.10969   -1.02191
56.00000   40.00000   -0.11062   -1.01987
72.00000   40.00000   -0.28247   -0.93228
88.00000   40.00000   -0.51533   -0.96532
8.00000   56.00000   -0.37140   -1.09900
24.00000   56.00000   -0.17118   -1.13324
40.00000   56.00000   -0.04974   -1.08918
56.00000   56.00000   -0.23471   -0.98949
72.00000   56.00000   -0.27563   -1.00031
88.00000   56.00000   -0.20658   -1.17038
8.00000   72.00000   -0.02205   -0.97894
24.00000   72.00000   -0.04884   -1.06356
40.00000   72.00000   0.09360   -0.88648
56.00000   72.00000   -0.12173   -0.90445
72.00000   72.00000   -0.01711   -0.94094
88.00000   72.00000   -0.01780   -1.10545
8.00000   88.00000   -0.60867   -1.06442
24.00000   88.00000   -0.13233   -0.92698
40.00000   88.00000   -0.24795   -0.97029
56.00000   88.00000   0.01560   -0.91151
72.00000   88.00000   -0.01406   -1.12899
88.00000   88.00000   -0.20645   -0.92921
8.00000   104.00000   -0.31610   -1.02368
24.00000   104.00000   -0.03020   -0.93298
40.00000   104.00000   -0.18056   -0.96325
56.00000   104.00000   -0.14400   -0.81793
72.00000   104.00000   -0.22191   -0.85310
88.00000   104.00000   -0.01808   -0.92462
8.00000   120.00000   -0.21622   -0.99121
24.00000   120.00000   -0.18699   -0.95938
40.00000   120.00000   0.09801   -1.26608
56.00000   120.00000   -0.04643   -1.01480
72.00000   120.00000   -0.26853   -0.96988
88.00000   120.00000   -0.03359   -0.94776
8.00000   136.00000   -0.24345   -1.04469
24.00000   136.00000   0.20352   -1.30312
40.00000   136.00000   -0.30800   -1.14621
56.00000   136.00000   -0.24527   -1.10024
72.00000   136.00000   -0.14253   -0.92522
88.00000   136.00000   0.05560   -1.11068
8.00000   152.00000   -0.12731   -1.09281
24.00000   152.00000   -0.14006   -0.82722
40.00000   152.00000   -0.38835   -0.91708
56.00000   152.00000   -0.13098   -1.01293
72.00000   152.00000   -0.17657   -1.12525
88.00000   152.00000   0.03309   -1.22236
8.00000   168.00000   -0.16097   -0.94411
24.00000   168.00000   -0.25832   -1.02783
40.00000   168.00000   -0.13713   -1.15764
56.00000   168.00000   -0.16259   -1.03373
72.00000   168.00000   -0.06371   -0.98540
88.00000   168.00000   -0.26565   -1.09209
8.00000   184.00000   -0.04379   -0.98928
24.00000   184.00000   0.02235   -0.95223
40.00000   184.00000   -0.25294   -1.18636
56.00000   184.00000   -0.18829   -0.99071
72.00000   184.00000   0.07011   -1.00273
88.00000   184.00000   -0.10862   -1.08624
8.00000   200.00000   -0.13070   -0.93163
24.00000   200.00000   0.02235   -0.98481
40.00000   200.00000   0.17511   -0.94671
56.00000   200.00000   0.10611   -0.88821
72.00000   200.00000   -0.18118   -1.07467
88.00000   200.00000   -0.27183   -1.08728
8.00000   216.00000   -0.22402   -1.03671
24.00000   216.00000   -0.17559   -1.05537
40.00000   216.00000   -0.18488   -1.06349
56.00000   216.00000   0.02331   -0.99441
72.00000   216.00000   0.05594   -0.83076
88.00000   216.00000   -0.15624   -1.10863
8.00000   232.00000   -0.00313   -0.96738
24.00000   232.00000   -0.33596   -1.00743
40.00000   232.00000   -0.30489   -0.87401
56.00000   232.00000   0.01657   -0.94629
72.00000   232.00000   0.00634   -1.04531
88.00000   232.00000   -0.31164   -0.96956
8.00000   248.00000   -0.15181   -0.98487
24.00000   248.00000   0.15306   -0.89997
40.00000   248.00000   -0.03586   -0.96352
56.00000   248.00000   -0.07932   -1.08557
72.00000   248.00000   -0.11952   -1.03010
88.00000   248.00000   -0.13616   -0.95631
8.00000   264.00000   0.05923   -1.14835
24.00000   264.00000   -0.30920   -1.12244
40.00000   264.00000   0.34881   -0.96736
56.00000   264.00000   0.04305   -1.02205
72.00000   264.00000   -0.37416   -0.95635
88.00000   264.00000   -0.56646   -0.91017
8.00000   280.00000   -0.11309   -1.02561
24.00000   280.00000   0.07894   -1.03285
40.00000   280.00000   -0.23617   -0.99185
56.00000   280.00000   0.08701   -0.77199
72.00000   280.00000   -0.16726   -0.82290
88.00000   280.00000   -0.21716   -0.84078
8.00000   296.00000   -0.44429   -1.02666
24.00000   296.00000   -0.07831   -0.93150
40.00000   296.00000   -0.15295   -1.06698
56.00000   296.00000   0.04610   -0.88355
72.00000   296.00000   -0.27376   -1.00260
88.00000   296.00000   -0.11287   -0.97231
8.00000   312.00000   -0.12539   -0.94595
24.00000   312.00000   -0.30981   -1.00555
40.00000   312.00000   -0.04712   -1.06426
56.00000   312.00000   -0.18145   -1.15488
72.00000   312.00000   -0.15351   -0.92491
88.00000   312.00000   0.02834   -0.97250
8.00000   328.00000   -0.04614   -0.93755
24.00000   328.00000   -0.11997   -1.00824
40.00000   328.00000   -0.64891   -1.07036
56.00000   328.00000   -0.56139   -1.02360
72.00000   328.00000   -0.20329   -1.00921
88.00000   328.00000   -0.01403   -0.84529
8.00000   344.00000   0.11438   -1.01162
24.00000   344.00000   -0.05694   -1.05892
40.00000   344.00000   -0.68252   -0.93823
56.00000   344.00000   -0.48554   -0.78116
72.00000   344.00000   -0.12964   -0.87862
88.00000   344.00000   -0.16871   -0.83455
8.00000   360.00000   0.02650   -1.02246
24.00000   360.00000   -0.50590   -1.00838
40.00000   360.00000   -0.58407   -0.97127
56.00000   360.00000   -0.21726   -0.97495
72.00000   360.00000   0.00599   -0.93357
88.00000   360.00000   0.03174   -0.94449
8.00000   376.00000   -0.16487   -1.09057
24.00000   376.00000   -0.31069   -0.93814
40.00000   376.00000   -0.52772   -1.18463
56.00000   376.00000   -0.85114   -0.81135
72.00000   376.00000   -0.32902   -0.85829
88.00000   376.00000   -0.15874   -0.96605
8.00000   392.00000   -0.26426   -1.05424
24.00000   392.00000   -0.70462   -1.02777
40.00000   392.00000   -0.71825   -0.99484
56.00000   392.00000   -0.70050   -1.01340
72.00000   392.00000   -0.12594   -0.92961
88.00000   392.00000   -0.04730   -1.10968
8.00000   408.00000   -0.07769   -1.01704
24.00000   408.00000   -0.27931   -0.98892
40.00000   408.00000   -0.72259   -1.10391
56.00000   408.00000   -0.48180   -0.97206
72.00000   408.00000   -0.36946   -1.09123
88.00000   408.00000   -0.04414   -1.15462
8.00000   424.00000   -0.37082   -1.00673
24.00000   424.00000   -0.22868   -0.84001
40.00000   424.00000   -0.51103   -0.96373
56.00000   424.00000   -0.17401   -1.11802
72.00000   424.00000   -0.15439   -1.16333
88.00000   424.00000   -0.00816   -1.07474
8.00000   440.00000   -0.27223   -0.89536
24.00000   440.00000   -0.81847   -0.92905
40.00000   440.00000   -0.27563   -1.04837
56.00000   440.00000   -0.42472   -1.09445
72.00000   440.00000   -0.21615   -0.96989
88.00000   440.00000   -0.07868   -1.17347
8.00000   456.00000   -0.67122   -0.94484
24.00000   456.00000   -0.10394   -1.23361
40.00000   456.00000   -0.79063   -1.11033
56.00000   456.00000   -0.11402   -1.11537
72.00000   456.00000   -0.25255   -1.09793
88.00000   456.00000   -0.31648   -1.03479
8.00000   472.00000   -0.66336   -1.06854
24.00000   472.00000   -0.56762   -0.95807
40.00000   472.00000   -0.66131   -0.91129
56.00000   472.00000   -0.24029   -1.04428
72.00000   472.00000   -0.52555   -1.07521
88.00000   472.00000   0.03329   -1.21338
8.00000   488.00000   -0.49884   -1.17295
24.00000   488.00000   -0.11426   -1.00228
40.00000   488.00000   -0.55686   -1.22888
56.00000   488.00000   -0.49460   -1.04683
72.00000   488.00000   -0.25795   -0.85881
88.00000   488.00000   -0.10353   -1.09956
8.00000   504.00000   -0.35371   -1.11242
24.00000   504.00000   -0.55904   -1.11900
40.00000   504.00000   -0.37922   -1.09094
56.00000   504.00000   -0.38648   -1.09282
72.00000   504.00000   -0.12657   -1.20571
88.00000   504.00000   -0.29043   -1.24810
8.00000   520.00000   -0.64805   -0.93621
24.00000   520.00000   -0.26913   -1.16919
40.00000   520.00000   -0.34226   -1.18634
56.00000   520.00000   -0.64691   -1.25775
72.00000   520.00000   -0.40992   -1.24939
88.00000   520.00000   -0.17622   -1.15634
8.00000   536.00000   -0.68927   -1.04878
24.00000   536.00000   -0.54069   -1.07168
40.00000   536.00000   -0.54613   -1.03143
56.00000   536.00000   -0.31591   -1.25843
72.00000   536.00000   -0.47197   -1.22143
88.00000   536.00000   -0.31855   -1.06825
