# image 87 and 88 x,y,u,v
8.00000   8.00000   -0.37318   -0.93649
24.00000   8.00000   -0.38320   -1.05196
40.00000   8.00000   0.01256   -1.08297
56.00000   8.00000   0.03427   -0.92603
72.00000   8.00000   -0.07672   -0.93937
88.00000   8.00000   0.01555   -0.92308
8.00000   24.00000   -0.49275   -1.15013
24.00000   24.00000   -0.26782   -1.09566
40.00000   24.00000   0.24048   -1.09039
56.00000   24.00000   0.05682   -1.06165
72.00000   24.00000   -0.21894   -0.91573
88.00000   24.00000   -0.06879   -0.97690
8.00000   40.00000   -0.36535   -0.97335
24.00000   40.00000   -0.17267   -1.14252
40.00000   40.00000   -0.20633   -1.05922
56.00000   40.00000   -0.18473   -0.99933
72.00000   40.00000   -0.25495   -0.84876
88.00000   40.00000   -0.28828   -0.97890
8.00000   56.00000   -0.41426   -1.00018
24.00000   56.00000   -0.03295   -1.12721
40.00000   56.00000   -0.01997   -1.04694
56.00000   56.00000   -0.29431   -0.88928
72.00000   56.00000   0.12598   -0.99714
88.00000   56.00000   0.11340   -1.01001
8.00000   72.00000   -0.27644   -1.04337
24.00000   72.00000   -0.00319   -1.08973
40.00000   72.00000   0.16215   -0.96081
56.00000   72.00000   -0.34199   -0.94803
72.00000   72.00000   0.01825   -0.96770
88.00000   72.00000   -0.29717   -0.86601
8.00000   88.00000   -0.06065   -1.08730
24.00000   88.00000   -0.14955   -0.87532
40.00000   88.00000   0.20602   -1.02207
56.00000   88.00000   0.04334   -1.20455
72.00000   88.00000   0.02388   -1.14447
88.00000   88.00000   -0.10436   -1.11184
8.00000   104.00000   0.00167   -0.95552
24.00000   104.00000   -0.24464   -1.14013
40.00000   104.00000   0.25821   -0.93204
56.00000   104.00000   -0.09561   -0.97875
72.00000   104.00000   -0.33215   -0.94388
88.00000   104.00000   -0.15590   -1.03776
8.00000   120.00000   -0.21612   -1.10051
24.00000   120.00000   0.08847   -1.01368
40.00000   120.00000   0.12670   -1.17858
56.00000   120.00000   -0.11348   -1.02317
72.00000   120.00000   -0.13394   -0.96208
88.00000   120.00000   -0.16407   -1.04777
8.00000   136.00000   -0.02977   -1.00712
24.00000   136.00000   -0.02272   -1.15318
40.00000   136.00000   -0.12695   -1.01389
56.00000   136.00000   0.27286   -1.21646
72.00000   136.00000   -0.24354   -1.10715
88.00000   136.00000   -0.04177   -1.23269
8.00000   152.00000   0.01405   -1.00651
24.00000   152.00000   -0.01937   -1.01513
40.00000   152.00000   -0.15904   -0.91076
56.00000   152.00000   -0.09112   -0.87760
72.00000   152.00000   -0.10143   -0.94135
88.00000   152.00000   -0.07046   -1.12471
8.00000   168.00000   -0.38299   -0.91693
24.00000   168.00000   0.14536   -0.89980
40.00000   168.00000   -0.01681   -0.99915
56.00000   168.00000   0.05606   -1.11365
72.00000   168.00000   -0.00640   -0.96580
88.00000   168.00000   0.05882   -0.99337
8.00000   184.00000   0.12016   -1.07374
24.00000   184.00000   -0.23930   -0.88993
40.00000   184.00000   -0.06591   -1.06042
56.00000   184.00000   0.07304   -0.92646
72.00000   184.00000   -0.06293   -0.95133
88.00000   184.00000   -0.09397   -1.09146
8.00000   200.00000   -0.46425   -0.93158
24.00000   200.00000   -0.07040   -0.98045
40.00000   200.00000   0.10727   -0.86765
56.00000   200.00000   0.03281   -0.89531
72.00000   200.00000   0.10474   -1.11959
88.00000   200.00000   -0.03148   -1.08754
8.00000   216.00000   -0.17000   -1.06828
24.00000   216.00000   -0.33018   -1.03146
40.00000   216.00000   0.02568   -0.96569
56.00000   216.00000   0.29764   -1.00947
72.00000   216.00000   0.10350   -0.96182
88.00000   216.00000   -0.19159   -0.93361
8.00000   232.00000   0.08942   -0.97064
24.00000   232.00000   -0.10373   -1.15546
40.00000   232.00000   -0.21174   -1.05421
56.00000   232.00000   0.19457   -1.06698
72.00000   232.00000   -0.35166   -0.95696
88.00000   232.00000   -0.25552   -0.88938
8.00000   248.00000   -0.16722   -1.04784
24.00000   248.00000   -0.11968   -1.04957
40.00000   248.00000   0.19124   -1.06864
56.00000   248.00000   0.51478   -1.04913
72.00000   248.00000   -0.33277   -0.87626
88.00000   248.00000   -0.32512   -0.84071
8.00000   264.00000   0.03258   -1.06023
24.00000   264.00000   -0.15891   -1.10925
40.00000   264.00000   -0.04738   -1.12170
56.00000   264.00000   -0.09328   -0.94378
72.00000   264.00000   -0.18190   -0.75716
88.00000   264.00000   -0.15580   -0.96245
8.00000   280.00000   -0.27897   -1.08152
24.00000   280.00000   -0.00979   -1.02840
40.00000   280.00000   -0.03384   -1.07094
56.00000   280.00000   -0.00689   -0.96232
72.00000   280.00000   -0.14638   -0.69857
88.00000   280.00000   -0.05920   -1.01378
8.00000   296.00000   -0.06311   -1.01068
24.00000   296.00000   0.23179   -1.08578
40.00000   296.00000   -0.18588   -1.00824
56.00000   296.00000   -0.34492   -1.02368
72.00000   296.00000   -0.02812   -0.92869
88.00000   296.00000   -0.24239   -1.16061
8.00000   312.00000   -0.15063   -0.98005
24.00000   312.00000   -0.14536   -1.12015
40.00000   312.00000   -0.23861   -0.87993
56.00000   312.00000   0.03543   -0.96089
72.00000   312.00000   -0.09851   -0.78341
88.00000   312.00000   0.06794   -1.10135
8.00000   328.00000   -0.04833   -0.99408
24.00000   328.00000   -0.02809   -0.99603
40.00000   328.00000   -0.68493   -0.99579
56.00000   328.00000   0.10282   -1.24559
72.00000   328.00000   -0.08671   -1.05051
88.00000   328.00000   -0.05203   -0.83973
8.00000   344.00000   0.16566   -0.96876
24.00000   344.00000   -0.53610   -1.01469
40.00000   344.00000   -0.44337   -0.88179
56.00000   344.00000   -0.51322   -1.01874
72.00000   344.00000   -0.13692   -0.93934
88.00000   344.00000   0.03498   -0.87908
8.00000   360.00000   0.03882   -1.02929
24.00000   360.00000   -0.31954   -0.79551
40.00000   360.00000   -0.54179   -1.01958
56.00000   360.00000   -0.31778   -0.88587
72.00000   360.00000   -0.20242   -0.76173
88.00000   360.00000   0.03508   -0.84953
8.00000   376.00000   -0.54284   -1.07919
24.00000   376.00000   -0.66375   -0.75127
40.00000   376.00000   -0.83176   -1.05275
56.00000   376.00000   -0.46245   -0.90922
72.00000   376.00000   0.00539   -0.90392
88.00000   376.00000   -0.04644   -0.83120
8.00000   392.00000   -0.34509   -0.92324
24.00000   392.00000   -0.33472   -0.80726
40.00000   392.00000   -0.71427   -1.00977
56.00000   392.00000   -0.34824   -1.05623
72.00000   392.00000   -0.24087   -0.80948
88.00000   392.00000   -0.06537   -0.79592
8.00000   408.00000   -0.29022   -1.04492
24.00000   408.00000   -0.12712   -1.04062
40.00000   408.00000   -0.76103   -0.99480
56.00000   408.00000   -0.13739   -0.91228
72.00000   408.00000   -0.16623   -1.07192
88.00000   408.00000   -0.05607   -0.91527
8.00000   424.00000   -0.67315   -0.97056
24.00000   424.00000   -0.50178   -1.15692
40.00000   424.00000   -0.77170   -0.93617
56.00000   424.00000   -0.60640   -1.04850
72.00000   424.00000   -0.14080   -1.05671
88.00000   424.00000   -0.00219   -1.09015
8.00000   440.00000   -0.41003   -0.96747
24.00000   440.00000   -0.50615   -1.17460
40.00000   440.00000   -0.70451   -1.04755
56.00000   440.00000   -0.26784   -1.04809
72.00000   440.00000   -0.17803   -1.11147
88.00000   440.00000   -0.17244   -1.14857
8.00000   456.00000   -0.83895   -1.10360
24.00000   456.00000   -0.39996   -0.97126
40.00000   456.00000   -0.69994   -1.06353
56.00000   456.00000   -0.11590   -1.12720
72.00000   456.00000   -0.25236   -1.09745
88.00000   456.00000   -0.19375   -1.16282
8.00000   472.00000   -0.71053   -1.04532
24.00000   472.00000   -0.65675   -1.06503
40.00000   472.00000   -0.20452   -1.18632
56.00000   472.00000   -0.69921   -1.00453
72.00000   472.00000   -0.42224   -0.91722
88.00000   472.00000   -0.25758   -1.08185
8.00000   488.00000   -0.35820   -1.18070
24.00000   488.00000   -0.36504   -1.06198
40.00000   488.00000   -0.15653   -1.22119
56.00000   488.00000   -0.34619   -1.10767
72.00000   488.00000   -0.45442   -1.19441
88.00000   488.00000   -0.44849   -1.02202
8.00000   504.00000   -0.23939   -0.96298
24.00000   504.00000   -0.58443   -1.01683
40.00000   504.00000   -0.42323   -1.05260
56.00000   504.00000   -0.49264   -1.21207
72.00000   504.00000   -0.46625   -1.20107
88.00000   504.00000   -0.30393   -1.21233
8.00000   520.00000   -0.62339   -1.11010
24.00000   520.00000   -0.51953   -1.20816
40.00000   520.00000   -0.52711   -1.13298
56.00000   520.00000   -0.68451   -1.17393
72.00000   520.00000   -0.60875   -1.00886
88.00000   520.00000   -0.18053   -1.13686
8.00000   536.00000   -0.96018   -1.14820
24.00000   536.00000   -0.31847   -1.18345
40.00000   536.00000   -0.39365   -1.14189
56.00000   536.00000   -0.36427   -1.13510
72.00000   536.00000   -0.44990   -1.44767
88.00000   536.00000   -0.28272   -1.26374
