# image 34 and 35 x,y,u,v
8.00000   8.00000   -0.32483   -1.13364
24.00000   8.00000   -0.24153   -0.98783
40.00000   8.00000   0.33300   -1.09645
56.00000   8.00000   -0.16701   -1.03458
72.00000   8.00000   -0.12615   -0.95628
88.00000   8.00000   0.16474   -1.00983
8.00000   24.00000   -0.48198   -1.00305
24.00000   24.00000   -0.21563   -0.99800
40.00000   24.00000   0.40061   -1.03495
56.00000   24.00000   -0.17395   -1.04707
72.00000   24.00000   -0.02541   -0.98956
88.00000   24.00000   -0.19067   -0.88222
8.00000   40.00000   -0.39565   -0.95536
24.00000   40.00000   -0.32251   -1.03951
40.00000   40.00000   -0.08864   -1.08750
56.00000   40.00000   -0.34961   -1.11133
72.00000   40.00000   -0.24207   -0.87381
88.00000   40.00000   -0.16232   -0.87086
8.00000   56.00000   -0.48872   -1.16479
24.00000   56.00000   0.07884   -1.02108
40.00000   56.00000   -0.06624   -1.25213
56.00000   56.00000   0.00468   -1.12204
72.00000   56.00000   -0.31732   -0.95226
88.00000   56.00000   -0.30327   -1.10280
8.00000   72.00000   -0.40192   -1.02891
24.00000   72.00000   0.15300   -0.87601
40.00000   72.00000   -0.20682   -0.92315
56.00000   72.00000   0.01536   -0.95335
72.00000   72.00000   -0.23102   -0.94380
88.00000   72.00000   -0.11033   -0.97694
8.00000   88.00000   -0.47403   -0.98477
24.00000   88.00000   -0.02915   -0.95590
40.00000   88.00000   -0.11765   -1.03571
56.00000   88.00000   -0.06465   -1.19752
72.00000   88.00000   -0.10598   -0.98749
88.00000   88.00000   -0.07846   -1.09604
8.00000   104.00000   -0.43429   -1.09359
24.00000   104.00000   -0.01579   -1.09863
40.00000   104.00000   -0.03515   -1.07389
56.00000   104.00000   -0.12043   -0.98525
72.00000   104.00000   -0.29370   -1.00712
88.00000   104.00000   0.02602   -0.99477
8.00000   120.00000   -0.32626   -1.11176
24.00000   120.00000   0.02644   -1.09502
40.00000   120.00000   0.03331   -1.15425
56.00000   120.00000   -0.29395   -0.92635
72.00000   120.00000   -0.16905   -1.02651
88.00000   120.00000   -0.05855   -1.07759
8.00000   136.00000   -0.27835   -1.18849
24.00000   136.00000   -0.09449   -1.12992
40.00000   136.00000   -0.25915   -1.12045
56.00000   136.00000   -0.32912   -0.91734
72.00000   136.00000   -0.12758   -1.13112
88.00000   136.00000   -0.10895   -1.11162
8.00000   152.00000   -0.31645   -1.20096
24.00000   152.00000   -0.07154   -0.98069
40.00000   152.00000   0.15317   -1.02632
56.00000   152.00000   0.02359   -1.03749
72.00000   152.00000   -0.07424   -1.08564
88.00000   152.00000   -0.07299   -0.98125
8.00000   168.00000   -0.04007   -1.07353
24.00000   168.00000   -0.61586   -1.03974
40.00000   168.00000   -0.04709   -1.05069
56.00000   168.00000   -0.16666   -1.02449
72.00000   168.00000   -0.07814   -1.19503
88.00000   168.00000   -0.03379   -1.12624
8.00000   184.00000   -0.03554   -0.99836
24.00000   184.00000   -0.37728   -0.99206
40.00000   184.00000   -0.13183   -1.08353
56.00000   184.00000   -0.12165   -1.07139
72.00000   184.00000   -0.06510   -1.10241
88.00000   184.00000   -0.17168   -1.05946
8.00000   200.00000   -0.08773   -1.07494
24.00000   200.00000   -0.12697   -0.97994
40.00000   200.00000   -0.09676   -0.98699
56.00000   200.00000   0.19123   -1.04197
72.00000   200.00000   -0.15077   -0.99242
88.00000   200.00000   -0.16438   -0.98803
8.00000   216.00000   -0.17040   -0.92983
24.00000   216.00000   -0.12604   -1.06023
40.00000   216.00000   -0.08856   -0.92939
56.00000   216.00000   0.02392   -0.91914
72.00000   216.00000   -0.07826   -0.84888
88.00000   216.00000   -0.11566   -0.99672
8.00000   232.00000   -0.31400   -0.98949
24.00000   232.00000   0.05781   -1.05600
40.00000   232.00000   0.07521   -0.93723
56.00000   232.00000   -0.08288   -0.99948
72.00000   232.00000   0.19544   -0.94491
88.00000   232.00000   -0.05570   -0.89602
8.00000   248.00000   -0.05735   -1.03309
24.00000   248.00000   -0.34984   -0.86534
40.00000   248.00000   0.04248   -1.01547
56.00000   248.00000   -0.29563   -0.99598
72.00000   248.00000   -0.57113   -0.99946
88.00000   248.00000   -0.28450   -0.89409
8.00000   264.00000   0.02630   -1.13515
24.00000   264.00000   -0.09545   -1.14390
40.00000   264.00000   -0.22682   -0.73838
56.00000   264.00000   0.24091   -0.90412
72.00000   264.00000   -0.34769   -1.17661
88.00000   264.00000   -0.15802   -0.89114
8.00000   280.00000   -0.48769   -0.92667
24.00000   280.00000   -0.23471   -1.11635
40.00000   280.00000   0.18961   -1.07893
56.00000   280.00000   0.11978   -1.02190
72.00000   280.00000   -0.12219   -0.92441
88.00000   280.00000   -0.20626   -0.94574
8.00000   296.00000   -0.22253   -1.01100
24.00000   296.00000   0.15837   -1.04024
40.00000   296.00000   -0.03966   -0.89651
56.00000   296.00000   -0.14484   -0.82501
72.00000   296.00000   -0.06286   -0.92973
88.00000   296.00000   -0.07666   -0.98981
8.00000   312.00000   -0.06360   -0.92201
24.00000   312.00000   -0.03951   -1.21202
40.00000   312.00000   -0.21121   -1.13408
56.00000   312.00000   -0.34999   -0.96592
72.00000   312.00000   -0.05506   -0.89155
88.00000   312.00000   -0.00173   -0.92812
8.00000   328.00000   -0.08351   -0.96101
24.00000   328.00000   0.00315   -1.08096
40.00000   328.00000   -0.56412   -1.03149
56.00000   328.00000   -0.27493   -0.98171
72.00000   328.00000   -0.08619   -0.92722
88.00000   328.00000   0.02184   -0.89540
8.00000   344.00000   -0.02860   -0.95996
24.00000   344.00000   -0.58661   -1.09672
40.00000   344.00000   -0.47870   -0.78975
56.00000   344.00000   -0.29279   -1.00299
72.00000   344.00000   -0.21439   -0.93983
88.00000   344.00000   0.16632   -0.96434
8.00000   360.00000   -0.38916   -0.98410
24.00000   360.00000   -0.50558   -0.84977
40.00000   360.00000   -0.47511   -0.90179
56.00000   360.00000   -0.21735   -1.04271
72.00000   360.00000   -0.20159   -0.77407
88.00000   360.00000   0.03063   -0.89028
8.00000   376.00000   -0.19638   -1.04643
24.00000   376.00000   -0.65145   -0.96251
40.00000   376.00000   -0.72886   -0.99314
56.00000   376.00000   -0.63173   -0.99012
72.00000   376.00000   -0.24599   -0.86071
88.00000   376.00000   -0.01332   -0.86071
8.00000   392.00000   -0.45275   -0.89284
24.00000   392.00000   -0.50289   -1.07844
40.00000   392.00000   -0.77477   -0.98945
56.00000   392.00000   -0.71151   -0.92450
72.00000   392.00000   -0.05583   -1.02660
88.00000   392.00000   -0.09273   -0.98232
8.00000   408.00000   0.06128   -1.03961
24.00000   408.00000   -0.54248   -1.08779
40.00000   408.00000   -0.61021   -1.01410
56.00000   408.00000   -0.57292   -0.95339
72.00000   408.00000   -0.22533   -0.98506
88.00000   408.00000   -0.00613   -1.08923
8.00000   424.00000   -0.14260   -1.05261
24.00000   424.00000   -0.60946   -0.97832
40.00000   424.00000   -0.59861   -1.01749
56.00000   424.00000   -0.18700   -1.09888
72.00000   424.00000   -0.11431   -1.03874
88.00000   424.00000   -0.12426   -0.95752
8.00000   440.00000   0.02768   -1.01476
24.00000   440.00000   -0.71388   -1.06830
40.00000   440.00000   -0.31190   -1.14778
56.00000   440.00000   -0.12688   -1.17320
72.00000   440.00000   -0.12917   -1.04877
88.00000   440.00000   -0.20073   -1.09394
8.00000   456.00000   -0.89248   -0.97632
24.00000   456.00000   -0.10996   -1.05491
40.00000   456.00000   -0.60878   -1.10749
56.00000   456.00000   -0.32397   -1.08861
72.00000   456.00000   -0.23019   -1.16937
88.00000   456.00000   -0.12247   -1.00147
8.00000   472.00000   -0.73365   -1.01506
24.00000   472.00000   -0.57268   -1.08454
40.00000   472.00000   -0.56986   -1.19549
56.00000   472.00000   0.20795   -0.96830
72.00000   472.00000   -0.38294   -1.10792
88.00000   472.00000   -0.08865   -1.09352
8.00000   488.00000   -0.62261   -0.95637
24.00000   488.00000   -0.59822   -1.07833
40.00000   488.00000   -0.57631   -1.10818
56.00000   488.00000   -0.32134   -1.04904
72.00000   488.00000   -0.50883   -1.08675
88.00000   488.00000   -0.18611   -1.07514
8.00000   504.00000   -0.52437   -1.04981
24.00000   504.00000   -0.73366   -1.07671
40.00000   504.00000   -0.36574   -1.09534
56.00000   504.00000   -0.56861   -1.12240
72.00000   504.00000   -0.33520   -1.10636
88.00000   504.00000   -0.09111   -1.11544
8.00000   520.00000   -0.76371   -1.02653
24.00000   520.00000   -0.62997   -1.15950
40.00000   520.00000   0.37157   -1.12176
56.00000   520.00000   -0.60987   -1.26270
72.00000   520.00000   -0.46820   -1.25397
88.00000   520.00000   -0.28677   -1.19986
8.00000   536.00000   0.67246   -1.04772
24.00000   536.00000   -0.44581   -1.34438
40.00000   536.00000   -0.22702   -1.19408
56.00000   536.00000   -0.31694   -1.26403
72.00000   536.00000   -0.39097   -1.29415
88.00000   536.00000   -0.27775   -1.15967
