# image 97 and 98 x,y,u,v
8.00000   8.00000   -0.46720   -0.86991
24.00000   8.00000   -0.27045   -1.09762
40.00000   8.00000   0.25776   -1.06264
56.00000   8.00000   0.12258   -0.94235
72.00000   8.00000   -0.06082   -1.04323
88.00000   8.00000   0.07229   -0.96484
8.00000   24.00000   -0.47519   -1.07749
24.00000   24.00000   -0.10577   -1.09905
40.00000   24.00000   -0.03761   -1.15960
56.00000   24.00000   0.05235   -0.85911
72.00000   24.00000   -0.27810   -1.00207
88.00000   24.00000   -0.12221   -1.00735
8.00000   40.00000   -0.18553   -1.08170
24.00000   40.00000   -0.32047   -1.14859
40.00000   40.00000   -0.22898   -1.04415
56.00000   40.00000   -0.25669   -1.01125
72.00000   40.00000   -0.19784   -0.96202
88.00000   40.00000   -0.17242   -0.94422
8.00000   56.00000   -0.28116   -0.99591
24.00000   56.00000   -0.30453   -1.03951
40.00000   56.00000   0.04384   -1.03065
56.00000   56.00000   -0.45192   -1.05024
72.00000   56.00000   -0.06462   -0.99566
88.00000   56.00000   -0.08305   -0.93251
8.00000   72.00000   -0.01275   -1.07397
24.00000   72.00000   -0.06102   -1.11859
40.00000   72.00000   0.11132   -0.94213
56.00000   72.00000   -0.07012   -0.99409
72.00000   72.00000   -0.10599   -1.04549
88.00000   72.00000   -0.24763   -0.94806
8.00000   88.00000   -0.20958   -1.01674
24.00000   88.00000   -0.09096   -1.04263
40.00000   88.00000   0.14761   -1.04498
56.00000   88.00000   -0.09412   -1.08433
72.00000   88.00000   -0.30773   -0.99063
88.00000   88.00000   -0.18581   -1.11867
8.00000   104.00000   0.07483   -1.00867
24.00000   104.00000   -0.15678   -0.85138
40.00000   104.00000   0.22846   -1.07427
56.00000   104.00000   0.17892   -0.98943
72.00000   104.00000   -0.20560   -1.08788
88.00000   104.00000   -0.11270   -1.15103
8.00000   120.00000   -0.11084   -0.97745
24.00000   120.00000   0.14070   -1.16110
40.00000   120.00000   0.01194   -1.08179
56.00000   120.00000   0.02077   -1.14122
72.00000   120.00000   -0.15571   -1.02868
88.00000   120.00000   -0.13620   -0.98320
8.00000   136.00000   -0.09044   -1.01030
24.00000   136.00000   0.11344   -0.97641
40.00000   136.00000   -0.01757   -1.19039
56.00000   136.00000   0.00894   -0.95692
72.00000   136.00000   -0.17529   -0.98242
88.00000   136.00000   -0.04571   -1.25036
8.00000   152.00000   -0.40179   -1.17195
24.00000   152.00000   -0.05087   -1.03293
40.00000   152.00000   -0.06002   -0.98008
56.00000   152.00000   0.20655   -1.03482
72.00000   152.00000   -0.09618   -0.95833
88.00000   152.00000   0.05071   -1.06967
8.00000   168.00000   -0.01907   -0.93827
24.00000   168.00000   -0.14065   -0.89012
40.00000   168.00000   -0.15459   -1.00715
56.00000   168.00000   0.14852   -0.92647
72.00000   168.00000   0.10455   -0.99378
88.00000   168.00000   0.00173   -1.02469
8.00000   184.00000   -0.12797   -0.82297
24.00000   184.00000   -0.24820   -1.05024
40.00000   184.00000   0.19683   -0.88868
56.00000   184.00000   -0.20571   -0.98317
72.00000   184.00000   0.01195   -1.16163
88.00000   184.00000   -0.01601   -1.15457
8.00000   200.00000   -0.24961   -0.99954
24.00000   200.00000   -0.22293   -1.01342
40.00000   200.00000   0.06115   -0.93889
56.00000   200.00000   0.20346   -1.09346
72.00000   200.00000   0.15051   -1.04852
88.00000   200.00000   -0.19546   -1.09818
8.00000   216.00000   0.08542   -1.01942
24.00000   216.00000   -0.26158   -1.07769
40.00000   216.00000   0.22071   -0.93947
56.00000   216.00000   0.15744   -1.04474
72.00000   216.00000   -0.01107   -0.96726
88.00000   216.00000   -0.19477   -0.99005
8.00000   232.00000   -0.20070   -1.05308
24.00000   232.00000   -0.30235   -0.99469
40.00000   232.00000   -0.21867   -1.04259
56.00000   232.00000   0.29887   -1.01898
72.00000   232.00000   -0.04991   -0.92296
88.00000   232.00000   -0.25319   -0.87982
8.00000   248.00000   0.01550   -1.04033
24.00000   248.00000   0.00501   -1.07804
40.00000   248.00000   0.21944   -1.09135
56.00000   248.00000   -0.20142   -1.07233
72.00000   248.00000   -0.29565   -1.01644
88.00000   248.00000   -0.14608   -0.82472
8.00000   264.00000   -0.23933   -1.07294
24.00000   264.00000   -0.28864   -1.05276
40.00000   264.00000   -0.06382   -1.03479
56.00000   264.00000   -0.24622   -0.98323
72.00000   264.00000   -0.40822   -0.92874
88.00000   264.00000   -0.05335   -0.96606
8.00000   280.00000   -0.27713   -0.96994
24.00000   280.00000   0.13180   -0.89758
40.00000   280.00000   0.21386   -1.13785
56.00000   280.00000   0.00353   -0.94102
72.00000   280.00000   -0.04571   -0.93733
88.00000   280.00000   -0.16806   -0.93656
8.00000   296.00000   -0.26621   -0.90189
24.00000   296.00000   -0.19131   -0.92984
40.00000   296.00000   -0.05688   -0.84573
56.00000   296.00000   -0.15976   -1.01458
72.00000   296.00000   -0.24833   -1.05205
88.00000   296.00000   -0.09557   -1.07176
8.00000   312.00000   0.02894   -1.00778
24.00000   312.00000   0.13402   -1.17034
40.00000   312.00000   -0.30623   -1.14108
56.00000   312.00000   -0.56323   -0.79428
72.00000   312.00000   -0.15509   -1.17995
88.00000   312.00000   -0.13542   -0.94013
8.00000   328.00000   0.39915   -1.00143
24.00000   328.00000   -0.51449   -1.09379
40.00000   328.00000   -0.63879   -1.00836
56.00000   328.00000   -0.27677   -1.20408
72.00000   328.00000   -0.08893   -1.01983
88.00000   328.00000   -0.12456   -1.00902
8.00000   344.00000   -0.13911   -0.92502
24.00000   344.00000   -0.37056   -0.98083
40.00000   344.00000   -0.66686   -0.99120
56.00000   344.00000   0.00925   -0.93629
72.00000   344.00000   -0.21460   -1.04210
88.00000   344.00000   -0.07523   -0.94530
8.00000   360.00000   -0.21729   -1.01871
24.00000   360.00000   -0.25834   -0.97992
40.00000   360.00000   -0.66925   -0.84063
56.00000   360.00000   -0.19969   -1.01104
72.00000   360.00000   -0.10849   -1.02446
88.00000   360.00000   -0.03382   -0.78497
8.00000   376.00000   -0.23934   -0.96248
24.00000   376.00000   -0.46543   -0.85994
40.00000   376.00000   -0.76988   -1.01714
56.00000   376.00000   -0.54288   -1.17043
72.00000   376.00000   -0.15961   -0.81437
88.00000   376.00000   -0.11433   -0.72487
8.00000   392.00000   -0.29021   -0.89681
24.00000   392.00000   -0.40452   -0.81722
40.00000   392.00000   -0.78564   -0.81132
56.00000   392.00000   -0.51171   -1.00496
72.00000   392.00000   -0.10979   -0.90344
88.00000   392.00000   -0.15965   -0.72273
8.00000   408.00000   -0.69492   -0.95433
24.00000   408.00000   -0.10639   -0.89539
40.00000   408.00000   -0.69066   -0.81942
56.00000   408.00000   -0.62293   -0.93709
72.00000   408.00000   -0.14242   -0.99223
88.00000   408.00000   0.11961   -0.90564
8.00000   424.00000   -0.18234   -0.81785
24.00000   424.00000   -0.51767   -1.08779
40.00000   424.00000   -0.57021   -1.05650
56.00000   424.00000   -0.21579   -1.05535
72.00000   424.00000   -0.17771   -1.23046
88.00000   424.00000   -0.11884   -1.14247
8.00000   440.00000   -0.42021   -1.10198
24.00000   440.00000   -0.67724   -1.04260
40.00000   440.00000   -0.73655   -1.10366
56.00000   440.00000   -0.02932   -1.06548
72.00000   440.00000   -0.13910   -1.10610
88.00000   440.00000   -0.09166   -0.84948
8.00000   456.00000   -0.88675   -0.96168
24.00000   456.00000   -0.62642   -1.09494
40.00000   456.00000   -0.67553   -1.07075
56.00000   456.00000   -0.37333   -1.03366
72.00000   456.00000   -0.22302   -1.07490
88.00000   456.00000   -0.29033   -0.98302
8.00000   472.00000   -0.68883   -1.16417
24.00000   472.00000   -0.69468   -1.02823
40.00000   472.00000   -0.71001   -1.16549
56.00000   472.00000   -0.46461   -1.05713
72.00000   472.00000   -0.38050   -1.03934
88.00000   472.00000   -0.32653   -1.15064
8.00000   488.00000   -0.05643   -1.23379
24.00000   488.00000   -0.22650   -1.11522
40.00000   488.00000   -0.17862   -1.02853
56.00000   488.00000   -0.44556   -1.02232
72.00000   488.00000   -0.60043   -1.16312
88.00000   488.00000   -0.47259   -0.99336
8.00000   504.00000   -0.62264   -1.22506
24.00000   504.00000   -0.59366   -1.10490
40.00000   504.00000   -0.62707   -1.04033
56.00000   504.00000   -0.64130   -1.30027
72.00000   504.00000   -0.44886   -1.12133
88.00000   504.00000   -0.35601   -1.13625
8.00000   520.00000   -0.75253   -1.11204
24.00000   520.00000   -0.41785   -1.27186
40.00000   520.00000   -0.58363   -1.21673
56.00000   520.00000   -0.45412   -1.13821
72.00000   520.00000   -0.58111   -1.19631
88.00000   520.00000   -0.20960   -1.13577
8.00000   536.00000   -0.69622   -0.80837
24.00000   536.00000   -0.27627   -1.19897
40.00000   536.00000   -0.52422   -1.35964
56.00000   536.00000   0.15698   -1.26937
72.00000   536.00000   -0.25322   -1.18126
88.00000   536.00000   -0.28883   -1.30184
