# image 7 and 8 x,y,u,v
8.00000   8.00000   -0.66622   -0.92974
24.00000   8.00000   -0.29410   -1.08085
40.00000   8.00000   0.17016   -1.06893
56.00000   8.00000   0.04065   -1.08325
72.00000   8.00000   -0.01639   -0.95982
88.00000   8.00000   -0.00478   -0.91505
8.00000   24.00000   -0.32734   -1.02866
24.00000   24.00000   -0.10008   -1.05696
40.00000   24.00000   0.04817   -1.16496
56.00000   24.00000   -0.11690   -0.91823
72.00000   24.00000   -0.24155   -1.00032
88.00000   24.00000   0.02391   -0.96209
8.00000   40.00000   -0.38377   -1.04936
24.00000   40.00000   -0.12841   -1.07703
40.00000   40.00000   -0.16398   -1.07596
56.00000   40.00000   -0.19269   -1.08735
72.00000   40.00000   -0.23847   -1.03616
88.00000   40.00000   -0.17274   -1.00292
8.00000   56.00000   -0.46869   -1.11502
24.00000   56.00000   -0.17866   -1.11813
40.00000   56.00000   -0.33668   -0.96499
56.00000   56.00000   0.08652   -1.03491
72.00000   56.00000   -0.15381   -1.12022
88.00000   56.00000   -0.29968   -0.90478
8.00000   72.00000   -0.31276   -0.95431
24.00000   72.00000   -0.10119   -0.96635
40.00000   72.00000   0.15239   -0.92983
56.00000   72.00000   -0.14431   -1.07132
72.00000   72.00000   -0.00737   -0.95206
88.00000   72.00000   -0.27599   -0.96349
8.00000   88.00000   -0.26046   -0.96870
24.00000   88.00000   0.12869   -0.90658
40.00000   88.00000   0.04141   -0.91829
56.00000   88.00000   0.01640   -0.94821
72.00000   88.00000   0.00260   -1.14134
88.00000   88.00000   -0.01842   -1.07500
8.00000   104.00000   -0.46379   -1.02670
24.00000   104.00000   -0.02029   -1.10279
40.00000   104.00000   -0.01419   -0.98666
56.00000   104.00000   0.08246   -0.82333
72.00000   104.00000   0.04468   -0.89948
88.00000   104.00000   0.07141   -0.98779
8.00000   120.00000   -0.30098   -1.17434
24.00000   120.00000   -0.31506   -1.17542
40.00000   120.00000   -0.30546   -1.01451
56.00000   120.00000   -0.24848   -1.10149
72.00000   120.00000   -0.22265   -0.90040
88.00000   120.00000   -0.00375   -0.99342
8.00000   136.00000   -0.07905   -1.16479
24.00000   136.00000   -0.31745   -1.12397
40.00000   136.00000   -0.17375   -0.95939
56.00000   136.00000   0.28096   -1.11507
72.00000   136.00000   -0.04599   -1.10428
88.00000   136.00000   0.01892   -0.93599
8.00000   152.00000   0.22463   -0.93543
24.00000   152.00000   -0.32487   -1.03193
40.00000   152.00000   -0.21676   -0.99585
56.00000   152.00000   -0.08478   -0.97758
72.00000   152.00000   -0.08096   -0.98372
88.00000   152.00000   0.07071   -1.11553
8.00000   168.00000   -0.11110   -1.04492
24.00000   168.00000   -0.05397   -0.93269
40.00000   168.00000   0.01072   -1.07435
56.00000   168.00000   -0.22831   -0.96698
72.00000   168.00000   -0.12476   -1.05149
88.00000   168.00000   0.05597   -1.10623
8.00000   184.00000   -0.10807   -0.95587
24.00000   184.00000   -0.01656   -1.09402
40.00000   184.00000   -0.01380   -1.09225
56.00000   184.00000   -0.20852   -1.05060
72.00000   184.00000   0.03137   -1.04142
88.00000   184.00000   -0.24143   -0.95195
8.00000   200.00000   -0.22264   -1.15090
24.00000   200.00000   -0.05202   -0.98234
40.00000   200.00000   0.17600   -1.11033
56.00000   200.00000   -0.00018   -0.93810
72.00000   200.00000   -0.23727   -1.07637
88.00000   200.00000   -0.26071   -1.08623
8.00000   216.00000   -0.16701   -1.04259
24.00000   216.00000   0.05143   -0.86267
40.00000   216.00000   -0.09828   -0.97159
56.00000   216.00000   0.15237   -0.91291
72.00000   216.00000   -0.24436   -0.95658
88.00000   216.00000   -0.04727   -1.03235
8.00000   232.00000   -0.03962   -0.98511
24.00000   232.00000   0.05143   -0.90422
40.00000   232.00000   -0.10532   -1.08004
56.00000   232.00000   -0.13617   -1.04723
72.00000   232.00000   -0.06606   -0.95564
88.00000   232.00000   -0.17904   -1.15770
8.00000   248.00000   -0.06874   -1.01421
24.00000   248.00000   0.22276   -1.03298
40.00000   248.00000   0.08203   -0.89670
56.00000   248.00000   0.10822   -1.06108
72.00000   248.00000   -0.11019   -1.01838
88.00000   248.00000   -0.29012   -1.05411
8.00000   264.00000   -0.04844   -0.98432
24.00000   264.00000   -0.03859   -0.95325
40.00000   264.00000   0.11532   -0.93154
56.00000   264.00000   0.14165   -1.09967
72.00000   264.00000   -0.30904   -0.97069
88.00000   264.00000   -0.16983   -0.93698
8.00000   280.00000   -0.07502   -1.11801
24.00000   280.00000   -0.01316   -1.16920
40.00000   280.00000   -0.17127   -0.93905
56.00000   280.00000   0.09418   -0.89344
72.00000   280.00000   -0.25520   -0.90093
88.00000   280.00000   -0.36472   -0.91989
8.00000   296.00000   0.02823   -1.17120
24.00000   296.00000   -0.04284   -0.82966
40.00000   296.00000   -0.01094   -1.07706
56.00000   296.00000   -0.05467   -0.93822
72.00000   296.00000   -0.17560   -0.85106
88.00000   296.00000   -0.45078   -1.02444
8.00000   312.00000   -0.17198   -0.94411
24.00000   312.00000   -0.16595   -1.03211
40.00000   312.00000   -0.17253   -1.06324
56.00000   312.00000   -0.32664   -1.03668
72.00000   312.00000   -0.08562   -0.94357
88.00000   312.00000   0.16124   -0.91487
8.00000   328.00000   -0.04580   -0.90278
24.00000   328.00000   -0.11788   -1.01140
40.00000   328.00000   -0.62530   -1.04913
56.00000   328.00000   -0.63191   -1.08115
72.00000   328.00000   0.02068   -1.05276
88.00000   328.00000   0.10761   -0.86068
8.00000   344.00000   -0.09246   -1.06445
24.00000   344.00000   -0.51726   -1.16265
40.00000   344.00000   -0.69401   -0.92590
56.00000   344.00000   -0.27477   -0.87465
72.00000   344.00000   -0.32812   -1.06373
88.00000   344.00000   0.07333   -0.95161
8.00000   360.00000   -0.15444   -0.98818
24.00000   360.00000   0.03604   -0.85617
40.00000   360.00000   -0.47838   -1.07377
56.00000   360.00000   -0.44764   -0.86878
72.00000   360.00000   0.04772   -1.05943
88.00000   360.00000   -0.15718   -0.77526
8.00000   376.00000   -0.13122   -1.04719
24.00000   376.00000   -0.69678   -0.80122
40.00000   376.00000   -0.57357   -0.88638
56.00000   376.00000   -0.60172   -0.90513
72.00000   376.00000   -0.03771   -0.79153
88.00000   376.00000   -0.10983   -0.78221
8.00000   392.00000   -0.13886   -1.01350
24.00000   392.00000   -0.24524   -1.11299
40.00000   392.00000   -0.59056   -0.91950
56.00000   392.00000   -0.77417   -1.06060
72.00000   392.00000   -0.22692   -0.93117
88.00000   392.00000   -0.06385   -1.03820
8.00000   408.00000   -0.17443   -0.93770
24.00000   408.00000   -0.58134   -1.09955
40.00000   408.00000   -0.70512   -0.95595
56.00000   408.00000   -0.41459   -1.19016
72.00000   408.00000   -0.52868   -1.07416
88.00000   408.00000   0.00146   -1.18516
8.00000   424.00000   -0.16917   -1.09070
24.00000   424.00000   -0.43463   -1.01582
40.00000   424.00000   -0.17973   -1.03861
56.00000   424.00000   -0.15937   -0.89181
72.00000   424.00000   -0.18722   -1.04977
88.00000   424.00000   -0.20200   -1.05454
8.00000   440.00000   -0.38656   -0.97209
24.00000   440.00000   -0.61232   -0.95732
40.00000   440.00000   -0.35403   -1.07949
56.00000   440.00000   -0.16129   -1.00985
72.00000   440.00000   -0.21058   -1.01407
88.00000   440.00000   0.02930   -1.00331
8.00000   456.00000   -0.67048   -0.99651
24.00000   456.00000   -0.26216   -1.23624
40.00000   456.00000   -0.57959   -1.04582
56.00000   456.00000   0.01666   -0.99809
72.00000   456.00000   -0.32623   -1.08299
88.00000   456.00000   -0.03855   -1.00936
8.00000   472.00000   -0.33361   -1.09705
24.00000   472.00000   -0.65698   -0.90550
40.00000   472.00000   -0.42500   -1.04646
56.00000   472.00000   -0.28761   -1.08594
72.00000   472.00000   -0.48110   -0.98747
88.00000   472.00000   -0.04248   -1.15261
8.00000   488.00000   -0.67193   -1.13258
24.00000   488.00000   -0.25766   -0.98496
40.00000   488.00000   0.17924   -1.15029
56.00000   488.00000   -0.41935   -0.96582
72.00000   488.00000   -0.18413   -1.06363
88.00000   488.00000   -0.12690   -1.13763
8.00000   504.00000   -0.78379   -1.20518
24.00000   504.00000   -0.50358   -1.33147
40.00000   504.00000   -0.44126   -1.34143
56.00000   504.00000   -0.36962   -1.14826
72.00000   504.00000   -0.10636   -1.12833
88.00000   504.00000   -0.21007   -1.23710
8.00000   520.00000   -0.63277   -1.00637
24.00000   520.00000   -0.52619   -1.16076
40.00000   520.00000   -0.00113   -1.07729
56.00000   520.00000   -0.52964   -1.17206
72.00000   520.00000   -0.18958   -1.17206
88.00000   520.00000   -0.31898   -1.21005
8.00000   536.00000   -0.09218   -1.03517
24.00000   536.00000   -0.40040   -1.18749
40.00000   536.00000   -0.31620   -1.22953
56.00000   536.00000   -0.40481   -1.24077
72.00000   536.00000   -0.31936   -1.28866
88.00000   536.00000   -0.54686   -1.23958
