# image 64 and 65 x,y,u,v
8.00000   8.00000   -0.52979   -1.08078
24.00000   8.00000   -0.25095   -1.02246
40.00000   8.00000   0.20498   -0.92620
56.00000   8.00000   -0.07406   -1.10710
72.00000   8.00000   0.02965   -1.06371
88.00000   8.00000   -0.05331   -0.90685
8.00000   24.00000   -0.57941   -0.96714
24.00000   24.00000   -0.41361   -1.00885
40.00000   24.00000   0.18983   -1.14452
56.00000   24.00000   0.14038   -0.95374
72.00000   24.00000   -0.19737   -1.02963
88.00000   24.00000   -0.03008   -0.95483
8.00000   40.00000   -0.56829   -1.00488
24.00000   40.00000   -0.15953   -1.06441
40.00000   40.00000   -0.49701   -1.04177
56.00000   40.00000   -0.06056   -1.07639
72.00000   40.00000   -0.34792   -1.08089
88.00000   40.00000   -0.26572   -0.95354
8.00000   56.00000   -0.22939   -1.02222
24.00000   56.00000   0.05182   -0.92825
40.00000   56.00000   -0.01552   -1.05912
56.00000   56.00000   -0.22537   -0.94678
72.00000   56.00000   -0.15849   -0.98218
88.00000   56.00000   -0.08812   -0.92438
8.00000   72.00000   -0.18990   -1.15747
24.00000   72.00000   0.29322   -0.73198
40.00000   72.00000   0.02321   -1.06902
56.00000   72.00000   -0.09248   -0.97249
72.00000   72.00000   0.02638   -1.01222
88.00000   72.00000   -0.19383   -1.00150
8.00000   88.00000   -0.09802   -0.97922
24.00000   88.00000   -0.06562   -1.11751
40.00000   88.00000   0.01065   -1.00173
56.00000   88.00000   -0.29362   -0.94539
72.00000   88.00000   -0.10444   -1.06514
88.00000   88.00000   0.11324   -1.08566
8.00000   104.00000   -0.30249   -1.03900
24.00000   104.00000   0.10970   -1.20322
40.00000   104.00000   0.09096   -0.96590
56.00000   104.00000   -0.25520   -0.89376
72.00000   104.00000   -0.17458   -1.08953
88.00000   104.00000   -0.25635   -0.97642
8.00000   120.00000   -0.07806   -1.10279
24.00000   120.00000   0.04046   -0.98237
40.00000   120.00000   -0.10030   -0.92127
56.00000   120.00000   -0.04212   -1.21143
72.00000   120.00000   -0.19656   -1.05471
88.00000   120.00000   -0.02272   -0.90180
8.00000   136.00000   -0.20871   -1.12960
24.00000   136.00000   -0.29677   -1.15578
40.00000   136.00000   0.22059   -1.18473
56.00000   136.00000   0.03929   -1.02913
72.00000   136.00000   -0.34145   -1.16049
88.00000   136.00000   -0.13690   -1.04166
8.00000   152.00000   -0.14632   -0.95948
24.00000   152.00000   -0.29904   -1.02461
40.00000   152.00000   -0.21168   -0.96752
56.00000   152.00000   0.11725   -1.03710
72.00000   152.00000   -0.08532   -1.00661
88.00000   152.00000   0.02211   -1.05065
8.00000   168.00000   -0.14066   -1.04812
24.00000   168.00000   0.19571   -0.98354
40.00000   168.00000   0.19249   -1.04779
56.00000   168.00000   0.08145   -0.98295
72.00000   168.00000   -0.05090   -0.97344
88.00000   168.00000   0.07236   -0.92679
8.00000   184.00000   -0.01029   -0.86917
24.00000   184.00000   0.01703   -0.84197
40.00000   184.00000   0.02487   -0.82815
56.00000   184.00000   -0.09449   -0.87964
72.00000   184.00000   -0.16159   -1.04863
88.00000   184.00000   0.08671   -1.06951
8.00000   200.00000   0.14848   -0.92577
24.00000   200.00000   0.03206   -0.95005
40.00000   200.00000   0.13045   -0.87713
56.00000   200.00000   -0.01681   -0.98057
72.00000   200.00000   0.20812   -1.04268
88.00000   200.00000   0.09650   -1.09714
8.00000   216.00000   0.02755   -0.99070
24.00000   216.00000   -0.34678   -1.04966
40.00000   216.00000   0.02857   -1.17222
56.00000   216.00000   0.01816   -0.95553
72.00000   216.00000   -0.01563   -0.94603
88.00000   216.00000   -0.18000   -0.98186
8.00000   232.00000   -0.21769   -0.86148
24.00000   232.00000   -0.10635   -1.19152
40.00000   232.00000   -0.00668   -1.09535
56.00000   232.00000   0.19679   -0.99886
72.00000   232.00000   0.00806   -0.99939
88.00000   232.00000   -0.05070   -0.99047
8.00000   248.00000   -0.26866   -1.03736
24.00000   248.00000   -0.06163   -0.92123
40.00000   248.00000   0.07416   -1.09436
56.00000   248.00000   0.04083   -1.12100
72.00000   248.00000   -0.49211   -1.02457
88.00000   248.00000   -0.26631   -0.80771
8.00000   264.00000   -0.16396   -1.28985
24.00000   264.00000   -0.19172   -1.02145
40.00000   264.00000   0.28979   -0.95232
56.00000   264.00000   -0.07755   -0.85818
72.00000   264.00000   -0.27862   -0.86911
88.00000   264.00000   -0.02599   -0.86982
8.00000   280.00000   -0.23686   -1.25968
24.00000   280.00000   0.05863   -1.11174
40.00000   280.00000   0.15435   -1.13211
56.00000   280.00000   0.08916   -0.83806
72.00000   280.00000   -0.10596   -0.86483
88.00000   280.00000   -0.37094   -0.96201
8.00000   296.00000   -0.18287   -0.97732
24.00000   296.00000   -0.09309   -0.98402
40.00000   296.00000   0.19297   -1.15779
56.00000   296.00000   -0.13911   -1.02144
72.00000   296.00000   -0.13474   -1.05905
88.00000   296.00000   0.03444   -1.03307
8.00000   312.00000   -0.06808   -1.16770
24.00000   312.00000   -0.34640   -1.10855
40.00000   312.00000   -0.18453   -0.89778
56.00000   312.00000   -0.46381   -0.95245
72.00000   312.00000   0.27109   -1.08790
88.00000   312.00000   0.01201   -1.02726
8.00000   328.00000   0.01339   -1.07067
24.00000   328.00000   0.00143   -0.87269
40.00000   328.00000   -0.62068   -1.08904
56.00000   328.00000   -0.29588   -0.99029
72.00000   328.00000   -0.27797   -1.01627
88.00000   328.00000   0.10129   -0.96659
8.00000   344.00000   -0.01190   -1.14479
24.00000   344.00000   -0.21690   -1.07480
40.00000   344.00000   -0.72563   -1.07602
56.00000   344.00000   -0.38412   -1.03803
72.00000   344.00000   -0.07673   -1.02757
88.00000   344.00000   0.05344   -0.92234
8.00000   360.00000   -0.16735   -0.83598
24.00000   360.00000   -0.49418   -0.94473
40.00000   360.00000   -0.60522   -0.91380
56.00000   360.00000   -0.29436   -0.86832
72.00000   360.00000   -0.27566   -0.97844
88.00000   360.00000   0.09885   -0.92319
8.00000   376.00000   -0.23464   -1.06845
24.00000   376.00000   -0.62968   -0.94336
40.00000   376.00000   -0.55011   -0.93164
56.00000   376.00000   -0.34042   -1.04703
72.00000   376.00000   -0.18923   -0.87527
88.00000   376.00000   0.12073   -0.88058
8.00000   392.00000   -0.23930   -0.96351
24.00000   392.00000   -0.57426   -0.70088
40.00000   392.00000   -0.66958   -0.87296
56.00000   392.00000   -0.66635   -0.98984
72.00000   392.00000   -0.10607   -0.83668
88.00000   392.00000   -0.18005   -0.88214
8.00000   408.00000   -0.23472   -0.99085
24.00000   408.00000   -0.37624   -0.92988
40.00000   408.00000   -0.57154   -0.96678
56.00000   408.00000   -0.23240   -0.93828
72.00000   408.00000   -0.27766   -1.06355
88.00000   408.00000   0.00816   -0.97496
8.00000   424.00000   -0.34776   -1.03841
24.00000   424.00000   -0.23337   -1.12243
40.00000   424.00000   -0.75873   -1.12808
56.00000   424.00000   0.11538   -1.14583
72.00000   424.00000   -0.20956   -1.19442
88.00000   424.00000   -0.19636   -0.93682
8.00000   440.00000   -0.64549   -0.74185
24.00000   440.00000   -0.35744   -1.11933
40.00000   440.00000   -0.27361   -1.17571
56.00000   440.00000   -0.21269   -1.08639
72.00000   440.00000   -0.23710   -1.17264
88.00000   440.00000   -0.08939   -1.13739
8.00000   456.00000   -0.67736   -1.02542
24.00000   456.00000   -0.33346   -1.08551
40.00000   456.00000   -0.69507   -1.00370
56.00000   456.00000   -0.26422   -1.31229
72.00000   456.00000   -0.19979   -0.98051
88.00000   456.00000   -0.24717   -1.04601
8.00000   472.00000   -0.41848   -1.12466
24.00000   472.00000   -0.65780   -1.10490
40.00000   472.00000   -0.62429   -1.25901
56.00000   472.00000   -0.41542   -1.17844
72.00000   472.00000   -0.40674   -1.11565
88.00000   472.00000   -0.10129   -1.03234
8.00000   488.00000   -0.49150   -1.00771
24.00000   488.00000   -0.49961   -1.24485
40.00000   488.00000   -0.52907   -1.07465
56.00000   488.00000   -0.51869   -1.24552
72.00000   488.00000   -0.50821   -1.08863
88.00000   488.00000   -0.19853   -1.18271
8.00000   504.00000   -0.59376   -1.11666
24.00000   504.00000   -0.33141   -1.25663
40.00000   504.00000   -0.73668   -1.14090
56.00000   504.00000   -0.61726   -1.08546
72.00000   504.00000   -0.39614   -1.19640
88.00000   504.00000   -0.13849   -1.18759
8.00000   520.00000   -0.67135   -1.17876
24.00000   520.00000   -0.49501   -1.23930
40.00000   520.00000   0.03231   -1.25984
56.00000   520.00000   -0.48125   -1.28016
72.00000   520.00000   -0.41967   -1.17264
88.00000   520.00000   -0.07471   -1.28167
8.00000   536.00000   -0.75447   -1.02077
24.00000   536.00000   -0.34468   -1.04959
40.00000   536.00000   -0.28103   -1.07593
56.00000   536.00000   -0.35832   -1.34935
72.00000   536.00000   -0.51514   -1.48301
88.00000   536.00000   -0.31818   -1.31260
