# image 76 and 77 x,y,u,v
8.00000   8.00000   -0.75127   -1.03939
24.00000   8.00000   -0.30304   -0.93163
40.00000   8.00000   0.16270   -0.98323
56.00000   8.00000   0.29323   -1.06259
72.00000   8.00000   -0.02468   -1.18976
88.00000   8.00000   -0.20648   -0.93248
8.00000   24.00000   -0.48169   -1.03376
24.00000   24.00000   -0.24308   -1.03573
40.00000   24.00000   0.08412   -1.27811
56.00000   24.00000   0.03983   -1.09344
72.00000   24.00000   -0.25439   -1.07406
88.00000   24.00000   -0.14035   -0.93783
8.00000   40.00000   -0.51119   -1.05034
24.00000   40.00000   -0.18012   -1.11680
40.00000   40.00000   0.06281   -1.09006
56.00000   40.00000   -0.30878   -0.86596
72.00000   40.00000   -0.20063   -0.93607
88.00000   40.00000   -0.18865   -0.92189
8.00000   56.00000   -0.28540   -1.07148
24.00000   56.00000   -0.06673   -0.90981
40.00000   56.00000   -0.06478   -1.20047
56.00000   56.00000   -0.19095   -0.95246
72.00000   56.00000   -0.04979   -0.97811
88.00000   56.00000   -0.03019   -0.97327
8.00000   72.00000   -0.34586   -1.10274
24.00000   72.00000   -0.12942   -0.99636
40.00000   72.00000   0.14655   -1.08796
56.00000   72.00000   -0.21825   -1.06284
72.00000   72.00000   0.15357   -0.95423
88.00000   72.00000   0.01589   -0.91775
8.00000   88.00000   -0.29864   -1.04841
24.00000   88.00000   0.06866   -1.06482
40.00000   88.00000   -0.19797   -0.93078
56.00000   88.00000   -0.38496   -1.07986
72.00000   88.00000   -0.16556   -1.03166
88.00000   88.00000   -0.17398   -0.90423
8.00000   104.00000   0.08723   -1.06302
24.00000   104.00000   -0.05096   -0.96583
40.00000   104.00000   0.27661   -1.03235
56.00000   104.00000   -0.11380   -0.94940
72.00000   104.00000   -0.15533   -1.01338
88.00000   104.00000   -0.00901   -1.01233
8.00000   120.00000   -0.12541   -1.01975
24.00000   120.00000   -0.36145   -1.11806
40.00000   120.00000   0.01444   -1.17280
56.00000   120.00000   -0.03492   -1.06273
72.00000   120.00000   -0.20747   -1.06239
88.00000   120.00000   -0.14588   -0.86690
8.00000   136.00000   -0.25002   -1.08268
24.00000   136.00000   -0.08645   -1.06941
40.00000   136.00000   -0.00897   -1.20362
56.00000   136.00000   0.01543   -1.11763
72.00000   136.00000   -0.24702   -1.04942
88.00000   136.00000   -0.08634   -1.12726
8.00000   152.00000   0.06517   -0.93080
24.00000   152.00000   -0.21461   -0.94330
40.00000   152.00000   -0.18381   -1.08491
56.00000   152.00000   0.08753   -1.03613
72.00000   152.00000   -0.06558   -0.88356
88.00000   152.00000   -0.15673   -0.99455
8.00000   168.00000   -0.20090   -0.92020
24.00000   168.00000   0.06122   -0.93116
40.00000   168.00000   0.02594   -1.01456
56.00000   168.00000   -0.07549   -0.90934
72.00000   168.00000   -0.10517   -0.91168
88.00000   168.00000   0.09077   -1.15176
8.00000   184.00000   -0.37760   -1.06609
24.00000   184.00000   -0.12110   -0.79961
40.00000   184.00000   0.09181   -0.87276
56.00000   184.00000   0.09609   -1.08540
72.00000   184.00000   -0.03983   -1.18624
88.00000   184.00000   -0.02423   -1.09478
8.00000   200.00000   0.00933   -1.01617
24.00000   200.00000   0.18480   -1.02673
40.00000   200.00000   -0.02653   -0.99865
56.00000   200.00000   0.17301   -1.07048
72.00000   200.00000   0.09447   -1.13437
88.00000   200.00000   0.09037   -1.11705
8.00000   216.00000   -0.31378   -1.03138
24.00000   216.00000   -0.13837   -1.00703
40.00000   216.00000   0.12292   -1.05449
56.00000   216.00000   -0.08479   -1.02391
72.00000   216.00000   0.12522   -0.91640
88.00000   216.00000   -0.15912   -0.91389
8.00000   232.00000   -0.09139   -1.02622
24.00000   232.00000   -0.16796   -1.07467
40.00000   232.00000   -0.05987   -1.01646
56.00000   232.00000   0.01670   -1.09558
72.00000   232.00000   -0.03667   -0.96006
88.00000   232.00000   -0.12553   -0.93890
8.00000   248.00000   0.12921   -1.01938
24.00000   248.00000   0.09252   -1.03826
40.00000   248.00000   0.20840   -1.02741
56.00000   248.00000   0.20618   -1.05382
72.00000   248.00000   -0.55805   -0.96460
88.00000   248.00000   -0.41682   -0.77779
8.00000   264.00000   -0.10502   -1.14549
24.00000   264.00000   0.00448   -1.03087
40.00000   264.00000   0.20840   -1.07101
56.00000   264.00000   -0.06162   -0.82712
72.00000   264.00000   -0.27437   -0.85136
88.00000   264.00000   -0.13787   -1.01737
8.00000   280.00000   -0.06956   -1.01594
24.00000   280.00000   -0.11375   -0.99551
40.00000   280.00000   0.08320   -0.90672
56.00000   280.00000   -0.30635   -0.88619
72.00000   280.00000   -0.08551   -0.88206
88.00000   280.00000   -0.04499   -0.90804
8.00000   296.00000   -0.09241   -1.01219
24.00000   296.00000   -0.24016   -0.95216
40.00000   296.00000   -0.21839   -0.91686
56.00000   296.00000   -0.24204   -0.90547
72.00000   296.00000   -0.17611   -1.12521
88.00000   296.00000   -0.26144   -0.87369
8.00000   312.00000   -0.04950   -1.05200
24.00000   312.00000   -0.15577   -1.07031
40.00000   312.00000   -0.25811   -1.04273
56.00000   312.00000   -0.32745   -1.03954
72.00000   312.00000   -0.02476   -0.91404
88.00000   312.00000   0.14059   -0.97737
8.00000   328.00000   0.00764   -1.00228
24.00000   328.00000   -0.19355   -0.99676
40.00000   328.00000   -0.76826   -0.97130
56.00000   328.00000   -0.18234   -1.16670
72.00000   328.00000   -0.24535   -0.91828
88.00000   328.00000   -0.09752   -0.96465
8.00000   344.00000   0.12847   -1.02092
24.00000   344.00000   -0.62747   -0.84577
40.00000   344.00000   -0.49542   -1.03185
56.00000   344.00000   -0.56447   -1.00004
72.00000   344.00000   -0.27804   -0.96951
88.00000   344.00000   -0.01181   -0.89985
8.00000   360.00000   0.00119   -0.95405
24.00000   360.00000   -0.28178   -0.95518
40.00000   360.00000   -0.59815   -0.87705
56.00000   360.00000   -0.60591   -0.95395
72.00000   360.00000   -0.23902   -1.10802
88.00000   360.00000   0.19293   -0.94612
8.00000   376.00000   0.06569   -0.91872
24.00000   376.00000   -0.77659   -0.97910
40.00000   376.00000   -0.64622   -0.98169
56.00000   376.00000   -0.62863   -1.01912
72.00000   376.00000   -0.34335   -0.88281
88.00000   376.00000   -0.08827   -0.88815
8.00000   392.00000   -0.50539   -0.95286
24.00000   392.00000   -0.09341   -0.96475
40.00000   392.00000   -0.77202   -0.88971
56.00000   392.00000   -0.06112   -1.07277
72.00000   392.00000   -0.16100   -0.81918
88.00000   392.00000   0.01790   -0.95584
8.00000   408.00000   -0.55870   -0.99609
24.00000   408.00000   -0.27237   -0.90855
40.00000   408.00000   -0.79887   -0.98265
56.00000   408.00000   -0.21364   -0.89251
72.00000   408.00000   0.10088   -0.99785
88.00000   408.00000   -0.08076   -0.92084
8.00000   424.00000   -0.42717   -0.92389
24.00000   424.00000   -0.48355   -1.11420
40.00000   424.00000   -0.63227   -1.00465
56.00000   424.00000   -0.33244   -0.92052
72.00000   424.00000   -0.13058   -1.31761
88.00000   424.00000   -0.08590   -1.05530
8.00000   440.00000   -0.49643   -0.97277
24.00000   440.00000   -0.44841   -1.16741
40.00000   440.00000   -0.58756   -1.05441
56.00000   440.00000   -0.48943   -1.28096
72.00000   440.00000   -0.19673   -1.06927
88.00000   440.00000   0.06103   -1.09766
8.00000   456.00000   -0.52575   -1.14288
24.00000   456.00000   -0.42029   -1.04012
40.00000   456.00000   -0.67205   -1.04146
56.00000   456.00000   -0.11986   -1.19247
72.00000   456.00000   -0.38446   -0.99019
88.00000   456.00000   -0.11555   -1.06176
8.00000   472.00000   -0.72880   -1.19804
24.00000   472.00000   -0.92165   -1.08831
40.00000   472.00000   -0.81664   -1.18341
56.00000   472.00000   -0.66017   -1.15917
72.00000   472.00000   -0.41968   -1.05668
88.00000   472.00000   -0.03630   -1.01803
8.00000   488.00000   -0.35585   -1.12229
24.00000   488.00000   -0.24976   -1.14462
40.00000   488.00000   -0.52673   -1.16671
56.00000   488.00000   -0.43039   -1.18698
72.00000   488.00000   -0.39302   -1.11500
88.00000   488.00000   -0.36493   -1.13384
8.00000   504.00000   -0.52924   -1.11783
24.00000   504.00000   -0.36106   -1.01954
40.00000   504.00000   -0.56645   -0.83721
56.00000   504.00000   -0.58186   -1.06665
72.00000   504.00000   -0.69853   -1.06234
88.00000   504.00000   -0.15643   -1.21442
8.00000   520.00000   -0.27590   -1.22816
24.00000   520.00000   -0.72502   -1.16332
40.00000   520.00000   -0.02452   -1.24486
56.00000   520.00000   -0.31268   -1.07366
72.00000   520.00000   -0.48246   -1.26581
88.00000   520.00000   -0.22299   -1.16192
8.00000   536.00000   -0.82464   -1.14186
24.00000   536.00000   -0.30786   -1.24043
40.00000   536.00000   -0.45051   -1.27981
56.00000   536.00000   -0.19121   -1.12799
72.00000   536.00000   -0.56409   -1.33864
88.00000   536.00000   -0.35176   -1.16892
