# image 86 and 87 x,y,u,v
8.00000   8.00000   -0.46342   -0.95615
24.00000   8.00000   -0.33581   -1.02772
40.00000   8.00000   -0.09603   -1.09028
56.00000   8.00000   0.03923   -0.96699
72.00000   8.00000   -0.19810   -0.95757
88.00000   8.00000   -0.00907   -0.93269
8.00000   24.00000   -0.40729   -1.06939
24.00000   24.00000   -0.26499   -1.01911
40.00000   24.00000   0.27992   -1.26951
56.00000   24.00000   -0.02346   -1.01398
72.00000   24.00000   -0.22386   -0.99341
88.00000   24.00000   -0.12885   -1.04854
8.00000   40.00000   -0.27655   -1.05402
24.00000   40.00000   -0.43548   -1.13477
40.00000   40.00000   -0.22467   -1.11883
56.00000   40.00000   -0.19400   -0.86917
72.00000   40.00000   -0.21165   -1.03467
88.00000   40.00000   -0.15532   -0.95421
8.00000   56.00000   -0.27459   -1.05120
24.00000   56.00000   -0.05684   -1.19007
40.00000   56.00000   -0.12574   -1.02659
56.00000   56.00000   -0.25661   -0.90170
72.00000   56.00000   0.26159   -1.03980
88.00000   56.00000   0.00492   -0.96160
8.00000   72.00000   -0.31917   -1.07637
24.00000   72.00000   0.08229   -0.99685
40.00000   72.00000   0.13725   -0.93172
56.00000   72.00000   -0.20582   -0.90391
72.00000   72.00000   -0.03791   -1.00618
88.00000   72.00000   -0.24917   -0.95641
8.00000   88.00000   -0.12093   -0.98606
24.00000   88.00000   -0.14409   -0.98193
40.00000   88.00000   0.34438   -0.99739
56.00000   88.00000   0.02779   -1.10426
72.00000   88.00000   -0.00807   -1.07245
88.00000   88.00000   -0.02187   -1.07758
8.00000   104.00000   -0.06933   -0.89565
24.00000   104.00000   -0.33509   -0.99895
40.00000   104.00000   0.30675   -1.05437
56.00000   104.00000   -0.17510   -1.09777
72.00000   104.00000   -0.45859   -1.02456
88.00000   104.00000   -0.33745   -1.02750
8.00000   120.00000   0.03588   -1.20295
24.00000   120.00000   0.12872   -1.17806
40.00000   120.00000   0.15035   -1.08578
56.00000   120.00000   -0.15951   -1.11381
72.00000   120.00000   -0.21821   -1.13376
88.00000   120.00000   -0.14511   -1.06286
8.00000   136.00000   -0.06263   -1.02037
24.00000   136.00000   0.17748   -1.08694
40.00000   136.00000   -0.03893   -1.19154
56.00000   136.00000   0.21526   -1.07599
72.00000   136.00000   -0.07947   -1.05097
88.00000   136.00000   -0.16889   -1.26178
8.00000   152.00000   -0.04584   -1.11426
24.00000   152.00000   0.11427   -0.95531
40.00000   152.00000   -0.24693   -0.94127
56.00000   152.00000   -0.06613   -0.98002
72.00000   152.00000   -0.30738   -1.00306
88.00000   152.00000   -0.08048   -1.12367
8.00000   168.00000   -0.40889   -0.97603
24.00000   168.00000   -0.12481   -0.87667
40.00000   168.00000   -0.05277   -1.02710
56.00000   168.00000   0.08108   -1.06075
72.00000   168.00000   -0.02092   -0.95429
88.00000   168.00000   0.20294   -1.14035
8.00000   184.00000   -0.00086   -0.94868
24.00000   184.00000   -0.24048   -0.92105
40.00000   184.00000   0.04873   -0.97295
56.00000   184.00000   0.02597   -0.90567
72.00000   184.00000   -0.17254   -1.19237
88.00000   184.00000   -0.08031   -1.14369
8.00000   200.00000   -0.21926   -0.97762
24.00000   200.00000   -0.15345   -1.06088
40.00000   200.00000   0.13049   -1.03410
56.00000   200.00000   -0.05915   -0.97614
72.00000   200.00000   0.21988   -1.06338
88.00000   200.00000   -0.04562   -1.08889
8.00000   216.00000   -0.12020   -0.92590
24.00000   216.00000   -0.41308   -1.05967
40.00000   216.00000   0.05169   -1.02087
56.00000   216.00000   0.33446   -0.87110
72.00000   216.00000   0.12073   -0.96347
88.00000   216.00000   -0.06004   -0.86181
8.00000   232.00000   -0.00381   -0.98604
24.00000   232.00000   -0.14316   -1.11959
40.00000   232.00000   0.22322   -1.03773
56.00000   232.00000   0.16563   -1.05826
72.00000   232.00000   -0.29029   -0.87455
88.00000   232.00000   -0.20518   -0.94043
8.00000   248.00000   -0.49760   -0.92721
24.00000   248.00000   -0.23501   -1.04755
40.00000   248.00000   0.13321   -1.02734
56.00000   248.00000   0.38253   -1.04715
72.00000   248.00000   -0.26245   -0.83207
88.00000   248.00000   -0.24973   -0.87725
8.00000   264.00000   -0.04207   -1.17405
24.00000   264.00000   0.04345   -1.09650
40.00000   264.00000   0.11958   -1.04480
56.00000   264.00000   -0.20197   -0.93356
72.00000   264.00000   -0.14894   -0.97109
88.00000   264.00000   -0.15675   -0.98450
8.00000   280.00000   -0.26606   -1.01922
24.00000   280.00000   -0.07354   -1.06072
40.00000   280.00000   0.22235   -1.09296
56.00000   280.00000   -0.06554   -1.01438
72.00000   280.00000   -0.26608   -0.83202
88.00000   280.00000   -0.09054   -1.00620
8.00000   296.00000   -0.02690   -0.99237
24.00000   296.00000   0.22773   -1.12892
40.00000   296.00000   -0.12507   -0.99454
56.00000   296.00000   -0.40931   -1.01417
72.00000   296.00000   0.02862   -0.89445
88.00000   296.00000   -0.36346   -1.04933
8.00000   312.00000   -0.27810   -0.98477
24.00000   312.00000   -0.03452   -0.99828
40.00000   312.00000   -0.27470   -0.98480
56.00000   312.00000   -0.18355   -1.13836
72.00000   312.00000   -0.19465   -0.81954
88.00000   312.00000   0.05497   -1.04339
8.00000   328.00000   -0.20153   -0.87065
24.00000   328.00000   -0.05665   -1.07839
40.00000   328.00000   -0.70056   -1.05944
56.00000   328.00000   -0.50235   -0.99965
72.00000   328.00000   -0.18019   -1.04986
88.00000   328.00000   0.09869   -0.97745
8.00000   344.00000   0.05575   -1.03611
24.00000   344.00000   -0.53497   -0.95316
40.00000   344.00000   -0.53187   -1.04590
56.00000   344.00000   0.04865   -1.02560
72.00000   344.00000   -0.11194   -0.93158
88.00000   344.00000   0.07664   -0.90992
8.00000   360.00000   -0.04092   -0.92539
24.00000   360.00000   -0.42164   -0.93116
40.00000   360.00000   -0.61424   -0.90029
56.00000   360.00000   -0.08212   -0.97553
72.00000   360.00000   -0.21953   -0.75751
88.00000   360.00000   0.03821   -0.91901
8.00000   376.00000   -0.65826   -0.82586
24.00000   376.00000   -0.55111   -0.82586
40.00000   376.00000   -0.74099   -1.00229
56.00000   376.00000   -0.63846   -0.92849
72.00000   376.00000   -0.07536   -0.83653
88.00000   376.00000   0.07584   -0.80576
8.00000   392.00000   -0.51356   -0.88891
24.00000   392.00000   -0.28038   -0.75403
40.00000   392.00000   -0.72934   -0.98633
56.00000   392.00000   -0.10692   -1.03503
72.00000   392.00000   -0.09432   -0.99921
88.00000   392.00000   -0.14394   -0.77605
8.00000   408.00000   -0.62388   -1.04292
24.00000   408.00000   -0.19716   -0.89937
40.00000   408.00000   -0.62809   -0.89696
56.00000   408.00000   -0.55441   -1.06907
72.00000   408.00000   -0.15004   -1.10414
88.00000   408.00000   -0.12534   -0.91717
8.00000   424.00000   -0.30089   -0.89871
24.00000   424.00000   -0.39671   -1.11843
40.00000   424.00000   -0.77534   -1.06155
56.00000   424.00000   -0.17098   -1.25078
72.00000   424.00000   -0.19067   -1.07546
88.00000   424.00000   -0.04108   -1.11072
8.00000   440.00000   -0.20296   -0.96137
24.00000   440.00000   -0.46888   -1.20781
40.00000   440.00000   -0.61896   -1.12449
56.00000   440.00000   -0.34553   -1.04130
72.00000   440.00000   -0.34163   -1.01881
88.00000   440.00000   0.08546   -1.05331
8.00000   456.00000   -0.86720   -0.99794
24.00000   456.00000   -0.54947   -1.12585
40.00000   456.00000   -0.74531   -1.04594
56.00000   456.00000   -0.24055   -1.09392
72.00000   456.00000   -0.31195   -1.15371
88.00000   456.00000   -0.07929   -1.21991
8.00000   472.00000   -0.64458   -1.22122
24.00000   472.00000   -0.68839   -1.27924
40.00000   472.00000   -0.58765   -1.08304
56.00000   472.00000   -0.59291   -1.19117
72.00000   472.00000   -0.33251   -1.04634
88.00000   472.00000   -0.21501   -1.10920
8.00000   488.00000   -0.48536   -1.11665
24.00000   488.00000   -0.20577   -1.05274
40.00000   488.00000   -0.54468   -1.26208
56.00000   488.00000   -0.42904   -1.15986
72.00000   488.00000   -0.45733   -1.16767
88.00000   488.00000   -0.41360   -1.00645
8.00000   504.00000   -0.11592   -0.98383
24.00000   504.00000   -0.66561   -1.05686
40.00000   504.00000   -0.50057   -1.10438
56.00000   504.00000   -0.36186   -1.25805
72.00000   504.00000   -0.46083   -1.15168
88.00000   504.00000   -0.35649   -1.09247
8.00000   520.00000   -0.68825   -0.89738
24.00000   520.00000   -0.54733   -1.02054
40.00000   520.00000   -0.51480   -1.28485
56.00000   520.00000   -0.25886   -1.15261
72.00000   520.00000   -0.62628   -1.17675
88.00000   520.00000   -0.17932   -1.08418
8.00000   536.00000   -0.84150   -0.78099
24.00000   536.00000   -0.42740   -1.24773
40.00000   536.00000   -0.41775   -1.05977
56.00000   536.00000   -0.37214   -1.09021
72.00000   536.00000   -0.59675   -1.42541
88.00000   536.00000   -0.17051   -1.16363
