# image 9 and 10 x,y,u,v
8.00000   8.00000   -0.66897   -0.99642
24.00000   8.00000   -0.28443   -1.05001
40.00000   8.00000   -0.06003   -1.04444
56.00000   8.00000   0.01882   -1.14469
72.00000   8.00000   0.12347   -1.01376
88.00000   8.00000   -0.23843   -0.97418
8.00000   24.00000   -0.27938   -0.98564
24.00000   24.00000   -0.20976   -1.08441
40.00000   24.00000   -0.22261   -1.16043
56.00000   24.00000   -0.20838   -0.94623
72.00000   24.00000   -0.24677   -0.97456
88.00000   24.00000   0.05457   -1.01544
8.00000   40.00000   -0.44366   -1.08874
24.00000   40.00000   -0.14086   -1.07367
40.00000   40.00000   -0.05481   -1.12781
56.00000   40.00000   -0.33430   -0.97898
72.00000   40.00000   -0.21368   -1.06318
88.00000   40.00000   -0.30534   -0.99520
8.00000   56.00000   -0.51685   -0.98350
24.00000   56.00000   -0.11779   -1.18177
40.00000   56.00000   -0.01132   -0.98560
56.00000   56.00000   -0.11011   -1.11217
72.00000   56.00000   -0.11837   -1.14900
88.00000   56.00000   -0.23860   -0.91469
8.00000   72.00000   -0.33126   -0.92691
24.00000   72.00000   -0.12653   -0.97720
40.00000   72.00000   0.07567   -0.97421
56.00000   72.00000   -0.04200   -0.92976
72.00000   72.00000   -0.14496   -1.10776
88.00000   72.00000   -0.19889   -0.84576
8.00000   88.00000   -0.27898   -0.95942
24.00000   88.00000   -0.03501   -0.97750
40.00000   88.00000   0.02607   -0.91156
56.00000   88.00000   0.03680   -0.93392
72.00000   88.00000   0.00942   -1.14385
88.00000   88.00000   -0.02112   -0.90338
8.00000   104.00000   -0.40715   -1.05537
24.00000   104.00000   -0.18343   -1.05664
40.00000   104.00000   -0.14791   -0.96320
56.00000   104.00000   0.01721   -0.92799
72.00000   104.00000   -0.01576   -0.95909
88.00000   104.00000   -0.04442   -1.00232
8.00000   120.00000   -0.33287   -1.04042
24.00000   120.00000   -0.03964   -1.08946
40.00000   120.00000   -0.03430   -1.12947
56.00000   120.00000   -0.20054   -0.99006
72.00000   120.00000   -0.22503   -0.93729
88.00000   120.00000   -0.13415   -0.82253
8.00000   136.00000   -0.38917   -1.30638
24.00000   136.00000   -0.04957   -1.03153
40.00000   136.00000   0.04496   -0.82944
56.00000   136.00000   -0.04607   -1.15724
72.00000   136.00000   -0.37663   -0.95286
88.00000   136.00000   0.06799   -0.98851
8.00000   152.00000   0.29766   -1.05573
24.00000   152.00000   -0.18763   -0.94535
40.00000   152.00000   -0.22431   -0.97991
56.00000   152.00000   -0.17029   -1.07390
72.00000   152.00000   -0.12555   -1.15449
88.00000   152.00000   -0.09098   -1.17266
8.00000   168.00000   -0.24030   -1.10898
24.00000   168.00000   -0.20969   -0.96846
40.00000   168.00000   0.04790   -1.02654
56.00000   168.00000   -0.24113   -1.01743
72.00000   168.00000   -0.03779   -1.07038
88.00000   168.00000   -0.08265   -1.13223
8.00000   184.00000   -0.15218   -1.14543
24.00000   184.00000   -0.07086   -1.06181
40.00000   184.00000   -0.19240   -1.10741
56.00000   184.00000   -0.18659   -1.04758
72.00000   184.00000   -0.05409   -1.16537
88.00000   184.00000   -0.20658   -0.95688
8.00000   200.00000   -0.18384   -1.10038
24.00000   200.00000   0.27538   -0.84893
40.00000   200.00000   0.31149   -1.03839
56.00000   200.00000   -0.01861   -1.00377
72.00000   200.00000   -0.03562   -0.96780
88.00000   200.00000   -0.11959   -0.90748
8.00000   216.00000   -0.02962   -1.01264
24.00000   216.00000   0.46483   -1.04797
40.00000   216.00000   -0.08005   -1.12260
56.00000   216.00000   0.25331   -0.89187
72.00000   216.00000   -0.11656   -0.92265
88.00000   216.00000   -0.17555   -1.09766
8.00000   232.00000   -0.04769   -1.15408
24.00000   232.00000   -0.11472   -0.92314
40.00000   232.00000   -0.55721   -1.07924
56.00000   232.00000   -0.00520   -0.99410
72.00000   232.00000   -0.07631   -0.91515
88.00000   232.00000   -0.05123   -1.00162
8.00000   248.00000   -0.12009   -0.98762
24.00000   248.00000   0.40078   -1.01888
40.00000   248.00000   -0.01694   -0.90646
56.00000   248.00000   0.23841   -0.93070
72.00000   248.00000   -0.61755   -0.88884
88.00000   248.00000   -0.31373   -0.95472
8.00000   264.00000   -0.13875   -1.04196
24.00000   264.00000   0.03238   -1.17136
40.00000   264.00000   0.15258   -0.93364
56.00000   264.00000   -0.23330   -1.10043
72.00000   264.00000   -0.42474   -0.93741
88.00000   264.00000   -0.23131   -0.99742
8.00000   280.00000   -0.13946   -1.12156
24.00000   280.00000   -0.08795   -0.93846
40.00000   280.00000   -0.26359   -0.92158
56.00000   280.00000   0.19434   -1.05610
72.00000   280.00000   -0.30140   -0.83354
88.00000   280.00000   -0.42779   -0.90389
8.00000   296.00000   0.03788   -0.96138
24.00000   296.00000   0.17409   -0.97160
40.00000   296.00000   0.26118   -0.96206
56.00000   296.00000   -0.36251   -0.71658
72.00000   296.00000   -0.28404   -0.80229
88.00000   296.00000   -0.14157   -0.86517
8.00000   312.00000   -0.20517   -0.94873
24.00000   312.00000   -0.06052   -1.13246
40.00000   312.00000   -0.16995   -1.07065
56.00000   312.00000   -0.39025   -1.02420
72.00000   312.00000   -0.05412   -0.99143
88.00000   312.00000   0.09656   -1.05357
8.00000   328.00000   -0.05294   -0.96788
24.00000   328.00000   -0.27765   -0.94825
40.00000   328.00000   -0.57590   -0.98888
56.00000   328.00000   -0.33487   -1.04702
72.00000   328.00000   -0.07645   -1.02918
88.00000   328.00000   0.10504   -0.87476
8.00000   344.00000   -0.08087   -0.99621
24.00000   344.00000   -0.26820   -1.13112
40.00000   344.00000   -0.69283   -0.86917
56.00000   344.00000   -0.12843   -0.70519
72.00000   344.00000   -0.17715   -0.96793
88.00000   344.00000   -0.00282   -0.95235
8.00000   360.00000   0.03855   -0.89388
24.00000   360.00000   0.06145   -0.94040
40.00000   360.00000   -0.59610   -0.94041
56.00000   360.00000   -0.56695   -0.90860
72.00000   360.00000   -0.17063   -0.74424
88.00000   360.00000   -0.03714   -0.84198
8.00000   376.00000   -0.09409   -1.01171
24.00000   376.00000   -0.78748   -0.86475
40.00000   376.00000   -0.55254   -1.00297
56.00000   376.00000   -0.54229   -0.97863
72.00000   376.00000   -0.09103   -0.80878
88.00000   376.00000   0.04532   -0.84550
8.00000   392.00000   -0.30234   -0.99896
24.00000   392.00000   -0.59335   -1.09349
40.00000   392.00000   -0.44469   -0.92224
56.00000   392.00000   -0.74515   -1.11076
72.00000   392.00000   -0.14997   -0.97784
88.00000   392.00000   -0.16898   -0.90510
8.00000   408.00000   -0.26394   -1.11417
24.00000   408.00000   -0.56301   -1.10601
40.00000   408.00000   -0.78611   -0.98867
56.00000   408.00000   -0.41383   -1.16818
72.00000   408.00000   -0.33431   -1.12943
88.00000   408.00000   0.00150   -1.21844
8.00000   424.00000   -0.11475   -0.90982
24.00000   424.00000   -0.30467   -0.83656
40.00000   424.00000   -0.53394   -0.95701
56.00000   424.00000   -0.21052   -1.01801
72.00000   424.00000   -0.21022   -1.04183
88.00000   424.00000   -0.09513   -0.99765
8.00000   440.00000   -0.28721   -0.97338
24.00000   440.00000   -0.73616   -0.96213
40.00000   440.00000   -0.61505   -0.98465
56.00000   440.00000   -0.11467   -1.14193
72.00000   440.00000   -0.14821   -1.04323
88.00000   440.00000   -0.07209   -0.99030
8.00000   456.00000   -0.74445   -0.98738
24.00000   456.00000   -0.33675   -1.02683
40.00000   456.00000   -0.56637   -0.99985
56.00000   456.00000   -0.15164   -1.14989
72.00000   456.00000   -0.17845   -1.15305
88.00000   456.00000   -0.02694   -1.01285
8.00000   472.00000   -0.41836   -1.21486
24.00000   472.00000   -0.30886   -1.07930
40.00000   472.00000   -0.69398   -0.97637
56.00000   472.00000   -0.22959   -1.14065
72.00000   472.00000   -0.36195   -0.97822
88.00000   472.00000   0.05047   -1.11900
8.00000   488.00000   0.08033   -1.15683
24.00000   488.00000   -0.29720   -1.00213
40.00000   488.00000   -0.27774   -1.34614
56.00000   488.00000   -0.26186   -1.14706
72.00000   488.00000   -0.25584   -1.17974
88.00000   488.00000   -0.29678   -1.08817
8.00000   504.00000   -0.72160   -1.26004
24.00000   504.00000   -0.33936   -1.10311
40.00000   504.00000   -0.69730   -1.12007
56.00000   504.00000   -0.62777   -1.11299
72.00000   504.00000   -0.16936   -1.16445
88.00000   504.00000   -0.16216   -1.05273
8.00000   520.00000   -0.65137   -1.08885
24.00000   520.00000   -0.15709   -1.24803
40.00000   520.00000   -0.06845   -1.19705
56.00000   520.00000   -0.45383   -1.27593
72.00000   520.00000   -0.22793   -1.18712
88.00000   520.00000   -0.30565   -1.07276
8.00000   536.00000   -0.47716   -0.91704
24.00000   536.00000   -0.40664   -1.12427
40.00000   536.00000   -0.13294   -1.38600
56.00000   536.00000   -0.41228   -1.26779
72.00000   536.00000   -0.35027   -1.19279
88.00000   536.00000   -0.46751   -1.18219
