# image 95 and 96 x,y,u,v
8.00000   8.00000   -0.64737   -1.01767
24.00000   8.00000   -0.24384   -0.97067
40.00000   8.00000   0.17328   -1.09512
56.00000   8.00000   0.18209   -0.84663
72.00000   8.00000   -0.16721   -0.99872
88.00000   8.00000   0.18130   -1.00398
8.00000   24.00000   -0.46779   -0.97322
24.00000   24.00000   -0.16397   -0.99325
40.00000   24.00000   -0.04763   -1.18619
56.00000   24.00000   -0.07920   -1.05834
72.00000   24.00000   -0.25718   -0.98125
88.00000   24.00000   -0.09268   -1.05166
8.00000   40.00000   -0.20160   -1.14250
24.00000   40.00000   -0.11786   -1.15177
40.00000   40.00000   -0.16373   -0.96319
56.00000   40.00000   -0.31054   -1.02346
72.00000   40.00000   0.01480   -0.84012
88.00000   40.00000   -0.35466   -1.06835
8.00000   56.00000   -0.43393   -1.01983
24.00000   56.00000   0.02256   -0.95209
40.00000   56.00000   0.05313   -1.04833
56.00000   56.00000   -0.47216   -1.06379
72.00000   56.00000   -0.12520   -1.03053
88.00000   56.00000   -0.19936   -0.91619
8.00000   72.00000   -0.42999   -1.00999
24.00000   72.00000   -0.03670   -1.14371
40.00000   72.00000   0.18686   -1.01956
56.00000   72.00000   -0.11438   -1.04890
72.00000   72.00000   -0.08782   -1.10918
88.00000   72.00000   -0.15125   -0.89208
8.00000   88.00000   -0.09753   -1.07498
24.00000   88.00000   -0.07797   -1.07402
40.00000   88.00000   0.19013   -1.01886
56.00000   88.00000   -0.25919   -0.99209
72.00000   88.00000   -0.35905   -1.00880
88.00000   88.00000   -0.26195   -0.93170
8.00000   104.00000   -0.02864   -1.09383
24.00000   104.00000   -0.20809   -0.93306
40.00000   104.00000   0.30737   -1.07455
56.00000   104.00000   -0.01932   -1.10166
72.00000   104.00000   -0.27250   -1.08532
88.00000   104.00000   -0.02588   -1.10174
8.00000   120.00000   -0.11931   -1.04437
24.00000   120.00000   0.00267   -1.09906
40.00000   120.00000   0.12400   -1.07660
56.00000   120.00000   -0.01731   -1.02520
72.00000   120.00000   -0.24722   -0.91195
88.00000   120.00000   -0.08608   -0.93964
8.00000   136.00000   0.02428   -1.01336
24.00000   136.00000   0.22927   -1.05042
40.00000   136.00000   -0.28543   -0.91891
56.00000   136.00000   -0.03021   -1.15234
72.00000   136.00000   -0.10674   -1.11278
88.00000   136.00000   -0.11616   -1.24230
8.00000   152.00000   -0.46825   -1.28851
24.00000   152.00000   0.21468   -1.03739
40.00000   152.00000   0.04369   -0.99591
56.00000   152.00000   0.04671   -0.95171
72.00000   152.00000   -0.29610   -0.94923
88.00000   152.00000   0.07494   -0.99058
8.00000   168.00000   0.18348   -0.95764
24.00000   168.00000   -0.21274   -0.77652
40.00000   168.00000   0.07532   -1.02363
56.00000   168.00000   0.04474   -1.02581
72.00000   168.00000   -0.02866   -0.87096
88.00000   168.00000   0.16965   -1.04574
8.00000   184.00000   -0.08084   -0.95049
24.00000   184.00000   -0.23127   -1.13781
40.00000   184.00000   0.09624   -0.95646
56.00000   184.00000   0.07113   -1.01631
72.00000   184.00000   0.10791   -1.16053
88.00000   184.00000   0.06866   -1.05331
8.00000   200.00000   -0.26870   -0.95433
24.00000   200.00000   -0.21129   -0.97510
40.00000   200.00000   0.12898   -0.88264
56.00000   200.00000   0.00301   -1.01661
72.00000   200.00000   0.10848   -1.02463
88.00000   200.00000   -0.14631   -0.93860
8.00000   216.00000   -0.07760   -0.88540
24.00000   216.00000   -0.44491   -1.13176
40.00000   216.00000   0.35189   -1.06554
56.00000   216.00000   0.20640   -0.90714
72.00000   216.00000   -0.21381   -1.04659
88.00000   216.00000   -0.18879   -0.96197
8.00000   232.00000   -0.21671   -1.06429
24.00000   232.00000   -0.15885   -0.92001
40.00000   232.00000   -0.09836   -1.05601
56.00000   232.00000   0.34509   -1.07127
72.00000   232.00000   0.06038   -0.96571
88.00000   232.00000   -0.22334   -0.89011
8.00000   248.00000   -0.07023   -1.01040
24.00000   248.00000   0.08317   -1.07120
40.00000   248.00000   0.25513   -1.13049
56.00000   248.00000   0.11886   -1.06296
72.00000   248.00000   -0.17120   -0.91864
88.00000   248.00000   -0.25431   -0.89295
8.00000   264.00000   -0.28819   -1.16114
24.00000   264.00000   -0.40738   -0.92559
40.00000   264.00000   0.04535   -1.06132
56.00000   264.00000   -0.06016   -0.96198
72.00000   264.00000   -0.38458   -0.98247
88.00000   264.00000   -0.26290   -0.90194
8.00000   280.00000   -0.23033   -1.10137
24.00000   280.00000   0.33188   -0.95095
40.00000   280.00000   0.17321   -1.10156
56.00000   280.00000   -0.33563   -1.04908
72.00000   280.00000   0.11052   -1.04314
88.00000   280.00000   0.03258   -0.93044
8.00000   296.00000   0.03569   -1.12061
24.00000   296.00000   -0.09641   -1.03016
40.00000   296.00000   -0.20820   -1.02328
56.00000   296.00000   0.31033   -1.15497
72.00000   296.00000   -0.36464   -0.93763
88.00000   296.00000   -0.03101   -1.16947
8.00000   312.00000   -0.08183   -1.09008
24.00000   312.00000   0.04009   -1.15851
40.00000   312.00000   -0.22331   -0.98257
56.00000   312.00000   -0.30445   -0.81685
72.00000   312.00000   -0.24128   -0.82548
88.00000   312.00000   0.15158   -0.97062
8.00000   328.00000   -0.00295   -1.03999
24.00000   328.00000   -0.42503   -0.99455
40.00000   328.00000   -0.65008   -1.08124
56.00000   328.00000   -0.12477   -1.01867
72.00000   328.00000   -0.16540   -0.92074
88.00000   328.00000   -0.01798   -0.92634
8.00000   344.00000   -0.15752   -0.98562
24.00000   344.00000   -0.60684   -1.06905
40.00000   344.00000   -0.64569   -0.87243
56.00000   344.00000   0.02809   -1.26204
72.00000   344.00000   -0.36079   -0.88137
88.00000   344.00000   -0.01756   -0.99192
8.00000   360.00000   -0.18410   -0.90400
24.00000   360.00000   -0.24381   -1.06087
40.00000   360.00000   -0.62442   -0.87588
56.00000   360.00000   -0.05624   -0.83246
72.00000   360.00000   -0.24683   -0.85358
88.00000   360.00000   -0.00608   -0.85612
8.00000   376.00000   -0.23996   -1.12280
24.00000   376.00000   -0.43722   -0.87981
40.00000   376.00000   -0.84390   -0.93647
56.00000   376.00000   -0.58574   -1.05565
72.00000   376.00000   -0.10979   -0.85947
88.00000   376.00000   -0.12254   -0.85947
8.00000   392.00000   -0.34424   -0.99197
24.00000   392.00000   -0.55643   -0.90709
40.00000   392.00000   -0.46197   -1.03836
56.00000   392.00000   -0.45410   -0.93314
72.00000   392.00000   -0.15137   -0.85712
88.00000   392.00000   -0.03786   -0.89033
8.00000   408.00000   -0.60940   -1.20075
24.00000   408.00000   -0.25823   -0.90416
40.00000   408.00000   -0.44800   -0.90034
56.00000   408.00000   -0.48030   -1.17567
72.00000   408.00000   -0.36622   -0.81957
88.00000   408.00000   0.01036   -0.96389
8.00000   424.00000   -0.01869   -0.83313
24.00000   424.00000   -0.56771   -1.04190
40.00000   424.00000   -0.55081   -1.06575
56.00000   424.00000   -0.63599   -1.14594
72.00000   424.00000   -0.06796   -1.09275
88.00000   424.00000   -0.18838   -1.05386
8.00000   440.00000   -0.19218   -1.03320
24.00000   440.00000   -0.53866   -1.04944
40.00000   440.00000   -0.43857   -1.17151
56.00000   440.00000   -0.17598   -1.14139
72.00000   440.00000   -0.31127   -1.12480
88.00000   440.00000   -0.20245   -1.01098
8.00000   456.00000   -0.89756   -0.93469
24.00000   456.00000   -0.31186   -1.09329
40.00000   456.00000   -0.58241   -1.15842
56.00000   456.00000   -0.24983   -0.82995
72.00000   456.00000   -0.29540   -1.11505
88.00000   456.00000   -0.20268   -1.16303
8.00000   472.00000   -0.54791   -0.96338
24.00000   472.00000   -0.79218   -1.13889
40.00000   472.00000   -0.55384   -1.03780
56.00000   472.00000   -0.33758   -1.22677
72.00000   472.00000   -0.50568   -1.11933
88.00000   472.00000   -0.11164   -1.12741
8.00000   488.00000   0.07966   -1.09545
24.00000   488.00000   -0.51588   -1.20858
40.00000   488.00000   -0.34425   -1.09956
56.00000   488.00000   -0.59621   -1.12178
72.00000   488.00000   -0.41109   -1.09808
88.00000   488.00000   -0.24120   -1.06209
8.00000   504.00000   -0.40588   -1.11199
24.00000   504.00000   -0.65189   -1.11364
40.00000   504.00000   -0.66090   -1.11304
56.00000   504.00000   -0.48834   -1.17552
72.00000   504.00000   -0.64679   -1.20383
88.00000   504.00000   -0.21561   -1.32796
8.00000   520.00000   -0.66272   -0.86406
24.00000   520.00000   -0.63792   -1.30590
40.00000   520.00000   -0.30838   -0.87996
56.00000   520.00000   -0.31467   -1.14014
72.00000   520.00000   -0.64133   -1.11004
88.00000   520.00000   -0.20238   -1.13787
8.00000   536.00000   -0.64430   -1.00014
24.00000   536.00000   -0.13060   -1.07214
40.00000   536.00000   -0.63543   -1.15720
56.00000   536.00000   -0.25057   -1.32320
72.00000   536.00000   -0.49289   -1.33055
88.00000   536.00000   -0.17698   -1.19936
