# image 4 and 5 x,y,u,v
8.00000   8.00000   -0.63268   -0.98291
24.00000   8.00000   -0.30110   -0.89683
40.00000   8.00000   -0.07515   -1.05765
56.00000   8.00000   -0.06081   -1.11859
72.00000   8.00000   -0.06326   -1.10609
88.00000   8.00000   -0.16028   -0.95113
8.00000   24.00000   -0.31200   -1.05293
24.00000   24.00000   -0.17502   -1.10788
40.00000   24.00000   0.09624   -1.09331
56.00000   24.00000   0.04864   -1.07248
72.00000   24.00000   -0.23929   -1.07691
88.00000   24.00000   0.00625   -0.97048
8.00000   40.00000   -0.39254   -0.95801
24.00000   40.00000   -0.31826   -1.04209
40.00000   40.00000   -0.34551   -1.01289
56.00000   40.00000   -0.31743   -0.93553
72.00000   40.00000   0.00956   -1.06248
88.00000   40.00000   -0.12785   -0.95997
8.00000   56.00000   -0.47794   -1.03754
24.00000   56.00000   -0.22050   -1.09668
40.00000   56.00000   0.00954   -0.96513
56.00000   56.00000   0.14229   -1.01586
72.00000   56.00000   -0.22622   -0.96828
88.00000   56.00000   -0.33205   -1.03375
8.00000   72.00000   -0.43897   -1.03773
24.00000   72.00000   -0.08205   -1.11944
40.00000   72.00000   0.19827   -0.93318
56.00000   72.00000   -0.09536   -1.02302
72.00000   72.00000   -0.04860   -1.04241
88.00000   72.00000   -0.16412   -0.87460
8.00000   88.00000   -0.38031   -0.95207
24.00000   88.00000   -0.07194   -0.83923
40.00000   88.00000   -0.17550   -0.97816
56.00000   88.00000   0.05622   -0.95749
72.00000   88.00000   -0.11274   -1.04126
88.00000   88.00000   -0.04420   -0.92933
8.00000   104.00000   -0.68314   -0.95082
24.00000   104.00000   0.03881   -0.95809
40.00000   104.00000   -0.02324   -1.02071
56.00000   104.00000   -0.10987   -0.83186
72.00000   104.00000   -0.11738   -0.80300
88.00000   104.00000   0.06232   -1.01593
8.00000   120.00000   -0.26868   -1.02800
24.00000   120.00000   -0.21488   -1.11628
40.00000   120.00000   -0.32909   -0.98621
56.00000   120.00000   -0.23133   -0.97707
72.00000   120.00000   -0.06545   -0.93395
88.00000   120.00000   -0.17004   -1.04302
8.00000   136.00000   -0.08164   -1.03111
24.00000   136.00000   -0.36713   -1.09458
40.00000   136.00000   -0.11663   -1.09999
56.00000   136.00000   -0.34562   -0.94184
72.00000   136.00000   -0.17173   -0.89187
88.00000   136.00000   -0.09797   -0.99867
8.00000   152.00000   0.07075   -1.09331
24.00000   152.00000   -0.11101   -1.12096
40.00000   152.00000   -0.26679   -0.93100
56.00000   152.00000   -0.22305   -0.91452
72.00000   152.00000   -0.11655   -1.26463
88.00000   152.00000   -0.15592   -1.16058
8.00000   168.00000   -0.17325   -1.06559
24.00000   168.00000   -0.18997   -0.90154
40.00000   168.00000   -0.09424   -0.83974
56.00000   168.00000   -0.02662   -1.17263
72.00000   168.00000   -0.07032   -1.18667
88.00000   168.00000   0.00637   -1.10819
8.00000   184.00000   0.01823   -1.11251
24.00000   184.00000   0.09880   -1.19443
40.00000   184.00000   -0.06883   -1.21303
56.00000   184.00000   -0.18674   -1.02435
72.00000   184.00000   -0.09824   -1.07990
88.00000   184.00000   -0.33048   -1.04243
8.00000   200.00000   -0.17520   -1.03631
24.00000   200.00000   -0.09849   -1.01674
40.00000   200.00000   -0.00434   -1.09128
56.00000   200.00000   0.12523   -1.06982
72.00000   200.00000   -0.05153   -1.02494
88.00000   200.00000   -0.16196   -1.02322
8.00000   216.00000   -0.08771   -1.05817
24.00000   216.00000   0.00953   -0.85009
40.00000   216.00000   0.11636   -0.91079
56.00000   216.00000   0.11036   -0.81751
72.00000   216.00000   -0.17382   -0.93894
88.00000   216.00000   -0.07706   -1.07103
8.00000   232.00000   -0.09970   -0.92650
24.00000   232.00000   0.00953   -0.96202
40.00000   232.00000   -0.24602   -1.06144
56.00000   232.00000   0.28688   -1.02823
72.00000   232.00000   -0.15736   -0.96462
88.00000   232.00000   -0.26008   -0.95578
8.00000   248.00000   -0.16108   -0.89329
24.00000   248.00000   0.23272   -0.94701
40.00000   248.00000   -0.37025   -0.86057
56.00000   248.00000   -0.18960   -0.92845
72.00000   248.00000   -0.07700   -0.95845
88.00000   248.00000   -0.25300   -1.00822
8.00000   264.00000   -0.18234   -1.15308
24.00000   264.00000   -0.27523   -0.92630
40.00000   264.00000   -0.06625   -1.00514
56.00000   264.00000   0.09019   -1.17021
72.00000   264.00000   -0.14383   -1.06390
88.00000   264.00000   -0.36254   -0.86839
8.00000   280.00000   -0.25156   -1.21304
24.00000   280.00000   0.27894   -1.22971
40.00000   280.00000   0.03930   -0.95091
56.00000   280.00000   -0.18393   -0.96700
72.00000   280.00000   -0.30907   -0.85742
88.00000   280.00000   -0.31763   -1.13683
8.00000   296.00000   -0.10853   -1.04345
24.00000   296.00000   0.02852   -1.10251
40.00000   296.00000   -0.25354   -1.02691
56.00000   296.00000   -0.23426   -0.72825
72.00000   296.00000   -0.20908   -0.93806
88.00000   296.00000   -0.14754   -1.02259
8.00000   312.00000   0.11531   -1.16370
24.00000   312.00000   -0.01881   -0.97505
40.00000   312.00000   0.06677   -0.81797
56.00000   312.00000   -0.32850   -1.06340
72.00000   312.00000   -0.18920   -0.85353
88.00000   312.00000   -0.03094   -0.96897
8.00000   328.00000   -0.23981   -0.93315
24.00000   328.00000   -0.38501   -0.94097
40.00000   328.00000   -0.55072   -1.03962
56.00000   328.00000   -0.28321   -1.13139
72.00000   328.00000   -0.30652   -0.88740
88.00000   328.00000   0.20162   -0.95815
8.00000   344.00000   0.06363   -0.89779
24.00000   344.00000   -0.48107   -1.03478
40.00000   344.00000   -0.65759   -0.95161
56.00000   344.00000   -0.27507   -0.85097
72.00000   344.00000   -0.20468   -0.93084
88.00000   344.00000   0.05963   -0.83932
8.00000   360.00000   -0.19837   -1.08486
24.00000   360.00000   -0.05909   -0.94872
40.00000   360.00000   -0.73381   -1.01719
56.00000   360.00000   -0.65022   -0.76462
72.00000   360.00000   -0.23726   -0.90718
88.00000   360.00000   -0.05834   -0.94464
8.00000   376.00000   0.08243   -1.00585
24.00000   376.00000   -0.41517   -1.01259
40.00000   376.00000   -0.60052   -1.02275
56.00000   376.00000   -0.43010   -0.92691
72.00000   376.00000   -0.15111   -0.71292
88.00000   376.00000   0.13711   -0.88415
8.00000   392.00000   -0.25736   -0.87976
24.00000   392.00000   -0.54853   -0.96861
40.00000   392.00000   -0.42573   -1.10681
56.00000   392.00000   -0.66211   -0.96497
72.00000   392.00000   0.07304   -1.07304
88.00000   392.00000   -0.09860   -1.01782
8.00000   408.00000   -0.29687   -1.04807
24.00000   408.00000   -0.63088   -0.83085
40.00000   408.00000   -0.56580   -1.11221
56.00000   408.00000   -0.51434   -1.01195
72.00000   408.00000   -0.51838   -1.24014
88.00000   408.00000   -0.14138   -1.09433
8.00000   424.00000   -0.18908   -0.92522
24.00000   424.00000   -0.67513   -0.92947
40.00000   424.00000   -0.08072   -0.95497
56.00000   424.00000   -0.17290   -1.10515
72.00000   424.00000   -0.00020   -1.04562
88.00000   424.00000   -0.15818   -1.07292
8.00000   440.00000   -0.20113   -0.97274
24.00000   440.00000   -0.53481   -0.96442
40.00000   440.00000   -0.55247   -1.07000
56.00000   440.00000   -0.15285   -1.00101
72.00000   440.00000   -0.16864   -1.06996
88.00000   440.00000   -0.01927   -1.03986
8.00000   456.00000   -0.65188   -0.95481
24.00000   456.00000   -0.26105   -1.03865
40.00000   456.00000   -0.70006   -1.03214
56.00000   456.00000   -0.25930   -1.05941
72.00000   456.00000   -0.28558   -1.19841
88.00000   456.00000   -0.13401   -1.07049
8.00000   472.00000   -0.52684   -0.83164
24.00000   472.00000   -0.51675   -1.07112
40.00000   472.00000   -0.75689   -1.01649
56.00000   472.00000   -0.36199   -1.24300
72.00000   472.00000   -0.35114   -1.04931
88.00000   472.00000   0.02163   -1.09500
8.00000   488.00000   -0.59364   -1.09932
24.00000   488.00000   -0.07651   -1.23325
40.00000   488.00000   -0.45016   -1.21459
56.00000   488.00000   -0.22850   -1.13581
72.00000   488.00000   -0.21402   -1.14816
88.00000   488.00000   -0.09313   -1.10997
8.00000   504.00000   -0.38508   -0.92664
24.00000   504.00000   -0.57906   -0.97667
40.00000   504.00000   -0.58610   -1.16998
56.00000   504.00000   -0.39740   -1.21726
72.00000   504.00000   -0.05550   -1.14371
88.00000   504.00000   -0.15170   -1.11688
8.00000   520.00000   -0.60825   -0.95857
24.00000   520.00000   0.07220   -1.28455
40.00000   520.00000   -0.19510   -1.10375
56.00000   520.00000   -0.31876   -1.21015
72.00000   520.00000   -0.36629   -1.24990
88.00000   520.00000   -0.40585   -1.26688
8.00000   536.00000   0.48102   -1.19497
24.00000   536.00000   -0.28906   -1.24001
40.00000   536.00000   -0.57203   -1.38555
56.00000   536.00000   -0.47583   -1.19826
72.00000   536.00000   -0.30208   -1.21445
88.00000   536.00000   -0.37899   -1.15029
