# image 80 and 81 x,y,u,v
8.00000   8.00000   -0.36444   -0.97880
24.00000   8.00000   -0.24349   -0.88792
40.00000   8.00000   0.21599   -0.98319
56.00000   8.00000   0.17388   -1.03329
72.00000   8.00000   -0.20472   -1.04643
88.00000   8.00000   -0.08881   -0.90500
8.00000   24.00000   -0.59761   -1.10983
24.00000   24.00000   -0.16940   -0.92227
40.00000   24.00000   -0.09103   -1.18785
56.00000   24.00000   -0.23726   -0.95352
72.00000   24.00000   -0.32406   -0.91902
88.00000   24.00000   -0.22067   -1.00419
8.00000   40.00000   -0.43301   -0.97116
24.00000   40.00000   -0.17821   -1.13983
40.00000   40.00000   -0.12538   -1.14880
56.00000   40.00000   -0.20795   -1.05837
72.00000   40.00000   -0.22865   -0.78372
88.00000   40.00000   -0.16202   -1.03638
8.00000   56.00000   -0.18913   -1.00729
24.00000   56.00000   -0.33650   -1.09036
40.00000   56.00000   0.00471   -0.97429
56.00000   56.00000   -0.24229   -0.90658
72.00000   56.00000   -0.02184   -0.94043
88.00000   56.00000   0.06601   -0.90365
8.00000   72.00000   -0.57435   -0.99739
24.00000   72.00000   0.16676   -0.96003
40.00000   72.00000   0.12644   -1.13436
56.00000   72.00000   -0.30217   -0.99508
72.00000   72.00000   0.07912   -0.87513
88.00000   72.00000   -0.09397   -0.92671
8.00000   88.00000   -0.29238   -1.02171
24.00000   88.00000   -0.17370   -1.00441
40.00000   88.00000   0.04654   -0.99043
56.00000   88.00000   -0.37947   -1.12361
72.00000   88.00000   -0.22662   -1.06801
88.00000   88.00000   -0.02861   -1.11702
8.00000   104.00000   0.04739   -0.97568
24.00000   104.00000   -0.27726   -1.17393
40.00000   104.00000   0.22097   -0.83395
56.00000   104.00000   -0.18112   -1.04888
72.00000   104.00000   -0.28258   -0.99519
88.00000   104.00000   -0.12480   -0.97794
8.00000   120.00000   -0.12663   -0.97061
24.00000   120.00000   0.08000   -0.98571
40.00000   120.00000   0.00050   -1.18674
56.00000   120.00000   -0.01106   -1.15027
72.00000   120.00000   -0.17844   -1.04553
88.00000   120.00000   -0.08501   -1.08606
8.00000   136.00000   -0.19601   -0.95214
24.00000   136.00000   -0.06701   -0.96540
40.00000   136.00000   0.05101   -1.15457
56.00000   136.00000   0.01209   -1.01683
72.00000   136.00000   -0.17121   -0.97358
88.00000   136.00000   -0.18960   -1.12828
8.00000   152.00000   0.23238   -1.11434
24.00000   152.00000   0.39276   -0.95953
40.00000   152.00000   -0.25694   -0.92703
56.00000   152.00000   -0.02761   -1.08677
72.00000   152.00000   -0.11580   -1.07939
88.00000   152.00000   -0.15939   -0.89791
8.00000   168.00000   0.00181   -0.85690
24.00000   168.00000   -0.06275   -0.94318
40.00000   168.00000   0.12414   -0.98634
56.00000   168.00000   -0.17306   -1.02298
72.00000   168.00000   -0.14496   -0.99032
88.00000   168.00000   0.00784   -1.06766
8.00000   184.00000   -0.39633   -0.94736
24.00000   184.00000   -0.09391   -0.86197
40.00000   184.00000   -0.12496   -0.97489
56.00000   184.00000   0.29647   -1.06617
72.00000   184.00000   -0.15442   -1.21092
88.00000   184.00000   -0.04217   -1.13405
8.00000   200.00000   -0.11390   -1.13246
24.00000   200.00000   -0.25282   -0.88728
40.00000   200.00000   0.00157   -0.78947
56.00000   200.00000   0.04691   -1.04100
72.00000   200.00000   0.07903   -1.05387
88.00000   200.00000   -0.08315   -1.06728
8.00000   216.00000   -0.25441   -1.04556
24.00000   216.00000   -0.36753   -0.95322
40.00000   216.00000   0.04203   -0.88387
56.00000   216.00000   -0.02509   -1.06491
72.00000   216.00000   0.00186   -1.03144
88.00000   216.00000   -0.25686   -0.92630
8.00000   232.00000   -0.24332   -1.00484
24.00000   232.00000   -0.33310   -1.01943
40.00000   232.00000   -0.14085   -1.16865
56.00000   232.00000   0.24636   -1.08858
72.00000   232.00000   -0.21349   -0.87909
88.00000   232.00000   -0.10638   -0.89204
8.00000   248.00000   -0.03322   -0.94023
24.00000   248.00000   0.08252   -0.92427
40.00000   248.00000   0.26963   -0.98640
56.00000   248.00000   -0.13648   -0.94554
72.00000   248.00000   -0.57329   -0.90924
88.00000   248.00000   -0.31040   -0.88852
8.00000   264.00000   -0.00644   -1.03264
24.00000   264.00000   -0.27547   -1.07652
40.00000   264.00000   0.29370   -1.10770
56.00000   264.00000   0.17270   -0.76437
72.00000   264.00000   -0.13194   -0.93076
88.00000   264.00000   -0.05456   -1.04366
8.00000   280.00000   -0.24737   -1.15590
24.00000   280.00000   -0.22695   -1.11662
40.00000   280.00000   -0.12240   -0.91230
56.00000   280.00000   -0.27845   -0.83866
72.00000   280.00000   -0.00025   -0.95746
88.00000   280.00000   -0.21276   -1.01043
8.00000   296.00000   -0.20974   -0.90920
24.00000   296.00000   -0.06106   -1.04040
40.00000   296.00000   -0.28006   -0.93369
56.00000   296.00000   -0.16481   -0.87704
72.00000   296.00000   -0.18215   -1.00724
88.00000   296.00000   -0.08881   -0.99728
8.00000   312.00000   -0.00960   -1.07584
24.00000   312.00000   0.16674   -1.13784
40.00000   312.00000   -0.30607   -0.81007
56.00000   312.00000   -0.66542   -0.97713
72.00000   312.00000   -0.02758   -0.95635
88.00000   312.00000   0.05477   -0.90758
8.00000   328.00000   0.08599   -1.14690
24.00000   328.00000   -0.14696   -0.99411
40.00000   328.00000   -0.71399   -1.08526
56.00000   328.00000   -0.03407   -1.08433
72.00000   328.00000   -0.34484   -0.93494
88.00000   328.00000   0.00101   -1.10309
8.00000   344.00000   -0.07518   -0.93166
24.00000   344.00000   -0.32492   -1.02845
40.00000   344.00000   -0.48597   -0.92265
56.00000   344.00000   0.12349   -0.81669
72.00000   344.00000   -0.05973   -0.98876
88.00000   344.00000   -0.04789   -0.92767
8.00000   360.00000   0.17611   -0.98721
24.00000   360.00000   -0.39322   -0.99610
40.00000   360.00000   -0.42714   -0.89940
56.00000   360.00000   -0.53491   -0.82492
72.00000   360.00000   -0.31581   -0.86338
88.00000   360.00000   0.02287   -0.93495
8.00000   376.00000   -0.04952   -0.96281
24.00000   376.00000   -0.81796   -0.88931
40.00000   376.00000   -0.56826   -0.86214
56.00000   376.00000   -0.31576   -0.96357
72.00000   376.00000   -0.15736   -0.83393
88.00000   376.00000   0.19072   -0.80823
8.00000   392.00000   -0.58519   -0.88849
24.00000   392.00000   -0.25129   -0.83457
40.00000   392.00000   -0.74461   -0.94141
56.00000   392.00000   -0.23585   -0.98548
72.00000   392.00000   0.08249   -1.10213
88.00000   392.00000   0.00184   -0.87462
8.00000   408.00000   -0.73003   -0.99827
24.00000   408.00000   -0.31527   -1.03570
40.00000   408.00000   -0.65763   -0.86422
56.00000   408.00000   -0.28386   -0.90265
72.00000   408.00000   -0.21712   -0.99632
88.00000   408.00000   -0.16045   -0.94879
8.00000   424.00000   -0.45664   -0.98664
24.00000   424.00000   -0.66891   -1.11934
40.00000   424.00000   -0.61770   -1.07345
56.00000   424.00000   -0.63912   -1.14037
72.00000   424.00000   -0.06870   -0.99331
88.00000   424.00000   -0.22307   -1.07219
8.00000   440.00000   -0.24101   -1.00023
24.00000   440.00000   -0.36598   -0.88199
40.00000   440.00000   -0.42527   -1.13179
56.00000   440.00000   -0.32011   -1.29104
72.00000   440.00000   -0.31692   -1.27898
88.00000   440.00000   0.02497   -0.95775
8.00000   456.00000   -0.74745   -0.96213
24.00000   456.00000   -0.09257   -1.08300
40.00000   456.00000   -0.74194   -1.03146
56.00000   456.00000   -0.29491   -1.11702
72.00000   456.00000   -0.50547   -1.01198
88.00000   456.00000   -0.07689   -1.04352
8.00000   472.00000   -0.77414   -1.01873
24.00000   472.00000   -0.77230   -0.97615
40.00000   472.00000   -0.69471   -1.05494
56.00000   472.00000   -0.50398   -1.05494
72.00000   472.00000   -0.55538   -1.15156
88.00000   472.00000   -0.05312   -0.99989
8.00000   488.00000   -0.32261   -1.06358
24.00000   488.00000   -0.68706   -1.00767
40.00000   488.00000   -0.09388   -1.15057
56.00000   488.00000   -0.53707   -1.12877
72.00000   488.00000   -0.41335   -1.11958
88.00000   488.00000   -0.47943   -1.08178
8.00000   504.00000   -0.14693   -1.09275
24.00000   504.00000   -0.63389   -1.11465
40.00000   504.00000   -0.62181   -1.15544
56.00000   504.00000   -0.42636   -1.16835
72.00000   504.00000   -0.35523   -1.11178
88.00000   504.00000   -0.20464   -1.16509
8.00000   520.00000   -0.50765   -1.26764
24.00000   520.00000   -0.63694   -1.24137
40.00000   520.00000   -0.28321   -1.18987
56.00000   520.00000   -0.36624   -1.15469
72.00000   520.00000   -0.42850   -1.15948
88.00000   520.00000   -0.22706   -1.20362
8.00000   536.00000   -0.37870   -0.35352
24.00000   536.00000   -0.15789   -1.09246
40.00000   536.00000   -0.25541   -1.01245
56.00000   536.00000   -0.05282   -1.15121
72.00000   536.00000   -0.49855   -1.49780
88.00000   536.00000   -0.28760   -1.31909
