# image 52 and 53 x,y,u,v
8.00000   8.00000   -0.37318   -1.05314
24.00000   8.00000   -0.33004   -0.95716
40.00000   8.00000   0.01751   -1.04653
56.00000   8.00000   0.12682   -1.08435
72.00000   8.00000   -0.04943   -1.04681
88.00000   8.00000   0.01708   -0.92654
8.00000   24.00000   -0.46089   -1.09005
24.00000   24.00000   -0.34395   -1.13677
40.00000   24.00000   0.12502   -0.96276
56.00000   24.00000   -0.09730   -0.85999
72.00000   24.00000   -0.22481   -0.97803
88.00000   24.00000   -0.19388   -1.01085
8.00000   40.00000   -0.47134   -1.00566
24.00000   40.00000   -0.52045   -0.93810
40.00000   40.00000   -0.23460   -1.01247
56.00000   40.00000   -0.18167   -0.98190
72.00000   40.00000   -0.31617   -1.01595
88.00000   40.00000   -0.27897   -1.00914
8.00000   56.00000   -0.30998   -1.17507
24.00000   56.00000   -0.20187   -1.04697
40.00000   56.00000   -0.03989   -0.99656
56.00000   56.00000   0.00674   -1.02693
72.00000   56.00000   -0.15444   -1.00791
88.00000   56.00000   -0.12034   -0.92304
8.00000   72.00000   -0.49138   -0.94346
24.00000   72.00000   0.12041   -0.93250
40.00000   72.00000   -0.13103   -1.15073
56.00000   72.00000   0.18323   -0.87354
72.00000   72.00000   -0.14458   -0.91072
88.00000   72.00000   -0.05855   -1.04978
8.00000   88.00000   -0.13381   -1.06446
24.00000   88.00000   0.05306   -1.02560
40.00000   88.00000   -0.01487   -1.16452
56.00000   88.00000   -0.24147   -1.11494
72.00000   88.00000   -0.04349   -1.05583
88.00000   88.00000   -0.05346   -0.89397
8.00000   104.00000   -0.24118   -1.00499
24.00000   104.00000   -0.24408   -1.08768
40.00000   104.00000   -0.15973   -1.13003
56.00000   104.00000   -0.45555   -1.00837
72.00000   104.00000   -0.13020   -1.14663
88.00000   104.00000   -0.04325   -1.01781
8.00000   120.00000   -0.22708   -1.05197
24.00000   120.00000   0.00458   -1.15236
40.00000   120.00000   0.07985   -1.11954
56.00000   120.00000   -0.21534   -1.07810
72.00000   120.00000   -0.02223   -0.98403
88.00000   120.00000   -0.26051   -0.97130
8.00000   136.00000   -0.07528   -1.03925
24.00000   136.00000   -0.01963   -1.06485
40.00000   136.00000   -0.14833   -1.11595
56.00000   136.00000   -0.04578   -1.13079
72.00000   136.00000   -0.25791   -0.99575
88.00000   136.00000   -0.12841   -1.09151
8.00000   152.00000   -0.29047   -1.07053
24.00000   152.00000   -0.63687   -1.05293
40.00000   152.00000   -0.10220   -1.05484
56.00000   152.00000   0.02393   -1.01017
72.00000   152.00000   -0.27071   -1.01711
88.00000   152.00000   -0.14547   -1.08045
8.00000   168.00000   0.07428   -0.91745
24.00000   168.00000   0.01126   -1.03372
40.00000   168.00000   -0.25548   -1.01888
56.00000   168.00000   0.19460   -1.02552
72.00000   168.00000   -0.13911   -1.02670
88.00000   168.00000   -0.01179   -1.09427
8.00000   184.00000   -0.08027   -0.98251
24.00000   184.00000   -0.18731   -0.95148
40.00000   184.00000   -0.11933   -0.94520
56.00000   184.00000   -0.00025   -1.00561
72.00000   184.00000   -0.00990   -0.98232
88.00000   184.00000   -0.01942   -1.11845
8.00000   200.00000   -0.13706   -0.92795
24.00000   200.00000   -0.28756   -0.86078
40.00000   200.00000   0.34044   -1.01549
56.00000   200.00000   0.24240   -0.97206
72.00000   200.00000   0.06657   -0.97219
88.00000   200.00000   -0.14820   -0.99348
8.00000   216.00000   -0.04020   -0.98447
24.00000   216.00000   -0.11383   -0.94288
40.00000   216.00000   0.06481   -0.98416
56.00000   216.00000   -0.03863   -0.93542
72.00000   216.00000   0.15214   -0.91476
88.00000   216.00000   -0.07632   -1.01433
8.00000   232.00000   -0.16901   -0.96032
24.00000   232.00000   -0.16715   -1.07316
40.00000   232.00000   -0.23884   -0.99514
56.00000   232.00000   0.43346   -1.14787
72.00000   232.00000   -0.32891   -0.99808
88.00000   232.00000   -0.22885   -0.94884
8.00000   248.00000   -0.07801   -1.17619
24.00000   248.00000   0.01558   -1.01885
40.00000   248.00000   -0.12739   -0.97610
56.00000   248.00000   0.14160   -0.92401
72.00000   248.00000   -0.53626   -1.02541
88.00000   248.00000   -0.31355   -0.91069
8.00000   264.00000   -0.05946   -1.13846
24.00000   264.00000   -0.09181   -1.15847
40.00000   264.00000   0.18248   -1.18583
56.00000   264.00000   -0.06251   -0.97936
72.00000   264.00000   -0.22379   -0.79161
88.00000   264.00000   -0.19397   -0.96665
8.00000   280.00000   0.09793   -1.02826
24.00000   280.00000   -0.19133   -1.06285
40.00000   280.00000   -0.07188   -0.99709
56.00000   280.00000   -0.11108   -0.96445
72.00000   280.00000   -0.23633   -1.07094
88.00000   280.00000   0.05603   -1.00485
8.00000   296.00000   -0.25367   -0.94277
24.00000   296.00000   0.26596   -1.11002
40.00000   296.00000   0.15557   -1.07301
56.00000   296.00000   0.01133   -1.07385
72.00000   296.00000   -0.32028   -0.97069
88.00000   296.00000   -0.25962   -0.92886
8.00000   312.00000   -0.00029   -0.95135
24.00000   312.00000   0.02035   -0.97762
40.00000   312.00000   -0.22865   -0.98503
56.00000   312.00000   -0.31358   -1.12687
72.00000   312.00000   -0.07833   -0.88334
88.00000   312.00000   0.04395   -0.98312
8.00000   328.00000   -0.23054   -0.94105
24.00000   328.00000   -0.55260   -0.79218
40.00000   328.00000   -0.63766   -1.08247
56.00000   328.00000   -0.65222   -0.97942
72.00000   328.00000   -0.08868   -0.98553
88.00000   328.00000   0.09514   -0.81562
8.00000   344.00000   -0.11902   -0.95295
24.00000   344.00000   -0.40650   -0.84188
40.00000   344.00000   -0.58189   -0.94044
56.00000   344.00000   -0.39011   -0.76435
72.00000   344.00000   -0.31604   -0.81098
88.00000   344.00000   -0.02213   -0.90812
8.00000   360.00000   -0.22325   -0.99063
24.00000   360.00000   -0.24976   -0.95588
40.00000   360.00000   -0.62514   -0.99500
56.00000   360.00000   -0.52693   -1.20824
72.00000   360.00000   -0.08596   -0.96392
88.00000   360.00000   0.15585   -0.86597
8.00000   376.00000   -0.25698   -0.99795
24.00000   376.00000   -0.43187   -0.90810
40.00000   376.00000   -0.79094   -0.95542
56.00000   376.00000   -0.48411   -0.94182
72.00000   376.00000   -0.17932   -0.95641
88.00000   376.00000   0.02212   -0.90417
8.00000   392.00000   0.10373   -0.95656
24.00000   392.00000   -0.65356   -0.95998
40.00000   392.00000   -0.80110   -0.99640
56.00000   392.00000   -0.32737   -1.00668
72.00000   392.00000   -0.08329   -0.81223
88.00000   392.00000   -0.02048   -0.79359
8.00000   408.00000   -0.30855   -0.93664
24.00000   408.00000   -0.66331   -0.90643
40.00000   408.00000   -0.59626   -1.10862
56.00000   408.00000   -0.45631   -0.99533
72.00000   408.00000   -0.10258   -1.04194
88.00000   408.00000   0.10465   -0.95826
8.00000   424.00000   -0.18689   -0.90938
24.00000   424.00000   -0.42157   -1.09501
40.00000   424.00000   -0.63173   -1.14713
56.00000   424.00000   -0.08329   -1.10769
72.00000   424.00000   -0.19923   -1.10234
88.00000   424.00000   -0.09630   -1.15104
8.00000   440.00000   -0.40294   -1.13750
24.00000   440.00000   -0.53385   -1.21273
40.00000   440.00000   -0.41317   -1.02759
56.00000   440.00000   -0.19014   -1.07379
72.00000   440.00000   -0.09546   -1.14350
88.00000   440.00000   0.14073   -1.07046
8.00000   456.00000   -0.85285   -1.09910
24.00000   456.00000   -0.33978   -0.90361
40.00000   456.00000   -0.59329   -1.05525
56.00000   456.00000   -0.00130   -1.24606
72.00000   456.00000   -0.21031   -0.98633
88.00000   456.00000   -0.12374   -1.06928
8.00000   472.00000   -0.64780   -1.05771
24.00000   472.00000   -0.57805   -1.12879
40.00000   472.00000   -0.50091   -1.26537
56.00000   472.00000   -0.26199   -0.94081
72.00000   472.00000   -0.58827   -1.26066
88.00000   472.00000   -0.08326   -1.20246
8.00000   488.00000   -0.37260   -1.15374
24.00000   488.00000   -0.20619   -1.11204
40.00000   488.00000   -0.40466   -1.02557
56.00000   488.00000   -0.62522   -0.99118
72.00000   488.00000   -0.43919   -1.13378
88.00000   488.00000   -0.19920   -1.09306
8.00000   504.00000   -0.80240   -1.07427
24.00000   504.00000   -0.72363   -1.18197
40.00000   504.00000   -0.55861   -0.94653
56.00000   504.00000   -0.31997   -1.00656
72.00000   504.00000   -0.41050   -1.30253
88.00000   504.00000   -0.06760   -1.22517
8.00000   520.00000   -0.58257   -1.10295
24.00000   520.00000   -0.22184   -1.02301
40.00000   520.00000   -0.36875   -1.16295
56.00000   520.00000   -0.71237   -1.19383
72.00000   520.00000   -0.47397   -1.10300
88.00000   520.00000   -0.18969   -1.21948
8.00000   536.00000   -0.40237   -1.03424
24.00000   536.00000   -0.23571   -1.22936
40.00000   536.00000   -0.08351   -1.28828
56.00000   536.00000   -0.42604   -1.40426
72.00000   536.00000   -0.35805   -1.29038
88.00000   536.00000   -0.27569   -1.19456
