# image 49 and 50 x,y,u,v
8.00000   8.00000   -0.41154   -1.04620
24.00000   8.00000   -0.22056   -1.00590
40.00000   8.00000   -0.00317   -1.09407
56.00000   8.00000   -0.17935   -0.98681
72.00000   8.00000   0.25509   -1.13497
88.00000   8.00000   -0.11779   -0.87576
8.00000   24.00000   -0.49678   -0.93697
24.00000   24.00000   -0.38834   -0.94791
40.00000   24.00000   0.08078   -1.02557
56.00000   24.00000   -0.04872   -1.02368
72.00000   24.00000   -0.22013   -1.03193
88.00000   24.00000   -0.17380   -0.99678
8.00000   40.00000   -0.50395   -1.00960
24.00000   40.00000   -0.37561   -1.10178
40.00000   40.00000   -0.29473   -1.09268
56.00000   40.00000   -0.19822   -0.97422
72.00000   40.00000   -0.05771   -0.88661
88.00000   40.00000   -0.33777   -0.96281
8.00000   56.00000   -0.27120   -1.14341
24.00000   56.00000   -0.12538   -1.06215
40.00000   56.00000   0.00456   -1.09256
56.00000   56.00000   -0.09751   -0.98910
72.00000   56.00000   -0.24305   -0.95286
88.00000   56.00000   -0.22646   -0.89715
8.00000   72.00000   -0.33128   -1.01230
24.00000   72.00000   -0.01099   -0.96371
40.00000   72.00000   -0.22394   -1.03878
56.00000   72.00000   0.18826   -0.85356
72.00000   72.00000   -0.10818   -0.95549
88.00000   72.00000   -0.05934   -0.88124
8.00000   88.00000   -0.15526   -0.99357
24.00000   88.00000   0.00443   -0.98627
40.00000   88.00000   0.03831   -1.02457
56.00000   88.00000   -0.15603   -1.03997
72.00000   88.00000   0.02972   -0.99887
88.00000   88.00000   0.01232   -1.00199
8.00000   104.00000   -0.28735   -1.00654
24.00000   104.00000   -0.47418   -0.88703
40.00000   104.00000   0.11474   -1.02394
56.00000   104.00000   -0.19288   -1.07295
72.00000   104.00000   -0.26898   -0.90420
88.00000   104.00000   -0.11347   -1.02608
8.00000   120.00000   -0.14081   -1.02520
24.00000   120.00000   -0.02207   -1.16027
40.00000   120.00000   0.04556   -0.91908
56.00000   120.00000   -0.23853   -1.06036
72.00000   120.00000   -0.13453   -1.15066
88.00000   120.00000   -0.21787   -0.88391
8.00000   136.00000   -0.22489   -1.10074
24.00000   136.00000   0.04505   -1.03540
40.00000   136.00000   -0.14469   -1.08406
56.00000   136.00000   -0.00967   -1.12841
72.00000   136.00000   0.16405   -1.00183
88.00000   136.00000   -0.07914   -1.09812
8.00000   152.00000   -0.25801   -1.06140
24.00000   152.00000   -0.32133   -0.92904
40.00000   152.00000   -0.03773   -0.88744
56.00000   152.00000   0.04689   -0.98211
72.00000   152.00000   -0.26920   -0.98857
88.00000   152.00000   -0.05257   -0.88009
8.00000   168.00000   0.17525   -0.92934
24.00000   168.00000   -0.26208   -0.80758
40.00000   168.00000   0.03566   -0.81700
56.00000   168.00000   -0.13394   -1.07124
72.00000   168.00000   0.14570   -1.08370
88.00000   168.00000   -0.03366   -1.04142
8.00000   184.00000   -0.08266   -1.01063
24.00000   184.00000   -0.12094   -0.89816
40.00000   184.00000   -0.08395   -1.00304
56.00000   184.00000   0.09036   -1.07432
72.00000   184.00000   0.00461   -1.03524
88.00000   184.00000   0.09137   -1.12911
8.00000   200.00000   0.07049   -0.92308
24.00000   200.00000   -0.05268   -0.95890
40.00000   200.00000   0.21955   -0.93395
56.00000   200.00000   -0.02339   -0.97763
72.00000   200.00000   0.20421   -1.09411
88.00000   200.00000   -0.18021   -1.14143
8.00000   216.00000   -0.29152   -1.03957
24.00000   216.00000   -0.15222   -1.06523
40.00000   216.00000   -0.05388   -0.94830
56.00000   216.00000   -0.06797   -0.78709
72.00000   216.00000   0.07941   -0.91920
88.00000   216.00000   -0.19877   -1.00553
8.00000   232.00000   0.00747   -1.09182
24.00000   232.00000   -0.05491   -0.99353
40.00000   232.00000   -0.14625   -1.03283
56.00000   232.00000   -0.06797   -0.91925
72.00000   232.00000   -0.22192   -1.06263
88.00000   232.00000   -0.06972   -1.04545
8.00000   248.00000   -0.17642   -0.99948
24.00000   248.00000   -0.13286   -1.03049
40.00000   248.00000   0.30791   -1.00664
56.00000   248.00000   -0.16663   -1.06327
72.00000   248.00000   -0.27049   -1.01906
88.00000   248.00000   -0.40506   -1.02396
8.00000   264.00000   0.06907   -1.16552
24.00000   264.00000   0.34581   -1.27067
40.00000   264.00000   -0.07948   -1.06128
56.00000   264.00000   -0.16112   -0.85910
72.00000   264.00000   -0.26334   -0.87571
88.00000   264.00000   -0.27987   -0.86743
8.00000   280.00000   -0.04351   -1.00994
24.00000   280.00000   -0.09937   -0.88225
40.00000   280.00000   -0.01435   -1.06047
56.00000   280.00000   -0.02260   -0.93958
72.00000   280.00000   -0.08758   -0.88839
88.00000   280.00000   -0.17348   -0.99498
8.00000   296.00000   -0.17925   -1.04984
24.00000   296.00000   0.13456   -0.95634
40.00000   296.00000   0.08162   -1.04121
56.00000   296.00000   -0.13409   -1.01421
72.00000   296.00000   -0.31013   -0.92312
88.00000   296.00000   -0.10051   -0.90843
8.00000   312.00000   -0.11103   -1.11317
24.00000   312.00000   -0.37852   -1.14976
40.00000   312.00000   -0.13319   -1.17087
56.00000   312.00000   -0.57104   -1.02531
72.00000   312.00000   0.06599   -0.88902
88.00000   312.00000   0.00351   -1.02668
8.00000   328.00000   -0.13729   -0.96913
24.00000   328.00000   -0.17120   -0.86571
40.00000   328.00000   -0.54305   -0.93819
56.00000   328.00000   -0.44262   -0.77333
72.00000   328.00000   -0.15790   -0.90854
88.00000   328.00000   -0.01357   -0.99012
8.00000   344.00000   -0.33995   -0.89794
24.00000   344.00000   -0.32281   -0.86906
40.00000   344.00000   -0.40627   -1.00294
56.00000   344.00000   -0.37221   -0.96391
72.00000   344.00000   -0.07215   -0.90402
88.00000   344.00000   -0.07225   -0.82032
8.00000   360.00000   -0.11850   -0.96954
24.00000   360.00000   -0.30901   -0.87283
40.00000   360.00000   -0.50778   -0.74207
56.00000   360.00000   -0.42469   -1.03479
72.00000   360.00000   -0.31553   -0.90559
88.00000   360.00000   0.18211   -0.83634
8.00000   376.00000   -0.36828   -0.73340
24.00000   376.00000   -0.70850   -0.90008
40.00000   376.00000   -0.65844   -1.01160
56.00000   376.00000   -0.55322   -0.90444
72.00000   376.00000   -0.38162   -0.94945
88.00000   376.00000   -0.11558   -0.94818
8.00000   392.00000   -0.01592   -1.06320
24.00000   392.00000   -0.59920   -0.96042
40.00000   392.00000   -0.65844   -0.72414
56.00000   392.00000   -0.29793   -0.85855
72.00000   392.00000   -0.19966   -0.89644
88.00000   392.00000   -0.00846   -0.75032
8.00000   408.00000   -0.30875   -0.97559
24.00000   408.00000   -0.20530   -1.06610
40.00000   408.00000   -0.64326   -1.17277
56.00000   408.00000   -0.11598   -1.03843
72.00000   408.00000   -0.46290   -1.08516
88.00000   408.00000   0.10269   -1.05660
8.00000   424.00000   -0.20576   -1.07221
24.00000   424.00000   -0.37101   -0.84612
40.00000   424.00000   -0.75113   -0.97512
56.00000   424.00000   -0.38460   -1.11884
72.00000   424.00000   -0.12867   -1.06078
88.00000   424.00000   -0.14269   -1.00221
8.00000   440.00000   -0.56782   -1.07136
24.00000   440.00000   -0.50875   -1.03184
40.00000   440.00000   -0.59358   -1.26265
56.00000   440.00000   -0.50032   -1.19146
72.00000   440.00000   -0.14163   -1.08785
88.00000   440.00000   0.07479   -1.13158
8.00000   456.00000   -0.89834   -1.01733
24.00000   456.00000   -0.31709   -1.00534
40.00000   456.00000   -0.58111   -1.12307
56.00000   456.00000   -0.00434   -1.26354
72.00000   456.00000   -0.02281   -1.13540
88.00000   456.00000   -0.25324   -0.99496
8.00000   472.00000   -0.54721   -1.09758
24.00000   472.00000   -0.48196   -1.03788
40.00000   472.00000   -0.45162   -1.25016
56.00000   472.00000   -0.32541   -1.15285
72.00000   472.00000   -0.48964   -1.07403
88.00000   472.00000   -0.11010   -1.06887
8.00000   488.00000   -0.54536   -1.13816
24.00000   488.00000   -0.69963   -0.97755
40.00000   488.00000   -0.46964   -1.12884
56.00000   488.00000   -0.51711   -1.20404
72.00000   488.00000   -0.50560   -0.97722
88.00000   488.00000   -0.31441   -0.91715
8.00000   504.00000   -0.58353   -0.99022
24.00000   504.00000   -0.59945   -1.14803
40.00000   504.00000   -0.37791   -1.12547
56.00000   504.00000   -0.66040   -0.96642
72.00000   504.00000   -0.53335   -1.02608
88.00000   504.00000   -0.22254   -1.26527
8.00000   520.00000   -0.56921   -1.04141
24.00000   520.00000   -0.31676   -1.03382
40.00000   520.00000   -0.40818   -1.26243
56.00000   520.00000   -0.66911   -1.07760
72.00000   520.00000   -0.39405   -1.20186
88.00000   520.00000   -0.10561   -1.28479
8.00000   536.00000   -0.37244   -1.10954
24.00000   536.00000   -0.21531   -1.20873
40.00000   536.00000   -0.08911   -1.39405
56.00000   536.00000   -0.36308   -1.30350
72.00000   536.00000   -0.35663   -1.32039
88.00000   536.00000   -0.14009   -1.19710
