# image 38 and 39 x,y,u,v
8.00000   8.00000   -0.56812   -0.97126
24.00000   8.00000   -0.07967   -1.03846
40.00000   8.00000   0.23348   -1.05291
56.00000   8.00000   0.12567   -1.00119
72.00000   8.00000   0.00904   -1.04484
88.00000   8.00000   0.20234   -0.91262
8.00000   24.00000   -0.42974   -1.06186
24.00000   24.00000   -0.34606   -1.03844
40.00000   24.00000   0.25050   -1.11827
56.00000   24.00000   -0.05145   -1.03142
72.00000   24.00000   -0.25534   -1.03463
88.00000   24.00000   -0.25758   -0.85316
8.00000   40.00000   -0.45952   -0.96278
24.00000   40.00000   -0.33270   -0.96726
40.00000   40.00000   -0.33168   -0.95153
56.00000   40.00000   -0.11494   -0.91487
72.00000   40.00000   -0.30833   -1.01474
88.00000   40.00000   -0.10708   -1.04579
8.00000   56.00000   -0.35781   -1.10841
24.00000   56.00000   -0.32148   -1.01967
40.00000   56.00000   -0.11144   -1.01318
56.00000   56.00000   0.18058   -1.04433
72.00000   56.00000   -0.04575   -0.88718
88.00000   56.00000   -0.15436   -0.96962
8.00000   72.00000   -0.16053   -1.03938
24.00000   72.00000   0.07272   -0.96675
40.00000   72.00000   -0.07400   -1.04619
56.00000   72.00000   0.03758   -0.82773
72.00000   72.00000   -0.07016   -1.03076
88.00000   72.00000   -0.02825   -0.92598
8.00000   88.00000   -0.31475   -0.93854
24.00000   88.00000   0.04698   -0.98517
40.00000   88.00000   -0.23076   -1.05281
56.00000   88.00000   0.08928   -1.05274
72.00000   88.00000   -0.20983   -0.94801
88.00000   88.00000   0.09765   -1.00238
8.00000   104.00000   -0.44518   -0.95034
24.00000   104.00000   -0.04236   -0.91670
40.00000   104.00000   -0.05042   -0.97498
56.00000   104.00000   -0.30553   -0.88487
72.00000   104.00000   -0.21727   -0.96957
88.00000   104.00000   0.00233   -0.99753
8.00000   120.00000   0.00177   -0.97651
24.00000   120.00000   -0.02994   -1.17967
40.00000   120.00000   -0.02962   -1.07143
56.00000   120.00000   -0.17829   -1.02094
72.00000   120.00000   -0.27057   -0.92038
88.00000   120.00000   -0.02190   -0.94131
8.00000   136.00000   -0.09822   -1.16989
24.00000   136.00000   0.00939   -0.99558
40.00000   136.00000   -0.01102   -1.10432
56.00000   136.00000   -0.28484   -1.10138
72.00000   136.00000   -0.13298   -1.16214
88.00000   136.00000   -0.27631   -1.06165
8.00000   152.00000   -0.24998   -1.09759
24.00000   152.00000   -0.32625   -0.94351
40.00000   152.00000   -0.19249   -0.86254
56.00000   152.00000   0.14288   -0.98149
72.00000   152.00000   0.02508   -1.02201
88.00000   152.00000   -0.05747   -0.92621
8.00000   168.00000   0.06091   -0.95416
24.00000   168.00000   -0.14676   -0.95192
40.00000   168.00000   0.04933   -0.94701
56.00000   168.00000   -0.09011   -1.04264
72.00000   168.00000   -0.19052   -1.01421
88.00000   168.00000   -0.00846   -0.98908
8.00000   184.00000   -0.03805   -1.06552
24.00000   184.00000   -0.05688   -0.84532
40.00000   184.00000   0.06680   -1.10270
56.00000   184.00000   0.03110   -1.01791
72.00000   184.00000   0.05034   -1.18188
88.00000   184.00000   -0.10795   -1.11063
8.00000   200.00000   -0.22503   -0.98753
24.00000   200.00000   -0.13564   -0.98054
40.00000   200.00000   0.18045   -0.95202
56.00000   200.00000   0.20122   -1.00259
72.00000   200.00000   -0.09026   -1.00308
88.00000   200.00000   -0.12739   -1.02206
8.00000   216.00000   -0.02339   -1.08763
24.00000   216.00000   -0.05112   -0.96465
40.00000   216.00000   -0.03468   -0.97248
56.00000   216.00000   0.10681   -0.95629
72.00000   216.00000   0.23611   -1.05530
88.00000   216.00000   -0.39069   -1.03203
8.00000   232.00000   -0.20828   -1.03100
24.00000   232.00000   -0.17515   -1.04266
40.00000   232.00000   0.04472   -1.12026
56.00000   232.00000   -0.11217   -0.93217
72.00000   232.00000   0.07698   -0.87801
88.00000   232.00000   0.02869   -0.95925
8.00000   248.00000   0.18964   -0.93819
24.00000   248.00000   0.08784   -0.96960
40.00000   248.00000   0.15069   -1.08566
56.00000   248.00000   -0.03237   -0.94220
72.00000   248.00000   -0.52585   -1.07572
88.00000   248.00000   -0.26685   -0.91848
8.00000   264.00000   0.12026   -1.26240
24.00000   264.00000   -0.12625   -0.93212
40.00000   264.00000   -0.33906   -0.85236
56.00000   264.00000   0.47275   -0.85874
72.00000   264.00000   -0.45437   -1.20419
88.00000   264.00000   -0.43978   -0.95277
8.00000   280.00000   -0.56309   -1.13610
24.00000   280.00000   0.14358   -1.03698
40.00000   280.00000   -0.10254   -0.93842
56.00000   280.00000   0.20463   -0.97147
72.00000   280.00000   0.03563   -1.08812
88.00000   280.00000   -0.20748   -0.88667
8.00000   296.00000   -0.08886   -1.03330
24.00000   296.00000   -0.13256   -1.18715
40.00000   296.00000   -0.25321   -1.05046
56.00000   296.00000   -0.03213   -1.01100
72.00000   296.00000   -0.08241   -0.85838
88.00000   296.00000   -0.13618   -1.08501
8.00000   312.00000   0.07385   -1.12833
24.00000   312.00000   -0.00678   -1.04203
40.00000   312.00000   0.05928   -1.21035
56.00000   312.00000   -0.42427   -0.90470
72.00000   312.00000   -0.03955   -0.98664
88.00000   312.00000   -0.10624   -0.97804
8.00000   328.00000   0.06499   -1.05892
24.00000   328.00000   0.00047   -0.97217
40.00000   328.00000   -0.63637   -0.95673
56.00000   328.00000   -0.43811   -0.93714
72.00000   328.00000   -0.03086   -0.96201
88.00000   328.00000   0.04273   -0.92066
8.00000   344.00000   -0.06081   -0.91133
24.00000   344.00000   -0.74992   -0.78602
40.00000   344.00000   -0.58481   -0.97508
56.00000   344.00000   -0.41900   -0.83147
72.00000   344.00000   -0.30463   -0.89661
88.00000   344.00000   0.26764   -0.95353
8.00000   360.00000   -0.41360   -0.94665
24.00000   360.00000   -0.57980   -0.85057
40.00000   360.00000   -0.31647   -0.91149
56.00000   360.00000   -0.24870   -1.05145
72.00000   360.00000   -0.13711   -0.89926
88.00000   360.00000   0.09212   -0.96049
8.00000   376.00000   -0.12874   -1.14946
24.00000   376.00000   -0.38550   -0.90955
40.00000   376.00000   -0.83732   -0.84190
56.00000   376.00000   -0.47937   -0.82305
72.00000   376.00000   -0.16939   -0.79724
88.00000   376.00000   -0.08324   -0.99806
8.00000   392.00000   -0.32211   -0.86143
24.00000   392.00000   -0.39014   -0.97657
40.00000   392.00000   -0.75456   -0.95717
56.00000   392.00000   -0.73249   -0.89552
72.00000   392.00000   -0.16511   -1.02157
88.00000   392.00000   -0.03322   -0.94851
8.00000   408.00000   0.00424   -0.94041
24.00000   408.00000   -0.55342   -0.98425
40.00000   408.00000   -0.73248   -1.04921
56.00000   408.00000   -0.30545   -0.99700
72.00000   408.00000   -0.19683   -1.05159
88.00000   408.00000   0.03143   -1.18879
8.00000   424.00000   -0.25886   -0.96920
24.00000   424.00000   -0.82389   -0.94823
40.00000   424.00000   -0.64610   -1.02020
56.00000   424.00000   -0.14137   -1.15371
72.00000   424.00000   -0.15824   -1.10727
88.00000   424.00000   -0.18584   -1.11769
8.00000   440.00000   -0.23247   -1.12090
24.00000   440.00000   -0.56759   -1.09119
40.00000   440.00000   -0.44368   -1.18366
56.00000   440.00000   -0.22700   -1.11556
72.00000   440.00000   -0.32396   -0.99143
88.00000   440.00000   -0.05029   -1.03997
8.00000   456.00000   -0.72684   -1.09635
24.00000   456.00000   0.14256   -1.17832
40.00000   456.00000   -0.62107   -1.19621
56.00000   456.00000   -0.22763   -1.14731
72.00000   456.00000   -0.35144   -0.97398
88.00000   456.00000   -0.07664   -1.03210
8.00000   472.00000   -0.61336   -1.00833
24.00000   472.00000   -0.53078   -1.03792
40.00000   472.00000   -0.47082   -1.07950
56.00000   472.00000   -0.26759   -1.22141
72.00000   472.00000   -0.34595   -1.06349
88.00000   472.00000   -0.15056   -1.15311
8.00000   488.00000   -0.49532   -1.03182
24.00000   488.00000   -0.42499   -1.04379
40.00000   488.00000   -0.61308   -1.10297
56.00000   488.00000   -0.28999   -1.06276
72.00000   488.00000   -0.17868   -1.06815
88.00000   488.00000   -0.22349   -1.12318
8.00000   504.00000   -0.50065   -1.06854
24.00000   504.00000   -0.70927   -1.02945
40.00000   504.00000   -0.35262   -1.04126
56.00000   504.00000   -0.42621   -1.13546
72.00000   504.00000   -0.29886   -0.92894
88.00000   504.00000   -0.17437   -1.06593
8.00000   520.00000   -0.35251   -1.09089
24.00000   520.00000   -0.62300   -1.11841
40.00000   520.00000   -0.55912   -1.25122
56.00000   520.00000   -0.50547   -1.25122
72.00000   520.00000   -0.39851   -1.26508
88.00000   520.00000   -0.19806   -1.12875
8.00000   536.00000   -0.33175   -0.99457
24.00000   536.00000   -0.26428   -1.09911
40.00000   536.00000   -0.54983   -1.15789
56.00000   536.00000   -0.40911   -1.28822
72.00000   536.00000   -0.38191   -1.36423
88.00000   536.00000   -0.09941   -1.07113
