# image 3 and 4 x,y,u,v
8.00000   8.00000   -0.70122   -1.04330
24.00000   8.00000   -0.39935   -1.08862
40.00000   8.00000   -0.06651   -1.07213
56.00000   8.00000   -0.01965   -1.02354
72.00000   8.00000   -0.02451   -1.09158
88.00000   8.00000   -0.14055   -0.90539
8.00000   24.00000   -0.18123   -0.97261
24.00000   24.00000   -0.14773   -1.09280
40.00000   24.00000   0.06735   -1.14798
56.00000   24.00000   -0.07578   -1.06608
72.00000   24.00000   -0.06167   -1.04112
88.00000   24.00000   -0.28026   -0.92503
8.00000   40.00000   -0.64389   -1.02255
24.00000   40.00000   -0.32576   -1.10457
40.00000   40.00000   -0.46171   -1.07456
56.00000   40.00000   -0.45127   -0.97579
72.00000   40.00000   -0.06692   -1.01080
88.00000   40.00000   -0.14602   -0.97768
8.00000   56.00000   -0.62826   -1.09915
24.00000   56.00000   -0.10191   -1.09118
40.00000   56.00000   -0.04330   -1.09551
56.00000   56.00000   0.05443   -0.92342
72.00000   56.00000   -0.20630   -1.04452
88.00000   56.00000   -0.19761   -1.10453
8.00000   72.00000   -0.37107   -0.98538
24.00000   72.00000   -0.11612   -1.08472
40.00000   72.00000   0.21575   -1.06166
56.00000   72.00000   -0.09023   -0.99872
72.00000   72.00000   -0.00470   -0.89670
88.00000   72.00000   -0.21051   -0.92761
8.00000   88.00000   -0.13410   -1.04089
24.00000   88.00000   0.07501   -0.80796
40.00000   88.00000   -0.08485   -1.02386
56.00000   88.00000   0.10673   -1.02880
72.00000   88.00000   -0.28885   -0.97031
88.00000   88.00000   0.01144   -0.98160
8.00000   104.00000   -0.45814   -1.00374
24.00000   104.00000   -0.01447   -1.14775
40.00000   104.00000   0.00754   -1.00909
56.00000   104.00000   -0.11799   -0.85544
72.00000   104.00000   -0.17654   -0.81115
88.00000   104.00000   0.15092   -1.00612
8.00000   120.00000   -0.40151   -0.87450
24.00000   120.00000   -0.16354   -1.20550
40.00000   120.00000   -0.19602   -1.06056
56.00000   120.00000   -0.14752   -0.90054
72.00000   120.00000   -0.11393   -0.99895
88.00000   120.00000   -0.17471   -1.05532
8.00000   136.00000   -0.17247   -1.10760
24.00000   136.00000   -0.15071   -0.98278
40.00000   136.00000   -0.10698   -1.15641
56.00000   136.00000   -0.23216   -0.97836
72.00000   136.00000   -0.03273   -0.92107
88.00000   136.00000   -0.09875   -1.03193
8.00000   152.00000   0.11495   -1.11558
24.00000   152.00000   -0.26354   -0.90912
40.00000   152.00000   -0.34348   -0.91964
56.00000   152.00000   -0.12153   -0.83923
72.00000   152.00000   -0.08457   -1.08657
88.00000   152.00000   0.04460   -1.15665
8.00000   168.00000   -0.05642   -1.06858
24.00000   168.00000   -0.21210   -1.00874
40.00000   168.00000   -0.11750   -1.00050
56.00000   168.00000   -0.09371   -1.11596
72.00000   168.00000   -0.06101   -1.03380
88.00000   168.00000   -0.04916   -1.09849
8.00000   184.00000   -0.10308   -1.00841
24.00000   184.00000   -0.02022   -0.98775
40.00000   184.00000   -0.12927   -1.11562
56.00000   184.00000   -0.13707   -1.06834
72.00000   184.00000   -0.07969   -1.17456
88.00000   184.00000   -0.11695   -1.05702
8.00000   200.00000   -0.25607   -0.82786
24.00000   200.00000   -0.08920   -1.06480
40.00000   200.00000   0.03046   -0.97076
56.00000   200.00000   -0.00320   -1.05206
72.00000   200.00000   -0.00860   -0.98920
88.00000   200.00000   -0.17910   -1.02353
8.00000   216.00000   -0.05213   -1.07538
24.00000   216.00000   0.11425   -1.07935
40.00000   216.00000   0.05483   -0.96391
56.00000   216.00000   0.13632   -0.83842
72.00000   216.00000   -0.06044   -1.01129
88.00000   216.00000   -0.12428   -1.06582
8.00000   232.00000   -0.07319   -0.95633
24.00000   232.00000   0.07316   -0.91553
40.00000   232.00000   -0.32390   -0.97656
56.00000   232.00000   0.02723   -0.95200
72.00000   232.00000   -0.22776   -0.96494
88.00000   232.00000   -0.25536   -0.97975
8.00000   248.00000   -0.28021   -0.89553
24.00000   248.00000   0.05279   -1.03105
40.00000   248.00000   -0.14604   -0.82668
56.00000   248.00000   -0.61397   -1.09578
72.00000   248.00000   -0.00357   -1.02088
88.00000   248.00000   -0.27989   -0.99885
8.00000   264.00000   -0.25343   -1.22406
24.00000   264.00000   -0.30698   -0.87758
40.00000   264.00000   0.12330   -0.92148
56.00000   264.00000   0.14267   -1.11067
72.00000   264.00000   -0.15835   -1.00427
88.00000   264.00000   -0.42395   -0.85926
8.00000   280.00000   -0.31025   -1.15172
24.00000   280.00000   0.28611   -1.19553
40.00000   280.00000   0.08033   -1.02898
56.00000   280.00000   -0.07670   -0.99773
72.00000   280.00000   -0.13302   -0.89316
88.00000   280.00000   -0.21908   -0.96026
8.00000   296.00000   -0.05973   -1.07182
24.00000   296.00000   0.00877   -1.14720
40.00000   296.00000   -0.20576   -1.06412
56.00000   296.00000   -0.11492   -0.97705
72.00000   296.00000   -0.16052   -0.81543
88.00000   296.00000   -0.36852   -0.96683
8.00000   312.00000   0.16133   -0.92081
24.00000   312.00000   0.21966   -1.13634
40.00000   312.00000   0.23394   -0.97202
56.00000   312.00000   -0.25237   -0.92012
72.00000   312.00000   -0.51158   -0.85981
88.00000   312.00000   -0.15519   -0.98137
8.00000   328.00000   -0.19267   -0.99317
24.00000   328.00000   -0.22576   -1.03126
40.00000   328.00000   -0.58662   -1.11942
56.00000   328.00000   -0.32185   -0.98625
72.00000   328.00000   -0.26984   -0.94064
88.00000   328.00000   0.12824   -0.85575
8.00000   344.00000   -0.03969   -0.99982
24.00000   344.00000   -0.45486   -0.92905
40.00000   344.00000   -0.69288   -1.12185
56.00000   344.00000   -0.24340   -0.84309
72.00000   344.00000   -0.15130   -0.87342
88.00000   344.00000   0.06551   -0.87737
8.00000   360.00000   -0.15607   -1.08529
24.00000   360.00000   0.05905   -0.99556
40.00000   360.00000   -0.77968   -0.98131
56.00000   360.00000   -0.29102   -0.90088
72.00000   360.00000   -0.11138   -0.87015
88.00000   360.00000   0.03089   -0.86360
8.00000   376.00000   -0.06053   -0.96764
24.00000   376.00000   -0.62580   -0.78078
40.00000   376.00000   -0.61386   -1.07809
56.00000   376.00000   -0.53834   -1.04590
72.00000   376.00000   -0.05386   -0.80925
88.00000   376.00000   0.00843   -0.80453
8.00000   392.00000   -0.23937   -1.02566
24.00000   392.00000   -0.50643   -1.03141
40.00000   392.00000   -0.84106   -1.12925
56.00000   392.00000   -0.57644   -0.98870
72.00000   392.00000   -0.18913   -0.95098
88.00000   392.00000   -0.01165   -1.07454
8.00000   408.00000   -0.29832   -0.94209
24.00000   408.00000   -0.26928   -0.89233
40.00000   408.00000   -0.50750   -1.26764
56.00000   408.00000   -0.43529   -1.07091
72.00000   408.00000   -0.40433   -1.15313
88.00000   408.00000   -0.02058   -1.12626
8.00000   424.00000   -0.15618   -0.92571
24.00000   424.00000   -0.74509   -0.99716
40.00000   424.00000   -0.36700   -1.08178
56.00000   424.00000   -0.35437   -1.03198
72.00000   424.00000   -0.09935   -1.03258
88.00000   424.00000   -0.03699   -1.20149
8.00000   440.00000   -0.26051   -0.93475
24.00000   440.00000   -0.61389   -1.04882
40.00000   440.00000   -0.62364   -1.08408
56.00000   440.00000   -0.32807   -0.89081
72.00000   440.00000   -0.19474   -1.11204
88.00000   440.00000   -0.08110   -1.04502
8.00000   456.00000   -0.75969   -0.97026
24.00000   456.00000   -0.30768   -1.21715
40.00000   456.00000   -0.53677   -1.01161
56.00000   456.00000   -0.18092   -1.00656
72.00000   456.00000   -0.47111   -1.17164
88.00000   456.00000   -0.13784   -1.15209
8.00000   472.00000   -0.48971   -1.07589
24.00000   472.00000   -0.80769   -1.30464
40.00000   472.00000   -0.67146   -1.11924
56.00000   472.00000   -0.35073   -1.23320
72.00000   472.00000   -0.50121   -1.10509
88.00000   472.00000   -0.02084   -1.16117
8.00000   488.00000   -0.71091   -1.10554
24.00000   488.00000   -0.25184   -1.13698
40.00000   488.00000   -0.32469   -1.21982
56.00000   488.00000   -0.38862   -1.01071
72.00000   488.00000   -0.20375   -1.13632
88.00000   488.00000   -0.01548   -1.11002
8.00000   504.00000   -0.17474   -0.98225
24.00000   504.00000   -0.55254   -1.21780
40.00000   504.00000   -0.64143   -1.15245
56.00000   504.00000   -0.34589   -1.06719
72.00000   504.00000   -0.21237   -1.19761
88.00000   504.00000   -0.12516   -1.26399
8.00000   520.00000   -0.76116   -0.94238
24.00000   520.00000   -0.31557   -1.11256
40.00000   520.00000   -0.67405   -1.25787
56.00000   520.00000   -0.59160   -1.23226
72.00000   520.00000   -0.28357   -1.25283
88.00000   520.00000   -0.40952   -1.14796
8.00000   536.00000   -0.09493   -1.05638
24.00000   536.00000   -0.23658   -1.21296
40.00000   536.00000   -0.51587   -1.15474
56.00000   536.00000   -0.39376   -1.21375
72.00000   536.00000   -0.36841   -1.18176
88.00000   536.00000   -0.45378   -1.16868
