# image 10 and 11 x,y,u,v
8.00000   8.00000   -0.70173   -0.96694
24.00000   8.00000   -0.25442   -1.17321
40.00000   8.00000   -0.05963   -1.07433
56.00000   8.00000   -0.04439   -1.12151
72.00000   8.00000   0.02688   -0.93986
88.00000   8.00000   -0.07243   -1.00079
8.00000   24.00000   -0.26613   -0.95537
24.00000   24.00000   -0.21514   -1.15825
40.00000   24.00000   -0.08457   -1.11859
56.00000   24.00000   -0.22097   -0.95521
72.00000   24.00000   -0.24329   -0.85406
88.00000   24.00000   0.10053   -1.02025
8.00000   40.00000   -0.46595   -1.05221
24.00000   40.00000   -0.14591   -1.11848
40.00000   40.00000   -0.16182   -1.13135
56.00000   40.00000   -0.31158   -0.92078
72.00000   40.00000   -0.25278   -1.01686
88.00000   40.00000   -0.35663   -0.99856
8.00000   56.00000   -0.40317   -0.94490
24.00000   56.00000   -0.15222   -1.03431
40.00000   56.00000   -0.51722   -0.99090
56.00000   56.00000   0.02501   -1.12800
72.00000   56.00000   -0.11692   -1.04626
88.00000   56.00000   -0.29981   -1.02044
8.00000   72.00000   -0.40609   -0.92010
24.00000   72.00000   -0.03494   -0.86900
40.00000   72.00000   -0.02170   -0.91015
56.00000   72.00000   -0.14914   -0.99822
72.00000   72.00000   -0.16244   -1.02224
88.00000   72.00000   -0.13043   -0.93144
8.00000   88.00000   -0.25704   -0.90871
24.00000   88.00000   -0.18926   -0.90013
40.00000   88.00000   0.08287   -0.88441
56.00000   88.00000   -0.13491   -0.99375
72.00000   88.00000   -0.11454   -1.09337
88.00000   88.00000   -0.02327   -0.98095
8.00000   104.00000   -0.54541   -1.06960
24.00000   104.00000   -0.14092   -1.06771
40.00000   104.00000   -0.20554   -0.97266
56.00000   104.00000   0.03644   -0.92040
72.00000   104.00000   -0.13037   -0.88371
88.00000   104.00000   -0.14151   -1.03529
8.00000   120.00000   -0.30320   -1.07826
24.00000   120.00000   -0.04289   -1.03800
40.00000   120.00000   -0.28332   -1.13583
56.00000   120.00000   -0.22284   -1.04183
72.00000   120.00000   -0.22210   -0.94134
88.00000   120.00000   -0.10638   -0.96030
8.00000   136.00000   -0.06047   -1.16682
24.00000   136.00000   0.01459   -1.11657
40.00000   136.00000   -0.24977   -1.03756
56.00000   136.00000   0.03932   -1.06584
72.00000   136.00000   -0.28862   -0.86626
88.00000   136.00000   -0.02516   -1.03259
8.00000   152.00000   0.00467   -1.11738
24.00000   152.00000   -0.25784   -0.88600
40.00000   152.00000   -0.29796   -1.00700
56.00000   152.00000   0.05002   -0.99475
72.00000   152.00000   -0.14177   -1.08704
88.00000   152.00000   -0.06703   -1.09753
8.00000   168.00000   -0.16437   -1.01067
24.00000   168.00000   -0.05939   -1.02756
40.00000   168.00000   -0.08050   -1.07437
56.00000   168.00000   -0.25186   -1.05296
72.00000   168.00000   0.10256   -1.12764
88.00000   168.00000   -0.21003   -1.25252
8.00000   184.00000   -0.04070   -1.04068
24.00000   184.00000   -0.29226   -1.05004
40.00000   184.00000   -0.07976   -1.12620
56.00000   184.00000   -0.06323   -1.06621
72.00000   184.00000   -0.03141   -1.25414
88.00000   184.00000   -0.15464   -1.05743
8.00000   200.00000   -0.26555   -1.03185
24.00000   200.00000   0.13890   -1.08106
40.00000   200.00000   0.02654   -0.99457
56.00000   200.00000   -0.00294   -0.99549
72.00000   200.00000   0.00739   -1.16017
88.00000   200.00000   -0.09775   -0.96422
8.00000   216.00000   0.03663   -1.11110
24.00000   216.00000   0.09390   -0.95454
40.00000   216.00000   -0.15576   -1.07301
56.00000   216.00000   0.21615   -0.84851
72.00000   216.00000   -0.08194   -1.04425
88.00000   216.00000   -0.24349   -1.05252
8.00000   232.00000   -0.12268   -1.05433
24.00000   232.00000   0.00545   -0.93192
40.00000   232.00000   -0.38299   -1.07563
56.00000   232.00000   0.00654   -1.03315
72.00000   232.00000   0.08440   -0.90221
88.00000   232.00000   -0.08243   -1.04881
8.00000   248.00000   -0.20506   -1.02015
24.00000   248.00000   0.05113   -0.80319
40.00000   248.00000   0.01568   -1.02299
56.00000   248.00000   0.20842   -1.00050
72.00000   248.00000   -0.29219   -1.15876
88.00000   248.00000   -0.42563   -1.00873
8.00000   264.00000   -0.01349   -1.08147
24.00000   264.00000   0.06854   -0.97764
40.00000   264.00000   -0.00959   -0.80646
56.00000   264.00000   -0.08928   -0.93022
72.00000   264.00000   -0.33387   -0.96375
88.00000   264.00000   -0.08301   -1.04875
8.00000   280.00000   -0.12720   -1.13235
24.00000   280.00000   -0.02642   -1.02020
40.00000   280.00000   -0.08591   -1.07009
56.00000   280.00000   0.16278   -0.94113
72.00000   280.00000   -0.06691   -0.87760
88.00000   280.00000   -0.37856   -0.81054
8.00000   296.00000   -0.01705   -1.06565
24.00000   296.00000   0.01262   -0.91679
40.00000   296.00000   0.33590   -1.02822
56.00000   296.00000   -0.45107   -0.99302
72.00000   296.00000   -0.13841   -0.91495
88.00000   296.00000   -0.29546   -0.84456
8.00000   312.00000   -0.30265   -1.02169
24.00000   312.00000   -0.07970   -0.98661
40.00000   312.00000   -0.21265   -0.99032
56.00000   312.00000   -0.13901   -0.98053
72.00000   312.00000   -0.41502   -0.84342
88.00000   312.00000   0.16949   -1.01458
8.00000   328.00000   0.04959   -1.01746
24.00000   328.00000   -0.36196   -0.85246
40.00000   328.00000   -0.55795   -1.02690
56.00000   328.00000   -0.32616   -1.08064
72.00000   328.00000   -0.07239   -1.08432
88.00000   328.00000   -0.02147   -0.91282
8.00000   344.00000   -0.09327   -0.91888
24.00000   344.00000   -0.51026   -1.04780
40.00000   344.00000   -0.71710   -0.84710
56.00000   344.00000   -0.57731   -0.86157
72.00000   344.00000   -0.24334   -0.97651
88.00000   344.00000   -0.03833   -0.81067
8.00000   360.00000   -0.02452   -0.96851
24.00000   360.00000   0.31782   -0.82410
40.00000   360.00000   -0.22734   -0.96748
56.00000   360.00000   -0.47695   -1.04527
72.00000   360.00000   -0.11202   -0.79867
88.00000   360.00000   -0.11232   -0.79867
8.00000   376.00000   -0.04312   -0.85598
24.00000   376.00000   -0.54434   -0.89055
40.00000   376.00000   -0.60908   -1.12331
56.00000   376.00000   -0.76265   -0.93135
72.00000   376.00000   -0.34050   -0.72043
88.00000   376.00000   -0.12087   -1.01217
8.00000   392.00000   -0.15100   -1.08318
24.00000   392.00000   -0.31762   -1.10332
40.00000   392.00000   -0.72547   -0.90876
56.00000   392.00000   -0.44818   -0.98329
72.00000   392.00000   -0.25112   -1.10840
88.00000   392.00000   -0.25711   -0.88311
8.00000   408.00000   -0.27798   -1.11162
24.00000   408.00000   -0.44857   -1.07736
40.00000   408.00000   -0.77284   -1.03177
56.00000   408.00000   -0.64858   -1.07594
72.00000   408.00000   -0.37769   -1.09463
88.00000   408.00000   -0.04506   -1.12325
8.00000   424.00000   -0.07192   -0.90215
24.00000   424.00000   -0.36591   -0.91513
40.00000   424.00000   -0.89274   -1.02861
56.00000   424.00000   -0.05939   -1.00650
72.00000   424.00000   -0.28214   -1.05339
88.00000   424.00000   -0.07668   -1.04621
8.00000   440.00000   -0.53006   -1.22921
24.00000   440.00000   -0.53400   -0.92069
40.00000   440.00000   -0.48580   -0.94940
56.00000   440.00000   0.02215   -1.01248
72.00000   440.00000   -0.30291   -0.99335
88.00000   440.00000   -0.14400   -0.98123
8.00000   456.00000   -0.74853   -1.00407
24.00000   456.00000   -0.16639   -1.08908
40.00000   456.00000   -0.46074   -1.07617
56.00000   456.00000   -0.32658   -1.15365
72.00000   456.00000   -0.15335   -1.06607
88.00000   456.00000   -0.01925   -0.94955
8.00000   472.00000   -0.75791   -1.10763
24.00000   472.00000   -0.49457   -1.01512
40.00000   472.00000   -0.47376   -1.06262
56.00000   472.00000   -0.46015   -1.22568
72.00000   472.00000   -0.53296   -1.20811
88.00000   472.00000   -0.02678   -1.00546
8.00000   488.00000   -0.41982   -0.94998
24.00000   488.00000   -0.11592   -1.21426
40.00000   488.00000   -0.31595   -1.02375
56.00000   488.00000   -0.39207   -1.11503
72.00000   488.00000   -0.16770   -1.14108
88.00000   488.00000   -0.33659   -1.03485
8.00000   504.00000   -0.86634   -1.22967
24.00000   504.00000   -0.32967   -1.01586
40.00000   504.00000   -0.69931   -1.16380
56.00000   504.00000   -0.61954   -1.13137
72.00000   504.00000   -0.11971   -1.15889
88.00000   504.00000   -0.27501   -0.99391
8.00000   520.00000   -0.66264   -1.04408
24.00000   520.00000   -0.36502   -1.19564
40.00000   520.00000   -0.64815   -0.98993
56.00000   520.00000   -0.54430   -1.17274
72.00000   520.00000   -0.25776   -1.27499
88.00000   520.00000   -0.47035   -1.17634
8.00000   536.00000   -0.62714   -1.26560
24.00000   536.00000   -0.21748   -1.14877
40.00000   536.00000   -0.06877   -1.29853
56.00000   536.00000   -0.55747   -1.32735
72.00000   536.00000   -0.26532   -1.26104
88.00000   536.00000   -0.54062   -1.12655
