# image 66 and 67 x,y,u,v
8.00000   8.00000   -0.56248   -1.04038
24.00000   8.00000   -0.28320   -1.10117
40.00000   8.00000   0.19229   -0.98562
56.00000   8.00000   -0.00927   -1.20503
72.00000   8.00000   -0.14125   -0.93935
88.00000   8.00000   -0.05810   -0.99193
8.00000   24.00000   -0.47093   -1.08657
24.00000   24.00000   -0.55406   -1.08769
40.00000   24.00000   0.17248   -1.08389
56.00000   24.00000   0.07877   -0.97435
72.00000   24.00000   -0.21164   -1.04790
88.00000   24.00000   -0.22209   -1.00117
8.00000   40.00000   -0.60165   -1.03394
24.00000   40.00000   -0.16283   -1.11717
40.00000   40.00000   -0.20927   -1.09596
56.00000   40.00000   0.10087   -0.99965
72.00000   40.00000   -0.38581   -0.89752
88.00000   40.00000   -0.36694   -0.89199
8.00000   56.00000   -0.32861   -1.14425
24.00000   56.00000   0.01200   -1.10653
40.00000   56.00000   0.04927   -1.14776
56.00000   56.00000   -0.34794   -0.93241
72.00000   56.00000   -0.09615   -0.98842
88.00000   56.00000   -0.03818   -0.98081
8.00000   72.00000   -0.26582   -1.08704
24.00000   72.00000   0.00157   -0.90320
40.00000   72.00000   -0.25636   -0.93357
56.00000   72.00000   -0.07427   -0.86053
72.00000   72.00000   -0.04748   -0.86232
88.00000   72.00000   -0.18957   -0.87786
8.00000   88.00000   -0.22858   -1.05836
24.00000   88.00000   -0.26304   -1.09134
40.00000   88.00000   -0.00181   -1.05016
56.00000   88.00000   -0.30768   -1.06356
72.00000   88.00000   -0.02816   -0.94925
88.00000   88.00000   -0.29055   -0.96465
8.00000   104.00000   -0.33797   -1.12999
24.00000   104.00000   0.20646   -1.06587
40.00000   104.00000   0.12094   -0.98469
56.00000   104.00000   -0.23283   -0.90298
72.00000   104.00000   -0.25967   -1.00675
88.00000   104.00000   -0.08155   -0.99944
8.00000   120.00000   -0.01194   -1.08203
24.00000   120.00000   0.06990   -1.05777
40.00000   120.00000   0.04411   -0.94957
56.00000   120.00000   -0.11655   -1.07997
72.00000   120.00000   -0.15840   -0.98950
88.00000   120.00000   0.05568   -1.07166
8.00000   136.00000   -0.12515   -1.00412
24.00000   136.00000   -0.16809   -1.09110
40.00000   136.00000   0.09598   -0.97226
56.00000   136.00000   -0.03811   -1.06865
72.00000   136.00000   -0.22142   -1.07100
88.00000   136.00000   -0.13800   -1.00271
8.00000   152.00000   -0.26627   -1.07317
24.00000   152.00000   -0.26433   -1.16870
40.00000   152.00000   -0.34627   -0.99484
56.00000   152.00000   0.14631   -1.05494
72.00000   152.00000   0.06229   -1.19052
88.00000   152.00000   -0.21057   -1.04024
8.00000   168.00000   -0.00950   -0.97544
24.00000   168.00000   0.20325   -0.96159
40.00000   168.00000   -0.01055   -1.04472
56.00000   168.00000   -0.06225   -0.97090
72.00000   168.00000   -0.22250   -0.89044
88.00000   168.00000   -0.03057   -1.05778
8.00000   184.00000   -0.08190   -0.92691
24.00000   184.00000   -0.24170   -1.06328
40.00000   184.00000   -0.02822   -0.86660
56.00000   184.00000   -0.00093   -1.02866
72.00000   184.00000   -0.11247   -0.92726
88.00000   184.00000   0.12385   -1.17313
8.00000   200.00000   0.10017   -0.99277
24.00000   200.00000   -0.10333   -1.06221
40.00000   200.00000   0.24104   -1.08828
56.00000   200.00000   0.28217   -0.94187
72.00000   200.00000   -0.01286   -0.99540
88.00000   200.00000   0.07803   -1.15449
8.00000   216.00000   0.07404   -0.97904
24.00000   216.00000   0.21879   -1.09202
40.00000   216.00000   -0.06339   -0.92921
56.00000   216.00000   0.15107   -0.81495
72.00000   216.00000   0.04826   -1.00804
88.00000   216.00000   -0.12647   -0.94015
8.00000   232.00000   -0.24684   -1.12036
24.00000   232.00000   -0.01636   -1.09354
40.00000   232.00000   -0.25497   -1.02438
56.00000   232.00000   -0.21750   -1.11970
72.00000   232.00000   -0.18728   -0.97886
88.00000   232.00000   -0.11658   -0.88701
8.00000   248.00000   -0.22762   -0.89241
24.00000   248.00000   -0.07087   -0.96895
40.00000   248.00000   0.03667   -1.08245
56.00000   248.00000   -0.03664   -1.01906
72.00000   248.00000   -0.50547   -0.98095
88.00000   248.00000   -0.22973   -0.84976
8.00000   264.00000   0.17020   -1.27252
24.00000   264.00000   0.07242   -1.08847
40.00000   264.00000   0.25146   -1.06888
56.00000   264.00000   0.14057   -0.97481
72.00000   264.00000   -0.23792   -1.01439
88.00000   264.00000   -0.16462   -0.94852
8.00000   280.00000   -0.05273   -1.10025
24.00000   280.00000   -0.15339   -1.07993
40.00000   280.00000   0.06595   -1.12008
56.00000   280.00000   0.00286   -1.06077
72.00000   280.00000   -0.07965   -0.89570
88.00000   280.00000   -0.12097   -1.00086
8.00000   296.00000   -0.18050   -1.01512
24.00000   296.00000   -0.24376   -0.90978
40.00000   296.00000   0.05873   -1.18545
56.00000   296.00000   0.02359   -0.98308
72.00000   296.00000   -0.22186   -0.85245
88.00000   296.00000   -0.27829   -0.95200
8.00000   312.00000   -0.13195   -1.01256
24.00000   312.00000   -0.29303   -1.10066
40.00000   312.00000   -0.21694   -0.79196
56.00000   312.00000   -0.58257   -0.87692
72.00000   312.00000   -0.11216   -0.87448
88.00000   312.00000   0.03656   -0.95963
8.00000   328.00000   -0.03266   -1.05208
24.00000   328.00000   0.10679   -1.07404
40.00000   328.00000   -0.80270   -1.01470
56.00000   328.00000   -0.23840   -1.01680
72.00000   328.00000   -0.13704   -0.97634
88.00000   328.00000   0.06461   -0.95192
8.00000   344.00000   -0.05661   -0.99470
24.00000   344.00000   -0.23416   -1.02619
40.00000   344.00000   -0.74873   -0.97808
56.00000   344.00000   -0.60867   -0.80648
72.00000   344.00000   -0.17828   -0.79954
88.00000   344.00000   0.05731   -0.92528
8.00000   360.00000   -0.48117   -0.74312
24.00000   360.00000   -0.49744   -0.90892
40.00000   360.00000   -0.62346   -0.97225
56.00000   360.00000   -0.29897   -0.91466
72.00000   360.00000   -0.21524   -0.83663
88.00000   360.00000   0.00499   -0.87168
8.00000   376.00000   -0.39511   -0.84528
24.00000   376.00000   -0.54588   -0.80037
40.00000   376.00000   -0.79018   -0.96345
56.00000   376.00000   -0.25491   -0.86289
72.00000   376.00000   -0.14480   -0.93046
88.00000   376.00000   -0.06409   -0.88566
8.00000   392.00000   -0.26189   -1.10973
24.00000   392.00000   -0.42282   -0.97185
40.00000   392.00000   -0.71090   -1.06178
56.00000   392.00000   -0.68730   -1.07026
72.00000   392.00000   -0.14996   -0.94099
88.00000   392.00000   -0.18552   -0.84722
8.00000   408.00000   -0.55670   -0.94048
24.00000   408.00000   -0.26082   -1.03458
40.00000   408.00000   -0.78520   -0.97455
56.00000   408.00000   -0.20116   -0.84937
72.00000   408.00000   -0.25845   -0.98264
88.00000   408.00000   -0.13319   -1.06980
8.00000   424.00000   -0.52862   -1.14510
24.00000   424.00000   -0.54207   -1.06834
40.00000   424.00000   -0.72603   -1.07807
56.00000   424.00000   0.16238   -1.24919
72.00000   424.00000   -0.08374   -1.14381
88.00000   424.00000   -0.19593   -1.01825
8.00000   440.00000   -0.55931   -0.73902
24.00000   440.00000   -0.40129   -1.02734
40.00000   440.00000   -0.32305   -1.25166
56.00000   440.00000   -0.17117   -0.95288
72.00000   440.00000   -0.25696   -0.97576
88.00000   440.00000   0.02265   -1.18321
8.00000   456.00000   -0.72109   -1.07232
24.00000   456.00000   -0.37679   -1.14900
40.00000   456.00000   -0.70097   -0.98583
56.00000   456.00000   -0.41672   -1.05715
72.00000   456.00000   -0.36848   -1.02163
88.00000   456.00000   -0.10614   -0.89268
8.00000   472.00000   -0.46933   -1.07316
24.00000   472.00000   -0.67982   -1.19394
40.00000   472.00000   -0.59230   -1.03191
56.00000   472.00000   -0.60899   -1.32804
72.00000   472.00000   -0.35193   -1.00639
88.00000   472.00000   -0.09093   -1.09490
8.00000   488.00000   -0.63973   -1.22440
24.00000   488.00000   -0.69943   -1.03042
40.00000   488.00000   -0.49237   -1.20076
56.00000   488.00000   -0.46078   -1.24346
72.00000   488.00000   -0.37907   -1.24566
88.00000   488.00000   -0.16568   -1.12782
8.00000   504.00000   -0.24545   -1.19058
24.00000   504.00000   -0.66838   -1.12004
40.00000   504.00000   -0.65437   -1.15570
56.00000   504.00000   -0.67426   -0.94189
72.00000   504.00000   -0.44734   -1.17840
88.00000   504.00000   -0.21854   -1.13915
8.00000   520.00000   -0.67908   -0.89387
24.00000   520.00000   -0.72405   -1.16494
40.00000   520.00000   0.19811   -1.19445
56.00000   520.00000   -0.63238   -1.23503
72.00000   520.00000   -0.48299   -1.14650
88.00000   520.00000   -0.24383   -1.29678
8.00000   536.00000   -0.13340   -1.02456
24.00000   536.00000   -0.48525   -1.26333
40.00000   536.00000   -0.31244   -1.23820
56.00000   536.00000   -0.60960   -1.17655
72.00000   536.00000   -0.60677   -1.32384
88.00000   536.00000   -0.22973   -1.17082
