# image 60 and 61 x,y,u,v
8.00000   8.00000   -0.51591   -1.01483
24.00000   8.00000   -0.29875   -1.01044
40.00000   8.00000   0.25088   -0.98981
56.00000   8.00000   0.26764   -0.90270
72.00000   8.00000   -0.06803   -1.01724
88.00000   8.00000   0.05276   -0.90671
8.00000   24.00000   -0.55972   -0.91487
24.00000   24.00000   -0.25119   -1.00275
40.00000   24.00000   0.17981   -0.96972
56.00000   24.00000   -0.10219   -1.00724
72.00000   24.00000   -0.21886   -1.04847
88.00000   24.00000   -0.26403   -1.02494
8.00000   40.00000   -0.57676   -1.12185
24.00000   40.00000   -0.31282   -1.15899
40.00000   40.00000   -0.45637   -0.95848
56.00000   40.00000   -0.15245   -0.95018
72.00000   40.00000   -0.36688   -0.92908
88.00000   40.00000   -0.30338   -1.02475
8.00000   56.00000   -0.18059   -0.98856
24.00000   56.00000   -0.19305   -0.95237
40.00000   56.00000   -0.09819   -1.07300
56.00000   56.00000   -0.21830   -0.97146
72.00000   56.00000   -0.19897   -0.97635
88.00000   56.00000   -0.12186   -0.88323
8.00000   72.00000   -0.41428   -1.00066
24.00000   72.00000   0.14984   -0.98450
40.00000   72.00000   -0.03558   -1.04479
56.00000   72.00000   -0.04049   -0.94720
72.00000   72.00000   0.09058   -0.94713
88.00000   72.00000   -0.11806   -0.97846
8.00000   88.00000   -0.13241   -0.93398
24.00000   88.00000   -0.20138   -0.98354
40.00000   88.00000   0.25062   -1.06724
56.00000   88.00000   -0.19521   -0.94615
72.00000   88.00000   0.01438   -1.05664
88.00000   88.00000   0.11182   -0.93461
8.00000   104.00000   -0.20746   -1.03555
24.00000   104.00000   -0.09801   -0.98810
40.00000   104.00000   0.02815   -0.82618
56.00000   104.00000   -0.20720   -1.02915
72.00000   104.00000   -0.23631   -1.06800
88.00000   104.00000   -0.07504   -1.08054
8.00000   120.00000   -0.19440   -1.01018
24.00000   120.00000   0.15341   -1.17724
40.00000   120.00000   0.00580   -1.11974
56.00000   120.00000   -0.26658   -0.89045
72.00000   120.00000   -0.19177   -0.98232
88.00000   120.00000   -0.13112   -0.97317
8.00000   136.00000   -0.11004   -1.09192
24.00000   136.00000   -0.37480   -1.08345
40.00000   136.00000   0.08601   -0.93462
56.00000   136.00000   -0.11495   -1.24521
72.00000   136.00000   -0.23058   -1.09069
88.00000   136.00000   -0.14910   -1.14137
8.00000   152.00000   -0.02584   -0.89842
24.00000   152.00000   0.26613   -1.06921
40.00000   152.00000   -0.18389   -1.20508
56.00000   152.00000   -0.01253   -1.01371
72.00000   152.00000   -0.12535   -1.15970
88.00000   152.00000   -0.26911   -0.90048
8.00000   168.00000   0.11302   -1.06334
24.00000   168.00000   -0.05317   -0.85489
40.00000   168.00000   -0.14491   -0.95150
56.00000   168.00000   0.11757   -1.04369
72.00000   168.00000   0.11494   -0.90748
88.00000   168.00000   -0.01667   -0.98934
8.00000   184.00000   0.10285   -1.06260
24.00000   184.00000   -0.10247   -0.88244
40.00000   184.00000   0.30294   -0.88025
56.00000   184.00000   0.01063   -1.07959
72.00000   184.00000   0.12434   -0.97108
88.00000   184.00000   -0.02324   -1.07004
8.00000   200.00000   0.00830   -1.06947
24.00000   200.00000   -0.13061   -1.01921
40.00000   200.00000   0.00661   -1.16563
56.00000   200.00000   -0.12965   -1.04068
72.00000   200.00000   0.04354   -1.06393
88.00000   200.00000   0.01347   -1.09135
8.00000   216.00000   -0.11402   -1.10101
24.00000   216.00000   -0.10093   -1.02303
40.00000   216.00000   0.21261   -0.89549
56.00000   216.00000   0.10298   -0.89999
72.00000   216.00000   -0.19624   -0.85525
88.00000   216.00000   -0.04561   -0.94311
8.00000   232.00000   -0.02558   -0.97104
24.00000   232.00000   0.18785   -0.89830
40.00000   232.00000   -0.18197   -1.02491
56.00000   232.00000   0.38631   -0.89106
72.00000   232.00000   -0.18428   -0.87245
88.00000   232.00000   -0.18847   -1.02641
8.00000   248.00000   -0.19615   -1.07811
24.00000   248.00000   -0.01345   -0.98336
40.00000   248.00000   0.22617   -1.00738
56.00000   248.00000   0.10838   -0.90210
72.00000   248.00000   -0.45023   -0.96082
88.00000   248.00000   -0.41096   -0.85838
8.00000   264.00000   -0.22065   -1.14878
24.00000   264.00000   -0.18373   -0.97596
40.00000   264.00000   -0.22712   -0.90920
56.00000   264.00000   -0.17637   -0.91649
72.00000   264.00000   -0.08746   -1.00875
88.00000   264.00000   -0.13913   -0.83406
8.00000   280.00000   0.03272   -1.10668
24.00000   280.00000   -0.15044   -1.08135
40.00000   280.00000   0.32006   -1.10118
56.00000   280.00000   -0.00809   -0.89813
72.00000   280.00000   -0.22393   -0.86549
88.00000   280.00000   -0.21554   -0.96701
8.00000   296.00000   -0.14960   -0.96871
24.00000   296.00000   -0.18441   -1.02018
40.00000   296.00000   0.26136   -0.85730
56.00000   296.00000   -0.22426   -0.78161
72.00000   296.00000   -0.08864   -0.98634
88.00000   296.00000   -0.14204   -0.91488
8.00000   312.00000   0.06776   -1.01696
24.00000   312.00000   -0.24298   -0.92325
40.00000   312.00000   -0.16395   -1.04212
56.00000   312.00000   -0.36283   -1.08770
72.00000   312.00000   -0.07949   -0.81029
88.00000   312.00000   -0.06952   -0.89958
8.00000   328.00000   -0.31355   -0.96580
24.00000   328.00000   -0.43521   -0.90305
40.00000   328.00000   -0.62506   -1.10102
56.00000   328.00000   -0.53402   -0.99426
72.00000   328.00000   -0.28318   -0.79994
88.00000   328.00000   0.01860   -0.87127
8.00000   344.00000   -0.07740   -0.86896
24.00000   344.00000   -0.31677   -1.03340
40.00000   344.00000   -0.59728   -0.99601
56.00000   344.00000   -0.09005   -1.02711
72.00000   344.00000   -0.08743   -1.17124
88.00000   344.00000   0.03653   -0.97640
8.00000   360.00000   -0.25521   -0.99514
24.00000   360.00000   -0.28801   -1.03438
40.00000   360.00000   -0.84404   -0.92309
56.00000   360.00000   -0.60643   -0.82250
72.00000   360.00000   -0.27517   -0.98471
88.00000   360.00000   0.08844   -0.96590
8.00000   376.00000   -0.22005   -1.27780
24.00000   376.00000   -0.50327   -0.95603
40.00000   376.00000   -0.52672   -1.07742
56.00000   376.00000   -0.40450   -0.94178
72.00000   376.00000   -0.10246   -0.80440
88.00000   376.00000   -0.17365   -0.88581
8.00000   392.00000   -0.15565   -0.86420
24.00000   392.00000   -0.55290   -0.90685
40.00000   392.00000   -0.71905   -0.95333
56.00000   392.00000   -0.38952   -0.89449
72.00000   392.00000   -0.15651   -0.99574
88.00000   392.00000   0.03404   -1.00767
8.00000   408.00000   0.03168   -1.10942
24.00000   408.00000   -0.58837   -0.95467
40.00000   408.00000   -0.73228   -0.93682
56.00000   408.00000   -0.38360   -1.06157
72.00000   408.00000   -0.09129   -0.96525
88.00000   408.00000   0.00546   -0.88402
8.00000   424.00000   -0.50457   -1.07926
24.00000   424.00000   -0.59540   -1.10353
40.00000   424.00000   -0.33484   -0.98311
56.00000   424.00000   0.16676   -1.13315
72.00000   424.00000   0.00472   -1.23504
88.00000   424.00000   -0.14065   -1.02198
8.00000   440.00000   -0.41788   -0.81280
24.00000   440.00000   -0.70759   -1.17530
40.00000   440.00000   -0.15883   -1.13337
56.00000   440.00000   -0.57480   -1.22921
72.00000   440.00000   -0.04400   -1.21414
88.00000   440.00000   0.00826   -1.09393
8.00000   456.00000   -0.78583   -1.03377
24.00000   456.00000   -0.40016   -1.06934
40.00000   456.00000   -0.52439   -1.11010
56.00000   456.00000   -0.16756   -1.03571
72.00000   456.00000   -0.08653   -1.04226
88.00000   456.00000   -0.13735   -0.99826
8.00000   472.00000   -0.74896   -1.07749
24.00000   472.00000   -0.71045   -1.11101
40.00000   472.00000   -0.67502   -1.14598
56.00000   472.00000   -0.52758   -1.17387
72.00000   472.00000   -0.44694   -1.09567
88.00000   472.00000   -0.09674   -1.02938
8.00000   488.00000   -0.41058   -1.14840
24.00000   488.00000   -0.56078   -1.00157
40.00000   488.00000   -0.72190   -1.14986
56.00000   488.00000   -0.37135   -1.17687
72.00000   488.00000   -0.41280   -1.21632
88.00000   488.00000   -0.12430   -0.99473
8.00000   504.00000   -0.58159   -0.82288
24.00000   504.00000   -0.42514   -1.18932
40.00000   504.00000   -0.71057   -1.17827
56.00000   504.00000   -0.53728   -1.13236
72.00000   504.00000   -0.46476   -1.17643
88.00000   504.00000   -0.15439   -1.17806
8.00000   520.00000   -0.87442   -0.95742
24.00000   520.00000   -0.62090   -1.07326
40.00000   520.00000   -0.07377   -1.19459
56.00000   520.00000   -0.67975   -1.27424
72.00000   520.00000   -0.55913   -1.21307
88.00000   520.00000   -0.10549   -1.21385
8.00000   536.00000   -0.32081   -1.04460
24.00000   536.00000   -0.33780   -1.14984
40.00000   536.00000   -0.26921   -1.21253
56.00000   536.00000   -0.42199   -1.30287
72.00000   536.00000   -0.40273   -1.30875
88.00000   536.00000   -0.26819   -1.32446
