# image 0 and 1 x,y,u,v
8.00000   8.00000   -0.43359   -1.17139
24.00000   8.00000   -0.23363   -1.11223
40.00000   8.00000   -0.13013   -1.07873
56.00000   8.00000   0.05820   -1.06000
72.00000   8.00000   0.13721   -1.00501
88.00000   8.00000   -0.17393   -0.86325
8.00000   24.00000   -0.54961   -0.92800
24.00000   24.00000   -0.31628   -1.03494
40.00000   24.00000   -0.03443   -1.12566
56.00000   24.00000   0.14989   -1.04178
72.00000   24.00000   -0.15728   -0.95117
88.00000   24.00000   -0.03742   -0.86800
8.00000   40.00000   -0.28596   -1.14946
24.00000   40.00000   -0.19708   -1.18801
40.00000   40.00000   -0.58582   -1.10063
56.00000   40.00000   -0.19354   -0.93813
72.00000   40.00000   -0.12474   -1.08430
88.00000   40.00000   0.02093   -1.06652
8.00000   56.00000   -0.47540   -1.04766
24.00000   56.00000   -0.07942   -1.00197
40.00000   56.00000   -0.18659   -1.13583
56.00000   56.00000   -0.02713   -1.06199
72.00000   56.00000   -0.11521   -1.06733
88.00000   56.00000   -0.21612   -1.02246
8.00000   72.00000   -0.26169   -0.93594
24.00000   72.00000   -0.19653   -1.11232
40.00000   72.00000   -0.16672   -0.91468
56.00000   72.00000   0.05914   -0.80987
72.00000   72.00000   -0.06078   -1.07778
88.00000   72.00000   -0.12090   -0.96031
8.00000   88.00000   -0.19300   -1.11962
24.00000   88.00000   -0.11117   -1.08201
40.00000   88.00000   0.05712   -1.05633
56.00000   88.00000   0.13455   -0.89072
72.00000   88.00000   -0.16550   -0.99401
88.00000   88.00000   -0.28502   -0.95965
8.00000   104.00000   -0.39463   -0.82886
24.00000   104.00000   -0.10679   -0.86582
40.00000   104.00000   -0.11774   -0.96499
56.00000   104.00000   -0.28424   -0.98450
72.00000   104.00000   -0.02073   -1.00608
88.00000   104.00000   0.03264   -0.93340
8.00000   120.00000   -0.41950   -1.09320
24.00000   120.00000   -0.00882   -1.23999
40.00000   120.00000   -0.09959   -1.12594
56.00000   120.00000   -0.09030   -1.18767
72.00000   120.00000   -0.11223   -0.96045
88.00000   120.00000   0.04020   -1.18357
8.00000   136.00000   -0.09402   -1.08569
24.00000   136.00000   -0.12920   -1.12096
40.00000   136.00000   -0.31053   -1.13609
56.00000   136.00000   -0.12269   -1.09371
72.00000   136.00000   -0.09064   -0.93676
88.00000   136.00000   -0.07538   -0.96219
8.00000   152.00000   -0.21802   -1.07762
24.00000   152.00000   -0.09654   -1.01189
40.00000   152.00000   -0.34209   -0.82968
56.00000   152.00000   -0.21610   -1.00601
72.00000   152.00000   -0.17972   -0.97487
88.00000   152.00000   -0.04535   -1.01189
8.00000   168.00000   -0.28621   -0.84833
24.00000   168.00000   0.04406   -0.90769
40.00000   168.00000   -0.05979   -1.06094
56.00000   168.00000   0.00294   -1.01308
72.00000   168.00000   -0.02110   -1.26652
88.00000   168.00000   0.09716   -1.16855
8.00000   184.00000   -0.03919   -1.06845
24.00000   184.00000   -0.04501   -0.87793
40.00000   184.00000   0.04610   -1.14574
56.00000   184.00000   0.08684   -1.02458
72.00000   184.00000   0.05799   -1.07246
88.00000   184.00000   -0.19630   -1.08683
8.00000   200.00000   -0.22119   -0.99987
24.00000   200.00000   -0.12809   -0.89971
40.00000   200.00000   -0.03676   -0.96625
56.00000   200.00000   -0.13144   -1.04490
72.00000   200.00000   -0.06573   -1.17510
88.00000   200.00000   -0.20281   -1.08653
8.00000   216.00000   -0.00348   -0.93978
24.00000   216.00000   0.43093   -0.71676
40.00000   216.00000   0.07450   -1.06943
56.00000   216.00000   0.16291   -0.96912
72.00000   216.00000   -0.15746   -1.01800
88.00000   216.00000   -0.09248   -0.93135
8.00000   232.00000   -0.10588   -1.11719
24.00000   232.00000   0.15709   -0.83680
40.00000   232.00000   -0.27174   -1.12584
56.00000   232.00000   -0.07657   -1.05267
72.00000   232.00000   -0.21912   -0.97388
88.00000   232.00000   -0.28226   -0.92152
8.00000   248.00000   -0.14600   -1.03238
24.00000   248.00000   0.12694   -0.81928
40.00000   248.00000   -0.10683   -0.81928
56.00000   248.00000   0.10659   -1.05771
72.00000   248.00000   0.20579   -0.91029
88.00000   248.00000   -0.17538   -1.01642
8.00000   264.00000   -0.04389   -1.01257
24.00000   264.00000   0.34938   -1.02228
40.00000   264.00000   -0.12028   -0.89397
56.00000   264.00000   -0.03240   -1.04291
72.00000   264.00000   -0.22582   -1.05656
88.00000   264.00000   -0.30682   -0.94781
8.00000   280.00000   0.14797   -1.14101
24.00000   280.00000   0.21609   -1.05333
40.00000   280.00000   0.03106   -0.97022
56.00000   280.00000   0.18550   -1.03740
72.00000   280.00000   -0.05731   -0.98537
88.00000   280.00000   -0.29595   -0.95559
8.00000   296.00000   0.07322   -1.11465
24.00000   296.00000   0.04743   -1.09209
40.00000   296.00000   -0.42951   -0.90971
56.00000   296.00000   -0.04729   -0.99193
72.00000   296.00000   -0.19965   -0.90451
88.00000   296.00000   -0.19194   -0.87310
8.00000   312.00000   0.11047   -1.04130
24.00000   312.00000   0.13916   -0.94651
40.00000   312.00000   -0.23463   -0.80528
56.00000   312.00000   -0.21402   -0.91663
72.00000   312.00000   -0.24929   -1.04470
88.00000   312.00000   0.01129   -0.99343
8.00000   328.00000   -0.01296   -1.05448
24.00000   328.00000   -0.24054   -1.13985
40.00000   328.00000   -0.75115   -0.89563
56.00000   328.00000   -0.35698   -1.18045
72.00000   328.00000   -0.21291   -0.82859
88.00000   328.00000   0.22811   -1.00576
8.00000   344.00000   -0.06573   -0.94382
24.00000   344.00000   -0.63345   -0.97888
40.00000   344.00000   -0.36168   -1.09112
56.00000   344.00000   -0.23829   -1.05655
72.00000   344.00000   -0.07818   -0.81527
88.00000   344.00000   0.17267   -0.77048
8.00000   360.00000   0.07802   -1.03569
24.00000   360.00000   0.05347   -0.97930
40.00000   360.00000   -0.62307   -0.91979
56.00000   360.00000   -0.23471   -0.91746
72.00000   360.00000   -0.05799   -0.83361
88.00000   360.00000   0.02518   -1.02785
8.00000   376.00000   -0.02440   -1.06089
24.00000   376.00000   -0.32022   -1.02308
40.00000   376.00000   -0.65329   -0.87531
56.00000   376.00000   -0.63432   -1.04913
72.00000   376.00000   -0.16242   -0.76470
88.00000   376.00000   0.10369   -0.84167
8.00000   392.00000   -0.03363   -1.05066
24.00000   392.00000   -0.48574   -1.05522
40.00000   392.00000   -0.60196   -1.11779
56.00000   392.00000   -0.52977   -1.02408
72.00000   392.00000   -0.24106   -0.92642
88.00000   392.00000   -0.11795   -1.06618
8.00000   408.00000   -0.38147   -1.07936
24.00000   408.00000   0.08119   -0.91974
40.00000   408.00000   -0.31963   -0.97854
56.00000   408.00000   -0.58982   -1.10739
72.00000   408.00000   -0.38779   -1.02020
88.00000   408.00000   -0.08817   -1.23080
8.00000   424.00000   -0.25697   -1.04986
24.00000   424.00000   -0.62680   -0.98420
40.00000   424.00000   -0.60969   -1.01440
56.00000   424.00000   -0.45227   -1.00965
72.00000   424.00000   -0.12709   -1.05028
88.00000   424.00000   -0.05043   -1.15270
8.00000   440.00000   -0.27838   -1.01879
24.00000   440.00000   -0.39833   -1.13001
40.00000   440.00000   -0.62472   -1.00862
56.00000   440.00000   -0.13627   -1.05241
72.00000   440.00000   -0.09583   -1.03944
88.00000   440.00000   0.05646   -1.03741
8.00000   456.00000   -0.66779   -1.08440
24.00000   456.00000   -0.06010   -1.21348
40.00000   456.00000   -0.55048   -1.01440
56.00000   456.00000   -0.21475   -1.01503
72.00000   456.00000   -0.17734   -1.10097
88.00000   456.00000   -0.17947   -1.04791
8.00000   472.00000   -0.63006   -1.09476
24.00000   472.00000   -0.69887   -1.04162
40.00000   472.00000   -0.53973   -1.05585
56.00000   472.00000   -0.07630   -1.19418
72.00000   472.00000   -0.62176   -1.09509
88.00000   472.00000   -0.22587   -1.22348
8.00000   488.00000   -0.58594   -1.04198
24.00000   488.00000   -0.20858   -1.11018
40.00000   488.00000   -0.46503   -1.12321
56.00000   488.00000   -0.37257   -1.06329
72.00000   488.00000   -0.18818   -1.11947
88.00000   488.00000   -0.09095   -1.10128
8.00000   504.00000   -0.75863   -1.03269
24.00000   504.00000   -0.53978   -1.09991
40.00000   504.00000   -0.12112   -1.12474
56.00000   504.00000   -0.36289   -1.26403
72.00000   504.00000   -0.09489   -1.26089
88.00000   504.00000   -0.15920   -1.23652
8.00000   520.00000   -0.62114   -1.14930
24.00000   520.00000   -0.39245   -1.06938
40.00000   520.00000   -0.48840   -1.30502
56.00000   520.00000   -0.57582   -1.17543
72.00000   520.00000   -0.26420   -1.20852
88.00000   520.00000   -0.32094   -1.07034
8.00000   536.00000   -0.76973   -0.95861
24.00000   536.00000   0.11391   -1.25459
40.00000   536.00000   -0.51455   -1.33018
56.00000   536.00000   -0.19493   -1.26555
72.00000   536.00000   -0.24740   -1.15235
88.00000   536.00000   -0.43530   -1.20809
