# image 18 and 19 x,y,u,v
8.00000   8.00000   -0.22696   -1.11314
24.00000   8.00000   -0.11492   -1.02848
40.00000   8.00000   -0.08978   -1.09727
56.00000   8.00000   0.01239   -1.07537
72.00000   8.00000   -0.02540   -0.96843
88.00000   8.00000   0.00260   -1.04766
8.00000   24.00000   -0.56761   -1.04316
24.00000   24.00000   -0.36828   -1.10019
40.00000   24.00000   0.02653   -1.07050
56.00000   24.00000   -0.19164   -0.95255
72.00000   24.00000   -0.02087   -0.91513
88.00000   24.00000   -0.03309   -0.99008
8.00000   40.00000   -0.60060   -0.96317
24.00000   40.00000   -0.18734   -1.10581
40.00000   40.00000   -0.15663   -0.97157
56.00000   40.00000   0.12453   -0.91651
72.00000   40.00000   -0.38210   -1.07160
88.00000   40.00000   -0.27177   -1.00110
8.00000   56.00000   -0.34666   -1.01870
24.00000   56.00000   -0.10984   -1.02823
40.00000   56.00000   -0.19994   -0.89073
56.00000   56.00000   -0.07321   -0.89872
72.00000   56.00000   -0.10880   -0.99315
88.00000   56.00000   -0.23452   -1.08227
8.00000   72.00000   -0.41345   -0.94771
24.00000   72.00000   -0.20843   -0.97567
40.00000   72.00000   0.27247   -0.91332
56.00000   72.00000   -0.20698   -1.05711
72.00000   72.00000   -0.11201   -0.94854
88.00000   72.00000   0.08396   -1.08985
8.00000   88.00000   -0.33269   -1.02749
24.00000   88.00000   -0.30422   -0.95503
40.00000   88.00000   -0.34052   -1.02195
56.00000   88.00000   0.10224   -0.96775
72.00000   88.00000   -0.16558   -1.13187
88.00000   88.00000   -0.19307   -0.94320
8.00000   104.00000   -0.38978   -0.93854
24.00000   104.00000   -0.16068   -0.92175
40.00000   104.00000   -0.24728   -1.00090
56.00000   104.00000   -0.14776   -1.04067
72.00000   104.00000   -0.01481   -0.89047
88.00000   104.00000   -0.01534   -0.74465
8.00000   120.00000   -0.33244   -1.09290
24.00000   120.00000   0.09017   -0.99451
40.00000   120.00000   -0.05750   -1.03301
56.00000   120.00000   -0.03690   -1.04249
72.00000   120.00000   -0.29972   -0.96670
88.00000   120.00000   -0.07820   -0.99648
8.00000   136.00000   -0.01371   -1.11556
24.00000   136.00000   0.02561   -1.16244
40.00000   136.00000   -0.32659   -1.10911
56.00000   136.00000   -0.30190   -1.01028
72.00000   136.00000   -0.14697   -0.94375
88.00000   136.00000   0.05190   -0.97120
8.00000   152.00000   -0.22048   -1.07438
24.00000   152.00000   -0.09043   -0.86515
40.00000   152.00000   -0.01865   -0.91639
56.00000   152.00000   -0.07807   -1.12188
72.00000   152.00000   -0.24982   -1.09647
88.00000   152.00000   -0.03091   -1.08953
8.00000   168.00000   -0.14837   -1.00776
24.00000   168.00000   -0.22753   -0.92831
40.00000   168.00000   0.04095   -1.00707
56.00000   168.00000   -0.38610   -1.04988
72.00000   168.00000   -0.04686   -1.01867
88.00000   168.00000   -0.09335   -1.08638
8.00000   184.00000   -0.17734   -1.00648
24.00000   184.00000   0.36546   -0.91623
40.00000   184.00000   -0.15866   -1.12802
56.00000   184.00000   0.00109   -1.10179
72.00000   184.00000   0.10472   -1.11794
88.00000   184.00000   -0.21205   -1.12976
8.00000   200.00000   -0.25139   -0.95334
24.00000   200.00000   -0.13895   -0.87717
40.00000   200.00000   -0.12795   -0.97084
56.00000   200.00000   0.06492   -1.07917
72.00000   200.00000   -0.13322   -1.08231
88.00000   200.00000   -0.03994   -1.01220
8.00000   216.00000   -0.26774   -1.11286
24.00000   216.00000   -0.14143   -1.04486
40.00000   216.00000   -0.05616   -1.02020
56.00000   216.00000   -0.10879   -0.96257
72.00000   216.00000   0.00158   -1.00498
88.00000   216.00000   -0.18240   -1.02869
8.00000   232.00000   -0.04913   -1.08509
24.00000   232.00000   -0.04284   -0.81383
40.00000   232.00000   -0.44758   -1.00640
56.00000   232.00000   0.28856   -1.01231
72.00000   232.00000   0.01717   -1.06784
88.00000   232.00000   -0.19462   -0.99367
8.00000   248.00000   0.10914   -1.00552
24.00000   248.00000   0.20056   -0.92297
40.00000   248.00000   -0.11946   -0.95118
56.00000   248.00000   -0.07794   -0.88751
72.00000   248.00000   -0.19989   -1.01279
88.00000   248.00000   -0.17953   -0.93276
8.00000   264.00000   0.02686   -1.05565
24.00000   264.00000   -0.04825   -1.06161
40.00000   264.00000   0.13393   -0.85211
56.00000   264.00000   0.12649   -0.99134
72.00000   264.00000   -0.46910   -1.13300
88.00000   264.00000   -0.29572   -0.87355
8.00000   280.00000   0.13857   -1.04180
24.00000   280.00000   -0.03939   -1.03724
40.00000   280.00000   -0.00631   -1.08379
56.00000   280.00000   -0.17198   -0.84582
72.00000   280.00000   -0.31071   -0.98074
88.00000   280.00000   -0.49582   -0.92255
8.00000   296.00000   -0.10096   -0.98673
24.00000   296.00000   0.04163   -1.10392
40.00000   296.00000   -0.42264   -1.01422
56.00000   296.00000   0.13748   -0.88981
72.00000   296.00000   -0.32805   -0.80813
88.00000   296.00000   0.05314   -1.09677
8.00000   312.00000   0.02448   -1.00553
24.00000   312.00000   -0.09569   -1.05568
40.00000   312.00000   0.16878   -1.18215
56.00000   312.00000   -0.02396   -0.92491
72.00000   312.00000   -0.21490   -1.06752
88.00000   312.00000   -0.10110   -0.96249
8.00000   328.00000   0.03209   -0.96234
24.00000   328.00000   0.07019   -1.01264
40.00000   328.00000   -0.52685   -0.84945
56.00000   328.00000   -0.73863   -0.89307
72.00000   328.00000   -0.01715   -0.76272
88.00000   328.00000   0.06167   -0.96109
8.00000   344.00000   -0.08720   -1.00753
24.00000   344.00000   -0.11922   -1.10434
40.00000   344.00000   -0.72029   -0.98151
56.00000   344.00000   -0.37198   -0.89261
72.00000   344.00000   -0.12837   -0.96040
88.00000   344.00000   -0.05735   -0.86559
8.00000   360.00000   0.01019   -0.92266
24.00000   360.00000   -0.51136   -0.88856
40.00000   360.00000   -0.49599   -1.04088
56.00000   360.00000   -0.05864   -0.92698
72.00000   360.00000   -0.18429   -0.97091
88.00000   360.00000   0.08139   -0.81059
8.00000   376.00000   -0.07298   -1.13564
24.00000   376.00000   -0.57423   -0.92900
40.00000   376.00000   -0.49360   -0.84489
56.00000   376.00000   -0.77882   -0.89311
72.00000   376.00000   -0.18915   -0.89311
88.00000   376.00000   -0.17447   -0.89933
8.00000   392.00000   -0.50784   -0.92285
24.00000   392.00000   -0.77623   -0.88273
40.00000   392.00000   -0.75847   -0.95766
56.00000   392.00000   -0.51537   -0.98128
72.00000   392.00000   -0.08045   -1.13504
88.00000   392.00000   -0.04578   -1.03319
8.00000   408.00000   -0.24525   -0.99866
24.00000   408.00000   -0.65141   -1.04723
40.00000   408.00000   -0.80269   -1.06785
56.00000   408.00000   -0.65829   -0.89841
72.00000   408.00000   -0.45975   -1.27674
88.00000   408.00000   -0.08524   -1.16081
8.00000   424.00000   -0.33354   -0.77352
24.00000   424.00000   -0.64990   -0.95215
40.00000   424.00000   -0.76901   -1.17699
56.00000   424.00000   -0.08092   -1.10079
72.00000   424.00000   -0.24773   -1.07443
88.00000   424.00000   -0.21535   -1.05903
8.00000   440.00000   -0.26984   -0.92143
24.00000   440.00000   -0.72560   -1.01525
40.00000   440.00000   -0.41814   -1.01388
56.00000   440.00000   -0.09612   -1.13343
72.00000   440.00000   -0.23484   -1.12556
88.00000   440.00000   0.13353   -1.17327
8.00000   456.00000   -0.79927   -0.99018
24.00000   456.00000   0.05501   -0.96624
40.00000   456.00000   -0.42751   -1.06063
56.00000   456.00000   -0.54895   -1.12494
72.00000   456.00000   -0.19841   -1.09772
88.00000   456.00000   -0.07639   -1.14090
8.00000   472.00000   -0.68332   -1.05485
24.00000   472.00000   -0.52855   -1.11332
40.00000   472.00000   -0.33511   -1.20271
56.00000   472.00000   -0.13113   -1.13634
72.00000   472.00000   -0.45379   -1.02233
88.00000   472.00000   -0.18997   -1.04648
8.00000   488.00000   -0.61784   -1.03552
24.00000   488.00000   -0.15432   -1.09893
40.00000   488.00000   -0.22806   -1.06933
56.00000   488.00000   -0.35649   -0.97395
72.00000   488.00000   -0.18555   -1.15284
88.00000   488.00000   -0.11276   -1.00269
8.00000   504.00000   -0.40840   -1.08875
24.00000   504.00000   -0.63082   -1.09227
40.00000   504.00000   -0.09407   -1.17977
56.00000   504.00000   -0.37136   -1.22882
72.00000   504.00000   -0.13960   -1.19103
88.00000   504.00000   -0.12314   -1.15281
8.00000   520.00000   -0.65348   -1.08046
24.00000   520.00000   -0.68109   -0.84443
40.00000   520.00000   -0.30252   -1.25107
56.00000   520.00000   -0.61302   -1.33055
72.00000   520.00000   -0.21310   -1.14936
88.00000   520.00000   -0.34501   -1.24539
8.00000   536.00000   -0.08665   -1.03628
24.00000   536.00000   -0.40302   -1.11600
40.00000   536.00000   -0.02542   -1.21231
56.00000   536.00000   -0.32816   -1.24134
72.00000   536.00000   -0.33837   -1.30183
88.00000   536.00000   -0.32663   -1.15479
