# image 51 and 52 x,y,u,v
8.00000   8.00000   -0.48311   -1.13847
24.00000   8.00000   -0.28434   -0.94781
40.00000   8.00000   -0.00043   -1.03094
56.00000   8.00000   0.00611   -1.15443
72.00000   8.00000   -0.13756   -1.08850
88.00000   8.00000   -0.07080   -0.95189
8.00000   24.00000   -0.32632   -1.10134
24.00000   24.00000   -0.40006   -1.05368
40.00000   24.00000   0.09279   -1.05395
56.00000   24.00000   -0.06978   -0.96706
72.00000   24.00000   -0.36161   -1.06808
88.00000   24.00000   -0.28534   -1.04736
8.00000   40.00000   -0.52708   -0.98687
24.00000   40.00000   -0.42650   -1.17022
40.00000   40.00000   -0.15655   -1.00337
56.00000   40.00000   -0.10229   -0.94822
72.00000   40.00000   -0.17767   -0.97684
88.00000   40.00000   -0.38947   -0.89757
8.00000   56.00000   -0.28252   -1.02654
24.00000   56.00000   -0.28528   -1.07470
40.00000   56.00000   -0.12075   -0.94482
56.00000   56.00000   0.07460   -1.03546
72.00000   56.00000   -0.30955   -0.96764
88.00000   56.00000   -0.31847   -0.95722
8.00000   72.00000   -0.38016   -1.05653
24.00000   72.00000   0.12858   -0.99033
40.00000   72.00000   -0.11572   -1.05691
56.00000   72.00000   0.13230   -0.89960
72.00000   72.00000   -0.15207   -0.88677
88.00000   72.00000   -0.06444   -1.06926
8.00000   88.00000   -0.22443   -0.95942
24.00000   88.00000   0.15420   -0.81889
40.00000   88.00000   0.06565   -1.01979
56.00000   88.00000   -0.15206   -1.04861
72.00000   88.00000   -0.12717   -0.93472
88.00000   88.00000   0.07825   -1.00177
8.00000   104.00000   -0.35770   -1.03918
24.00000   104.00000   -0.03641   -1.02809
40.00000   104.00000   -0.03276   -1.06362
56.00000   104.00000   -0.29173   -0.96316
72.00000   104.00000   -0.18252   -0.98975
88.00000   104.00000   -0.06288   -0.98812
8.00000   120.00000   -0.16965   -0.96353
24.00000   120.00000   -0.06545   -1.12104
40.00000   120.00000   0.05672   -1.01716
56.00000   120.00000   -0.19276   -1.16619
72.00000   120.00000   -0.22860   -0.91873
88.00000   120.00000   -0.25493   -0.90719
8.00000   136.00000   -0.28873   -1.01087
24.00000   136.00000   -0.01558   -0.97806
40.00000   136.00000   -0.12416   -1.20208
56.00000   136.00000   -0.07849   -1.08265
72.00000   136.00000   -0.16084   -1.20748
88.00000   136.00000   -0.16317   -1.08343
8.00000   152.00000   -0.25935   -1.06091
24.00000   152.00000   -0.35199   -1.04698
40.00000   152.00000   -0.01217   -0.98979
56.00000   152.00000   -0.04122   -1.04040
72.00000   152.00000   -0.25499   -1.04016
88.00000   152.00000   -0.13326   -1.01173
8.00000   168.00000   0.29007   -0.94480
24.00000   168.00000   0.09021   -0.92483
40.00000   168.00000   -0.14608   -0.96173
56.00000   168.00000   0.11478   -1.00715
72.00000   168.00000   -0.04218   -0.99986
88.00000   168.00000   -0.03763   -1.03661
8.00000   184.00000   -0.19048   -0.91569
24.00000   184.00000   -0.07565   -1.07070
40.00000   184.00000   -0.00174   -0.95138
56.00000   184.00000   0.03353   -0.99544
72.00000   184.00000   0.04697   -1.00668
88.00000   184.00000   -0.08748   -1.12828
8.00000   200.00000   0.11885   -0.97036
24.00000   200.00000   -0.13084   -0.91755
40.00000   200.00000   0.33850   -1.01579
56.00000   200.00000   0.03352   -0.84124
72.00000   200.00000   0.01837   -1.01988
88.00000   200.00000   -0.26080   -1.00107
8.00000   216.00000   -0.03152   -1.04065
24.00000   216.00000   -0.05927   -1.02730
40.00000   216.00000   -0.26253   -0.99694
56.00000   216.00000   0.04508   -0.91103
72.00000   216.00000   0.27856   -0.91666
88.00000   216.00000   -0.08308   -1.05074
8.00000   232.00000   -0.10931   -1.07427
24.00000   232.00000   -0.14392   -1.04229
40.00000   232.00000   -0.23274   -1.07353
56.00000   232.00000   0.19577   -1.08785
72.00000   232.00000   -0.37523   -1.08418
88.00000   232.00000   -0.20334   -0.95930
8.00000   248.00000   -0.10365   -0.99536
24.00000   248.00000   0.00273   -1.00526
40.00000   248.00000   0.05032   -0.97813
56.00000   248.00000   0.24730   -1.04426
72.00000   248.00000   -0.45624   -1.23524
88.00000   248.00000   -0.31273   -0.90688
8.00000   264.00000   -0.18882   -1.26605
24.00000   264.00000   -0.38833   -1.06930
40.00000   264.00000   -0.00871   -0.97322
56.00000   264.00000   -0.19188   -0.89527
72.00000   264.00000   -0.24019   -0.87262
88.00000   264.00000   -0.18106   -0.92914
8.00000   280.00000   -0.07971   -0.97943
24.00000   280.00000   0.00992   -1.01407
40.00000   280.00000   -0.14990   -0.99023
56.00000   280.00000   -0.03023   -1.02707
72.00000   280.00000   -0.15693   -1.02365
88.00000   280.00000   -0.02762   -1.01002
8.00000   296.00000   -0.29686   -1.02777
24.00000   296.00000   0.32361   -1.11836
40.00000   296.00000   0.09847   -0.98464
56.00000   296.00000   -0.04793   -0.98644
72.00000   296.00000   -0.18460   -0.93999
88.00000   296.00000   -0.18920   -0.94331
8.00000   312.00000   -0.14109   -0.98994
24.00000   312.00000   0.00160   -0.94197
40.00000   312.00000   -0.13641   -1.12340
56.00000   312.00000   -0.45007   -1.17952
72.00000   312.00000   0.17572   -0.88327
88.00000   312.00000   0.02311   -0.93823
8.00000   328.00000   -0.20803   -0.95616
24.00000   328.00000   -0.55792   -0.93512
40.00000   328.00000   -0.77085   -1.04775
56.00000   328.00000   -0.44404   -0.89989
72.00000   328.00000   -0.14787   -1.02205
88.00000   328.00000   0.02578   -0.86999
8.00000   344.00000   -0.25337   -1.00269
24.00000   344.00000   -0.50918   -0.85524
40.00000   344.00000   -0.59237   -0.77179
56.00000   344.00000   -0.31264   -0.73825
72.00000   344.00000   -0.28058   -0.88252
88.00000   344.00000   -0.14723   -0.80640
8.00000   360.00000   0.00364   -0.83917
24.00000   360.00000   -0.17776   -0.94662
40.00000   360.00000   -0.54464   -1.02678
56.00000   360.00000   -0.39253   -1.04036
72.00000   360.00000   -0.34129   -0.85631
88.00000   360.00000   -0.00708   -0.80515
8.00000   376.00000   -0.52473   -0.75775
24.00000   376.00000   -0.48245   -0.78633
40.00000   376.00000   -0.81990   -0.79051
56.00000   376.00000   -0.71926   -0.93221
72.00000   376.00000   -0.21784   -0.66903
88.00000   376.00000   -0.20391   -0.88651
8.00000   392.00000   -0.05532   -0.96732
24.00000   392.00000   -0.27710   -0.82522
40.00000   392.00000   -0.69140   -0.92881
56.00000   392.00000   -0.48358   -1.02503
72.00000   392.00000   -0.10366   -1.02421
88.00000   392.00000   -0.04459   -0.76956
8.00000   408.00000   -0.33089   -1.09715
24.00000   408.00000   -0.52643   -1.11596
40.00000   408.00000   -0.69913   -1.03792
56.00000   408.00000   -0.55591   -1.06647
72.00000   408.00000   -0.24459   -1.01967
88.00000   408.00000   0.02949   -0.91909
8.00000   424.00000   -0.18185   -0.98224
24.00000   424.00000   -0.44905   -1.01793
40.00000   424.00000   -0.82466   -1.03181
56.00000   424.00000   -0.19862   -1.17157
72.00000   424.00000   -0.12685   -0.99106
88.00000   424.00000   0.01316   -1.10772
8.00000   440.00000   -0.40846   -0.88660
24.00000   440.00000   -0.48129   -1.17963
40.00000   440.00000   -0.55037   -1.10454
56.00000   440.00000   -0.26020   -1.07079
72.00000   440.00000   -0.15173   -1.13747
88.00000   440.00000   -0.00298   -1.07289
8.00000   456.00000   -0.83571   -1.00798
24.00000   456.00000   -0.54170   -0.86004
40.00000   456.00000   -0.70943   -1.03279
56.00000   456.00000   -0.16239   -1.32293
72.00000   456.00000   -0.29393   -0.96393
88.00000   456.00000   -0.13886   -1.02881
8.00000   472.00000   -0.45228   -0.98317
24.00000   472.00000   -0.65723   -1.08687
40.00000   472.00000   -0.45867   -1.21032
56.00000   472.00000   -0.59077   -1.12651
72.00000   472.00000   -0.43474   -1.22832
88.00000   472.00000   -0.02505   -1.08547
8.00000   488.00000   -0.22979   -1.06175
24.00000   488.00000   -0.39815   -1.24592
40.00000   488.00000   -0.55021   -0.95293
56.00000   488.00000   -0.39354   -1.18069
72.00000   488.00000   -0.40480   -1.08459
88.00000   488.00000   -0.26485   -1.01198
8.00000   504.00000   -0.65822   -0.84857
24.00000   504.00000   -0.63118   -1.09562
40.00000   504.00000   -0.68764   -0.95770
56.00000   504.00000   -0.40282   -1.10791
72.00000   504.00000   -0.42019   -1.03608
88.00000   504.00000   -0.15333   -1.15657
8.00000   520.00000   -0.69259   -0.89298
24.00000   520.00000   -0.63705   -1.16352
40.00000   520.00000   -0.32209   -1.16687
56.00000   520.00000   -0.92432   -1.35657
72.00000   520.00000   -0.52582   -1.29046
88.00000   520.00000   -0.30187   -1.20401
8.00000   536.00000   -0.80735   -0.89127
24.00000   536.00000   -0.30461   -1.18223
40.00000   536.00000   0.19540   -1.32726
56.00000   536.00000   -0.47665   -1.28237
72.00000   536.00000   -0.39844   -1.34215
88.00000   536.00000   -0.19803   -1.28708
