# image 47 and 48 x,y,u,v
8.00000   8.00000   -0.68161   -0.97301
24.00000   8.00000   -0.20772   -1.06868
40.00000   8.00000   0.29192   -0.88946
56.00000   8.00000   -0.07260   -1.10638
72.00000   8.00000   -0.01372   -0.93428
88.00000   8.00000   0.00610   -1.06331
8.00000   24.00000   -0.41471   -1.16315
24.00000   24.00000   -0.44456   -1.07590
40.00000   24.00000   -0.00301   -1.04828
56.00000   24.00000   -0.04453   -0.94571
72.00000   24.00000   -0.22471   -1.02662
88.00000   24.00000   -0.04412   -0.97648
8.00000   40.00000   -0.33564   -1.02388
24.00000   40.00000   -0.32286   -1.11058
40.00000   40.00000   -0.03309   -0.96054
56.00000   40.00000   -0.09591   -0.91837
72.00000   40.00000   -0.31296   -1.05136
88.00000   40.00000   -0.34801   -1.08642
8.00000   56.00000   -0.26633   -1.18916
24.00000   56.00000   -0.21316   -1.10012
40.00000   56.00000   0.04136   -1.05578
56.00000   56.00000   -0.01828   -0.86096
72.00000   56.00000   -0.16565   -1.08612
88.00000   56.00000   -0.13364   -0.82462
8.00000   72.00000   -0.39273   -0.96176
24.00000   72.00000   0.08097   -0.86070
40.00000   72.00000   -0.14183   -1.11173
56.00000   72.00000   0.18666   -0.82958
72.00000   72.00000   -0.05811   -0.92111
88.00000   72.00000   -0.03258   -0.94619
8.00000   88.00000   -0.22619   -1.02036
24.00000   88.00000   0.19231   -1.01822
40.00000   88.00000   -0.07348   -0.93154
56.00000   88.00000   -0.12442   -0.98158
72.00000   88.00000   -0.09800   -0.92417
88.00000   88.00000   0.16719   -1.00768
8.00000   104.00000   -0.07083   -0.96885
24.00000   104.00000   -0.18206   -1.03759
40.00000   104.00000   -0.14467   -1.02461
56.00000   104.00000   -0.20945   -1.08244
72.00000   104.00000   -0.16603   -1.01009
88.00000   104.00000   -0.09146   -0.94687
8.00000   120.00000   -0.04338   -1.07622
24.00000   120.00000   0.08456   -1.12001
40.00000   120.00000   0.08301   -1.26875
56.00000   120.00000   -0.12583   -1.09043
72.00000   120.00000   -0.19593   -0.96498
88.00000   120.00000   -0.19377   -0.91593
8.00000   136.00000   -0.12421   -1.14118
24.00000   136.00000   -0.17393   -0.99258
40.00000   136.00000   -0.18979   -1.06990
56.00000   136.00000   -0.06844   -1.20022
72.00000   136.00000   0.07423   -1.09089
88.00000   136.00000   -0.07506   -1.13088
8.00000   152.00000   -0.24955   -1.06890
24.00000   152.00000   -0.31187   -0.95580
40.00000   152.00000   -0.14659   -1.17883
56.00000   152.00000   0.10310   -0.94551
72.00000   152.00000   -0.15717   -1.03780
88.00000   152.00000   -0.01741   -0.98969
8.00000   168.00000   0.33651   -0.92220
24.00000   168.00000   -0.11817   -0.92393
40.00000   168.00000   -0.01463   -1.05135
56.00000   168.00000   0.05072   -1.04281
72.00000   168.00000   0.09824   -1.11210
88.00000   168.00000   -0.12305   -1.03551
8.00000   184.00000   -0.10360   -1.01812
24.00000   184.00000   -0.09645   -0.87926
40.00000   184.00000   -0.29086   -0.90029
56.00000   184.00000   -0.00477   -0.95722
72.00000   184.00000   -0.12122   -1.01988
88.00000   184.00000   0.11202   -1.09460
8.00000   200.00000   0.03970   -1.01704
24.00000   200.00000   0.09679   -1.06277
40.00000   200.00000   0.12903   -0.88119
56.00000   200.00000   -0.00773   -0.84318
72.00000   200.00000   0.21694   -0.96297
88.00000   200.00000   -0.18854   -1.08107
8.00000   216.00000   -0.64913   -0.87218
24.00000   216.00000   -0.21750   -1.13673
40.00000   216.00000   0.02688   -0.88457
56.00000   216.00000   0.10555   -0.90517
72.00000   216.00000   0.31458   -0.89024
88.00000   216.00000   -0.12495   -0.88306
8.00000   232.00000   -0.06750   -1.01413
24.00000   232.00000   -0.04746   -0.97657
40.00000   232.00000   -0.11067   -1.13817
56.00000   232.00000   0.38538   -1.02763
72.00000   232.00000   0.01246   -0.97806
88.00000   232.00000   0.04129   -0.97426
8.00000   248.00000   0.04770   -0.96565
24.00000   248.00000   -0.13990   -1.06127
40.00000   248.00000   0.18944   -0.92864
56.00000   248.00000   -0.10931   -1.12024
72.00000   248.00000   -0.37734   -0.99897
88.00000   248.00000   -0.12673   -0.89757
8.00000   264.00000   0.07568   -1.09376
24.00000   264.00000   0.55556   -1.26379
40.00000   264.00000   0.02654   -0.96631
56.00000   264.00000   0.24201   -0.88852
72.00000   264.00000   -0.31623   -0.94328
88.00000   264.00000   -0.27408   -0.87198
8.00000   280.00000   -0.18012   -0.95237
24.00000   280.00000   -0.16251   -1.03286
40.00000   280.00000   -0.09558   -0.94428
56.00000   280.00000   0.21960   -1.11230
72.00000   280.00000   -0.02191   -0.93097
88.00000   280.00000   -0.14664   -0.93147
8.00000   296.00000   -0.06985   -0.89952
24.00000   296.00000   -0.22706   -1.12167
40.00000   296.00000   -0.11247   -1.02365
56.00000   296.00000   0.06286   -1.00969
72.00000   296.00000   -0.27645   -0.81594
88.00000   296.00000   -0.12865   -1.01917
8.00000   312.00000   -0.06321   -0.88610
24.00000   312.00000   0.40097   -0.95866
40.00000   312.00000   0.00331   -1.21276
56.00000   312.00000   0.13062   -0.87099
72.00000   312.00000   0.08882   -0.84089
88.00000   312.00000   -0.05718   -0.90706
8.00000   328.00000   -0.03439   -1.00756
24.00000   328.00000   -0.16405   -0.97903
40.00000   328.00000   -0.43073   -0.94278
56.00000   328.00000   -0.42550   -0.73123
72.00000   328.00000   -0.23695   -0.81113
88.00000   328.00000   0.13070   -0.98739
8.00000   344.00000   -0.25893   -0.93900
24.00000   344.00000   -0.41690   -0.99767
40.00000   344.00000   -0.48447   -0.97202
56.00000   344.00000   -0.13227   -0.82979
72.00000   344.00000   -0.19453   -0.90727
88.00000   344.00000   -0.05177   -0.84734
8.00000   360.00000   -0.12122   -0.92350
24.00000   360.00000   -0.28420   -0.94169
40.00000   360.00000   -0.76938   -0.78669
56.00000   360.00000   -0.34599   -0.76757
72.00000   360.00000   -0.16660   -0.68696
88.00000   360.00000   0.09205   -0.97960
8.00000   376.00000   -0.18642   -0.92024
24.00000   376.00000   -0.49208   -0.97479
40.00000   376.00000   -0.86598   -1.02289
56.00000   376.00000   -0.43113   -1.00091
72.00000   376.00000   -0.26027   -0.82121
88.00000   376.00000   -0.10938   -0.76248
8.00000   392.00000   -0.00286   -0.92695
24.00000   392.00000   -0.60719   -0.95812
40.00000   392.00000   -0.72207   -0.89995
56.00000   392.00000   -0.52082   -1.00465
72.00000   392.00000   -0.06700   -0.88586
88.00000   392.00000   -0.04049   -0.87755
8.00000   408.00000   -0.29104   -1.00248
24.00000   408.00000   -0.63854   -0.99268
40.00000   408.00000   -0.62094   -0.97570
56.00000   408.00000   -0.15498   -1.14157
72.00000   408.00000   -0.26478   -0.95493
88.00000   408.00000   0.10065   -1.07199
8.00000   424.00000   -0.02782   -1.15761
24.00000   424.00000   -0.36387   -1.02105
40.00000   424.00000   -0.63668   -0.97702
56.00000   424.00000   -0.32124   -1.00484
72.00000   424.00000   -0.17995   -1.18410
88.00000   424.00000   -0.02287   -1.06412
8.00000   440.00000   -0.61328   -0.99867
24.00000   440.00000   -0.70401   -1.05040
40.00000   440.00000   -0.54251   -1.00270
56.00000   440.00000   -0.35657   -1.22061
72.00000   440.00000   -0.21467   -1.15524
88.00000   440.00000   0.08428   -1.15734
8.00000   456.00000   -0.86667   -1.07652
24.00000   456.00000   -0.08842   -1.07190
40.00000   456.00000   -0.47568   -1.08270
56.00000   456.00000   -0.13993   -1.08506
72.00000   456.00000   -0.08012   -1.18984
88.00000   456.00000   -0.17279   -1.08845
8.00000   472.00000   -0.75949   -0.96579
24.00000   472.00000   -0.18629   -1.07077
40.00000   472.00000   -0.23326   -1.14376
56.00000   472.00000   -0.54096   -1.12722
72.00000   472.00000   -0.58780   -1.09543
88.00000   472.00000   -0.11715   -1.23761
8.00000   488.00000   -0.49836   -1.20688
24.00000   488.00000   -0.42790   -1.15466
40.00000   488.00000   -0.51556   -1.09651
56.00000   488.00000   -0.46636   -0.93220
72.00000   488.00000   -0.37306   -1.11223
88.00000   488.00000   -0.43931   -0.96633
8.00000   504.00000   0.00721   -1.11851
24.00000   504.00000   -0.53141   -1.06405
40.00000   504.00000   -0.47371   -1.02428
56.00000   504.00000   -0.45323   -1.22970
72.00000   504.00000   -0.35935   -1.13969
88.00000   504.00000   -0.00567   -1.18893
8.00000   520.00000   -0.61448   -0.95856
24.00000   520.00000   -0.66779   -1.07863
40.00000   520.00000   -0.58607   -1.15179
56.00000   520.00000   -0.37270   -1.23877
72.00000   520.00000   -0.44775   -1.08355
88.00000   520.00000   -0.14294   -1.33437
8.00000   536.00000   -0.61929   -1.08678
24.00000   536.00000   -0.32007   -1.15934
40.00000   536.00000   -0.23155   -1.30245
56.00000   536.00000   -0.36908   -1.06595
72.00000   536.00000   -0.30411   -1.14787
88.00000   536.00000   -0.16964   -1.17660
