# image 78 and 79 x,y,u,v
8.00000   8.00000   -0.45269   -1.11181
24.00000   8.00000   -0.34270   -0.93735
40.00000   8.00000   -0.04934   -1.05145
56.00000   8.00000   0.22115   -1.02242
72.00000   8.00000   -0.03772   -1.18342
88.00000   8.00000   -0.11471   -0.92688
8.00000   24.00000   -0.58439   -1.05459
24.00000   24.00000   -0.26772   -1.02362
40.00000   24.00000   -0.10243   -1.12302
56.00000   24.00000   -0.13172   -1.18337
72.00000   24.00000   -0.27453   -0.91609
88.00000   24.00000   -0.19206   -1.08060
8.00000   40.00000   -0.40321   -0.99903
24.00000   40.00000   -0.07979   -1.12061
40.00000   40.00000   -0.02087   -1.15129
56.00000   40.00000   -0.28883   -0.93045
72.00000   40.00000   -0.32021   -0.91902
88.00000   40.00000   -0.19270   -0.87909
8.00000   56.00000   -0.23855   -1.13423
24.00000   56.00000   -0.24014   -1.03364
40.00000   56.00000   -0.02027   -1.10401
56.00000   56.00000   -0.13297   -0.98031
72.00000   56.00000   -0.01809   -0.94539
88.00000   56.00000   0.09502   -0.95869
8.00000   72.00000   -0.52507   -1.06990
24.00000   72.00000   0.10824   -0.99263
40.00000   72.00000   0.01210   -1.14374
56.00000   72.00000   -0.34949   -1.01557
72.00000   72.00000   0.40322   -0.98415
88.00000   72.00000   0.04851   -0.86361
8.00000   88.00000   -0.26969   -0.97820
24.00000   88.00000   0.00337   -0.99518
40.00000   88.00000   -0.01214   -0.96956
56.00000   88.00000   -0.42660   -0.98143
72.00000   88.00000   -0.23576   -1.03684
88.00000   88.00000   -0.09776   -1.12960
8.00000   104.00000   -0.06139   -1.08969
24.00000   104.00000   -0.30206   -1.14728
40.00000   104.00000   0.38589   -0.99522
56.00000   104.00000   -0.16086   -1.04932
72.00000   104.00000   -0.23431   -1.01262
88.00000   104.00000   -0.16066   -1.00695
8.00000   120.00000   -0.06327   -0.96876
24.00000   120.00000   0.01752   -1.09869
40.00000   120.00000   0.09652   -1.15345
56.00000   120.00000   -0.10939   -1.06123
72.00000   120.00000   -0.25724   -1.05546
88.00000   120.00000   -0.19819   -1.07843
8.00000   136.00000   -0.06799   -1.05906
24.00000   136.00000   -0.05068   -1.11298
40.00000   136.00000   0.04048   -1.16961
56.00000   136.00000   0.08793   -1.00221
72.00000   136.00000   -0.17200   -1.06134
88.00000   136.00000   -0.19101   -1.19061
8.00000   152.00000   0.18138   -0.97075
24.00000   152.00000   0.24741   -1.00287
40.00000   152.00000   -0.26560   -1.04204
56.00000   152.00000   0.10726   -1.02106
72.00000   152.00000   -0.09964   -1.07214
88.00000   152.00000   -0.20296   -1.03684
8.00000   168.00000   -0.03313   -1.04553
24.00000   168.00000   0.22181   -1.05716
40.00000   168.00000   0.01450   -0.94994
56.00000   168.00000   -0.16574   -1.02171
72.00000   168.00000   -0.14723   -0.90738
88.00000   168.00000   0.07957   -1.17559
8.00000   184.00000   -0.26807   -0.87344
24.00000   184.00000   -0.05991   -1.03113
40.00000   184.00000   0.02071   -0.99693
56.00000   184.00000   0.04213   -1.12439
72.00000   184.00000   -0.10890   -1.18026
88.00000   184.00000   0.16640   -1.22811
8.00000   200.00000   -0.03561   -0.93819
24.00000   200.00000   -0.25728   -0.87495
40.00000   200.00000   0.22583   -0.94143
56.00000   200.00000   0.07665   -1.06383
72.00000   200.00000   0.02827   -1.12561
88.00000   200.00000   -0.07046   -1.00175
8.00000   216.00000   -0.12402   -1.02670
24.00000   216.00000   -0.34265   -1.04602
40.00000   216.00000   0.22369   -1.08686
56.00000   216.00000   0.29082   -1.13836
72.00000   216.00000   -0.15676   -0.95185
88.00000   216.00000   -0.26706   -0.98450
8.00000   232.00000   -0.25786   -0.97251
24.00000   232.00000   -0.35683   -0.99450
40.00000   232.00000   0.04660   -1.05837
56.00000   232.00000   0.22337   -1.05274
72.00000   232.00000   0.04820   -0.95830
88.00000   232.00000   -0.17142   -0.79133
8.00000   248.00000   -0.22784   -0.96101
24.00000   248.00000   0.21033   -1.05712
40.00000   248.00000   0.19534   -1.13741
56.00000   248.00000   0.05330   -0.94018
72.00000   248.00000   -0.51175   -1.00632
88.00000   248.00000   -0.29625   -0.93718
8.00000   264.00000   -0.11973   -1.15124
24.00000   264.00000   -0.36291   -0.98198
40.00000   264.00000   0.28213   -1.11293
56.00000   264.00000   -0.17783   -0.75050
72.00000   264.00000   0.01259   -0.86189
88.00000   264.00000   -0.05301   -1.02115
8.00000   280.00000   -0.12781   -1.23296
24.00000   280.00000   -0.25095   -1.08132
40.00000   280.00000   0.03692   -0.99456
56.00000   280.00000   0.02666   -0.96270
72.00000   280.00000   -0.02345   -0.91049
88.00000   280.00000   -0.17279   -0.99126
8.00000   296.00000   -0.22773   -0.99961
24.00000   296.00000   -0.27896   -1.10943
40.00000   296.00000   -0.36739   -1.01286
56.00000   296.00000   -0.08908   -1.00593
72.00000   296.00000   -0.33462   -0.93396
88.00000   296.00000   -0.15302   -0.97250
8.00000   312.00000   0.02427   -1.13810
24.00000   312.00000   -0.30667   -0.98391
40.00000   312.00000   -0.15863   -0.99786
56.00000   312.00000   -0.59336   -0.99846
72.00000   312.00000   0.12051   -0.90559
88.00000   312.00000   0.17137   -0.94325
8.00000   328.00000   -0.01503   -1.07039
24.00000   328.00000   -0.21372   -1.07645
40.00000   328.00000   -0.80401   -1.09528
56.00000   328.00000   -0.05036   -1.20118
72.00000   328.00000   -0.22957   -0.93216
88.00000   328.00000   -0.21308   -1.07507
8.00000   344.00000   0.08249   -1.04868
24.00000   344.00000   0.01040   -0.96216
40.00000   344.00000   -0.58080   -0.96368
56.00000   344.00000   -0.27205   -1.02357
72.00000   344.00000   -0.20937   -0.83309
88.00000   344.00000   0.10531   -0.93904
8.00000   360.00000   -0.20199   -0.99399
24.00000   360.00000   -0.24813   -0.82720
40.00000   360.00000   -0.67126   -0.94018
56.00000   360.00000   -0.53069   -0.96690
72.00000   360.00000   -0.04098   -0.98402
88.00000   360.00000   0.20913   -0.69091
8.00000   376.00000   0.09355   -1.02775
24.00000   376.00000   -0.70293   -0.93298
40.00000   376.00000   -0.65533   -0.95581
56.00000   376.00000   -0.52891   -0.89809
72.00000   376.00000   -0.21593   -0.72312
88.00000   376.00000   -0.03277   -0.85719
8.00000   392.00000   -0.35168   -0.98363
24.00000   392.00000   -0.14958   -0.93497
40.00000   392.00000   -0.75462   -0.89568
56.00000   392.00000   -0.47940   -0.95699
72.00000   392.00000   -0.20350   -0.98713
88.00000   392.00000   -0.03697   -0.92577
8.00000   408.00000   -0.52284   -1.02524
24.00000   408.00000   -0.29589   -1.05496
40.00000   408.00000   -0.71576   -0.99318
56.00000   408.00000   -0.17112   -0.96786
72.00000   408.00000   -0.14475   -1.12596
88.00000   408.00000   -0.04957   -0.81403
8.00000   424.00000   -0.35850   -0.94366
24.00000   424.00000   -0.58965   -1.14510
40.00000   424.00000   -0.61083   -1.13147
56.00000   424.00000   -0.06170   -1.09266
72.00000   424.00000   -0.15069   -1.17257
88.00000   424.00000   -0.20463   -1.10456
8.00000   440.00000   -0.20472   -0.89121
24.00000   440.00000   -0.42175   -1.05173
40.00000   440.00000   -0.62689   -1.17773
56.00000   440.00000   -0.38911   -1.20013
72.00000   440.00000   -0.33441   -1.16630
88.00000   440.00000   0.00460   -1.02722
8.00000   456.00000   -0.63510   -1.00070
24.00000   456.00000   -0.30229   -1.04354
40.00000   456.00000   -0.67627   -1.02424
56.00000   456.00000   0.00150   -1.04788
72.00000   456.00000   -0.29787   -0.96655
88.00000   456.00000   -0.02077   -1.11972
8.00000   472.00000   -0.87536   -1.17200
24.00000   472.00000   -0.71988   -1.10521
40.00000   472.00000   -0.61615   -1.16168
56.00000   472.00000   -0.65643   -1.18409
72.00000   472.00000   -0.40276   -1.11445
88.00000   472.00000   -0.15170   -1.11639
8.00000   488.00000   -0.18701   -1.06825
24.00000   488.00000   -0.56903   -1.16584
40.00000   488.00000   -0.03177   -1.12276
56.00000   488.00000   -0.27841   -1.15508
72.00000   488.00000   -0.37429   -1.00205
88.00000   488.00000   -0.48676   -1.04690
8.00000   504.00000   -0.24413   -1.03364
24.00000   504.00000   -0.63380   -1.03720
40.00000   504.00000   -0.70413   -1.16841
56.00000   504.00000   -0.56432   -1.14925
72.00000   504.00000   -0.53711   -1.17903
88.00000   504.00000   -0.36024   -1.17760
8.00000   520.00000   -0.23129   -1.15775
24.00000   520.00000   -0.54391   -1.14482
40.00000   520.00000   -0.22369   -1.25252
56.00000   520.00000   -0.52179   -1.13268
72.00000   520.00000   -0.54202   -1.24207
88.00000   520.00000   -0.20281   -1.14572
8.00000   536.00000   -0.55062   -0.96215
24.00000   536.00000   -0.46536   -1.13136
40.00000   536.00000   -0.32177   -1.16357
56.00000   536.00000   -0.30160   -1.13976
72.00000   536.00000   -0.50966   -1.46462
88.00000   536.00000   -0.29898   -1.23936
