# image 15 and 16 x,y,u,v
8.00000   8.00000   -0.48180   -1.01736
24.00000   8.00000   -0.04097   -1.03819
40.00000   8.00000   0.00297   -1.08177
56.00000   8.00000   -0.13088   -1.19244
72.00000   8.00000   0.09381   -1.00750
88.00000   8.00000   0.00529   -0.99252
8.00000   24.00000   -0.52469   -0.89115
24.00000   24.00000   -0.29641   -0.92219
40.00000   24.00000   -0.13957   -1.09157
56.00000   24.00000   0.02696   -1.06178
72.00000   24.00000   -0.10423   -0.84793
88.00000   24.00000   0.00829   -0.86593
8.00000   40.00000   -0.49949   -0.97411
24.00000   40.00000   -0.19613   -1.16682
40.00000   40.00000   0.03660   -1.01405
56.00000   40.00000   -0.03511   -0.96647
72.00000   40.00000   -0.19634   -1.10639
88.00000   40.00000   -0.23909   -0.91972
8.00000   56.00000   -0.40330   -0.99934
24.00000   56.00000   -0.30663   -1.16792
40.00000   56.00000   -0.16752   -0.93569
56.00000   56.00000   -0.03122   -0.97257
72.00000   56.00000   -0.14431   -0.96061
88.00000   56.00000   -0.46414   -0.95705
8.00000   72.00000   0.18586   -1.04943
24.00000   72.00000   -0.24718   -0.96666
40.00000   72.00000   0.11785   -1.05535
56.00000   72.00000   -0.08513   -1.05017
72.00000   72.00000   -0.19853   -0.90792
88.00000   72.00000   0.10941   -1.19479
8.00000   88.00000   -0.35459   -0.87570
24.00000   88.00000   -0.01431   -0.98897
40.00000   88.00000   0.06128   -0.85711
56.00000   88.00000   0.05134   -1.19220
72.00000   88.00000   -0.05820   -0.95077
88.00000   88.00000   -0.17904   -1.00367
8.00000   104.00000   -0.55052   -1.10652
24.00000   104.00000   -0.21715   -0.98862
40.00000   104.00000   -0.21535   -1.17055
56.00000   104.00000   -0.15844   -1.15233
72.00000   104.00000   -0.16214   -0.84813
88.00000   104.00000   0.09915   -1.02831
8.00000   120.00000   -0.16019   -1.01746
24.00000   120.00000   -0.07521   -1.07331
40.00000   120.00000   0.11470   -1.17770
56.00000   120.00000   -0.04518   -1.12500
72.00000   120.00000   -0.22611   -0.88345
88.00000   120.00000   0.03664   -1.01281
8.00000   136.00000   -0.26577   -1.02752
24.00000   136.00000   -0.16981   -1.17587
40.00000   136.00000   -0.23307   -1.12301
56.00000   136.00000   -0.29338   -1.14021
72.00000   136.00000   -0.27202   -1.10378
88.00000   136.00000   -0.08439   -1.06374
8.00000   152.00000   -0.03287   -1.17002
24.00000   152.00000   -0.10582   -1.02671
40.00000   152.00000   -0.26459   -1.08223
56.00000   152.00000   -0.18414   -1.01859
72.00000   152.00000   -0.23744   -1.18451
88.00000   152.00000   0.02281   -1.16508
8.00000   168.00000   -0.09336   -0.96555
24.00000   168.00000   -0.15894   -0.80138
40.00000   168.00000   -0.06316   -0.97716
56.00000   168.00000   -0.19577   -1.09192
72.00000   168.00000   0.08383   -1.09410
88.00000   168.00000   -0.05671   -1.13893
8.00000   184.00000   -0.22787   -0.98162
24.00000   184.00000   0.01951   -1.03277
40.00000   184.00000   -0.08208   -1.24099
56.00000   184.00000   0.11292   -1.04535
72.00000   184.00000   0.07727   -1.20466
88.00000   184.00000   -0.12140   -1.11547
8.00000   200.00000   -0.16627   -0.94947
24.00000   200.00000   0.42721   -0.83272
40.00000   200.00000   -0.24150   -0.87556
56.00000   200.00000   0.05224   -1.16298
72.00000   200.00000   -0.21499   -1.14070
88.00000   200.00000   -0.01356   -1.00946
8.00000   216.00000   -0.14267   -0.96514
24.00000   216.00000   0.06192   -1.15118
40.00000   216.00000   0.13864   -0.91247
56.00000   216.00000   -0.09783   -0.95433
72.00000   216.00000   -0.00266   -1.00250
88.00000   216.00000   -0.25745   -1.05978
8.00000   232.00000   -0.02920   -0.95610
24.00000   232.00000   0.05853   -0.76011
40.00000   232.00000   -0.46950   -0.99810
56.00000   232.00000   0.15687   -0.93296
72.00000   232.00000   0.01349   -0.95858
88.00000   232.00000   -0.12563   -0.98027
8.00000   248.00000   -0.00365   -1.06752
24.00000   248.00000   -0.26817   -0.85521
40.00000   248.00000   -0.04695   -0.96540
56.00000   248.00000   0.02215   -1.04655
72.00000   248.00000   -0.39941   -1.11377
88.00000   248.00000   -0.15128   -0.99188
8.00000   264.00000   -0.09693   -0.98325
24.00000   264.00000   0.15420   -1.03729
40.00000   264.00000   0.06366   -0.92332
56.00000   264.00000   0.11183   -0.98600
72.00000   264.00000   0.00541   -0.82633
88.00000   264.00000   -0.13249   -1.08834
8.00000   280.00000   -0.00289   -1.12293
24.00000   280.00000   0.02212   -1.07003
40.00000   280.00000   0.12146   -1.03835
56.00000   280.00000   0.00099   -0.83016
72.00000   280.00000   -0.29569   -0.94706
88.00000   280.00000   -0.48537   -0.97713
8.00000   296.00000   0.01224   -0.98899
24.00000   296.00000   0.19063   -1.16700
40.00000   296.00000   -0.34631   -0.95948
56.00000   296.00000   0.03279   -0.99485
72.00000   296.00000   -0.11882   -0.85957
88.00000   296.00000   -0.16025   -0.94237
8.00000   312.00000   -0.13150   -0.99837
24.00000   312.00000   -0.29768   -0.98497
40.00000   312.00000   -0.10661   -1.02583
56.00000   312.00000   -0.14435   -0.92651
72.00000   312.00000   -0.15645   -0.83157
88.00000   312.00000   -0.20265   -0.97827
8.00000   328.00000   -0.06613   -0.87712
24.00000   328.00000   -0.13641   -1.08640
40.00000   328.00000   -0.61021   -1.02277
56.00000   328.00000   -0.35937   -0.89623
72.00000   328.00000   -0.06064   -0.96448
88.00000   328.00000   0.06975   -0.93522
8.00000   344.00000   0.21673   -0.93824
24.00000   344.00000   -0.33182   -0.97187
40.00000   344.00000   -0.59195   -0.91856
56.00000   344.00000   -0.55691   -0.84142
72.00000   344.00000   -0.16632   -0.92757
88.00000   344.00000   -0.11297   -0.89168
8.00000   360.00000   -0.18547   -1.02900
24.00000   360.00000   -0.42773   -1.04417
40.00000   360.00000   -0.68733   -0.98350
56.00000   360.00000   -0.00908   -0.83064
72.00000   360.00000   -0.37273   -0.74643
88.00000   360.00000   -0.03786   -0.72340
8.00000   376.00000   0.01031   -1.05175
24.00000   376.00000   -0.17803   -1.11528
40.00000   376.00000   -0.18633   -0.88588
56.00000   376.00000   -0.76592   -0.82001
72.00000   376.00000   -0.33985   -0.89885
88.00000   376.00000   -0.00743   -0.83139
8.00000   392.00000   -0.13197   -0.98386
24.00000   392.00000   -0.61172   -1.02295
40.00000   392.00000   -0.69887   -0.91718
56.00000   392.00000   -0.49857   -1.12096
72.00000   392.00000   -0.21526   -1.02428
88.00000   392.00000   0.00096   -1.10410
8.00000   408.00000   -0.20822   -0.93478
24.00000   408.00000   -0.60122   -0.97683
40.00000   408.00000   -0.61691   -0.97809
56.00000   408.00000   -0.62321   -1.01795
72.00000   408.00000   -0.08852   -1.26156
88.00000   408.00000   0.00735   -1.13827
8.00000   424.00000   -0.15590   -0.98158
24.00000   424.00000   -0.33094   -0.95287
40.00000   424.00000   -0.63168   -0.94281
56.00000   424.00000   -0.48273   -1.03179
72.00000   424.00000   -0.05055   -1.04173
88.00000   424.00000   -0.25962   -1.02379
8.00000   440.00000   -0.30933   -0.99115
24.00000   440.00000   -0.56779   -0.88360
40.00000   440.00000   -0.61259   -0.96854
56.00000   440.00000   0.18774   -0.96019
72.00000   440.00000   -0.19847   -1.11594
88.00000   440.00000   0.01394   -1.06828
8.00000   456.00000   -0.68872   -0.99478
24.00000   456.00000   -0.07473   -0.99478
40.00000   456.00000   -0.59102   -0.94660
56.00000   456.00000   -0.40800   -1.02889
72.00000   456.00000   -0.22943   -1.05519
88.00000   456.00000   -0.12624   -1.06102
8.00000   472.00000   -0.68968   -0.91724
24.00000   472.00000   -0.57625   -1.15387
40.00000   472.00000   -0.45862   -1.09138
56.00000   472.00000   -0.04196   -1.09972
72.00000   472.00000   -0.60418   -1.00473
88.00000   472.00000   -0.11199   -0.97375
8.00000   488.00000   -0.06053   -1.15241
24.00000   488.00000   -0.27063   -1.13942
40.00000   488.00000   -0.31275   -1.17063
56.00000   488.00000   -0.35809   -1.02023
72.00000   488.00000   -0.11893   -1.29522
88.00000   488.00000   -0.12427   -1.04445
8.00000   504.00000   -0.63748   -0.91602
24.00000   504.00000   -0.35097   -1.11108
40.00000   504.00000   -0.20872   -1.09039
56.00000   504.00000   -0.41030   -1.16884
72.00000   504.00000   -0.03392   -1.22231
88.00000   504.00000   -0.21189   -1.11220
8.00000   520.00000   -0.51888   -1.04446
24.00000   520.00000   -0.33359   -1.13125
40.00000   520.00000   -0.39095   -1.19237
56.00000   520.00000   -0.61599   -1.29026
72.00000   520.00000   -0.40306   -1.26866
88.00000   520.00000   -0.46538   -1.18066
8.00000   536.00000   -0.73686   -1.26724
24.00000   536.00000   -0.26165   -1.28638
40.00000   536.00000   -0.18253   -1.36850
56.00000   536.00000   -0.49990   -1.40674
72.00000   536.00000   -0.40814   -1.33162
88.00000   536.00000   -0.46957   -1.23168
