# image 59 and 60 x,y,u,v
8.00000   8.00000   -0.62873   -0.90071
24.00000   8.00000   -0.25371   -0.97240
40.00000   8.00000   0.23579   -0.98370
56.00000   8.00000   0.25789   -0.91625
72.00000   8.00000   0.00457   -1.03213
88.00000   8.00000   0.04171   -0.94144
8.00000   24.00000   -0.61985   -1.06182
24.00000   24.00000   -0.25390   -0.98041
40.00000   24.00000   0.37628   -0.96396
56.00000   24.00000   -0.27329   -1.00607
72.00000   24.00000   -0.22918   -0.90243
88.00000   24.00000   -0.27336   -0.93491
8.00000   40.00000   -0.58215   -0.92615
24.00000   40.00000   -0.29832   -1.12265
40.00000   40.00000   -0.16595   -1.01929
56.00000   40.00000   -0.10680   -0.89518
72.00000   40.00000   -0.35472   -0.86600
88.00000   40.00000   -0.38595   -0.92918
8.00000   56.00000   -0.24151   -1.05998
24.00000   56.00000   -0.15343   -0.95851
40.00000   56.00000   -0.13379   -1.07460
56.00000   56.00000   -0.24056   -0.96000
72.00000   56.00000   -0.08665   -1.00239
88.00000   56.00000   -0.13882   -0.88665
8.00000   72.00000   -0.48699   -0.96935
24.00000   72.00000   0.21829   -0.91902
40.00000   72.00000   -0.05352   -0.99466
56.00000   72.00000   -0.09832   -0.88950
72.00000   72.00000   0.04228   -0.94704
88.00000   72.00000   -0.13306   -1.00250
8.00000   88.00000   -0.02771   -1.05472
24.00000   88.00000   0.03604   -1.06709
40.00000   88.00000   0.15844   -1.03383
56.00000   88.00000   -0.18414   -1.02292
72.00000   88.00000   -0.09545   -1.09750
88.00000   88.00000   0.22334   -0.93838
8.00000   104.00000   -0.43922   -1.01398
24.00000   104.00000   -0.30650   -1.02070
40.00000   104.00000   0.23925   -0.90584
56.00000   104.00000   -0.23025   -1.05010
72.00000   104.00000   -0.27384   -1.01079
88.00000   104.00000   -0.11286   -1.00960
8.00000   120.00000   -0.45212   -0.96324
24.00000   120.00000   0.16503   -1.13517
40.00000   120.00000   -0.07811   -1.14962
56.00000   120.00000   -0.27373   -0.94051
72.00000   120.00000   -0.22505   -1.10176
88.00000   120.00000   0.01336   -0.92606
8.00000   136.00000   -0.01265   -1.03922
24.00000   136.00000   -0.21920   -1.17887
40.00000   136.00000   -0.08639   -0.93685
56.00000   136.00000   0.13297   -1.08948
72.00000   136.00000   -0.27980   -0.99447
88.00000   136.00000   -0.15795   -1.15436
8.00000   152.00000   -0.05960   -0.92847
24.00000   152.00000   -0.17499   -1.02432
40.00000   152.00000   -0.19511   -1.13575
56.00000   152.00000   0.01450   -1.11607
72.00000   152.00000   -0.20510   -1.22640
88.00000   152.00000   -0.23698   -0.92586
8.00000   168.00000   -0.11123   -0.91852
24.00000   168.00000   -0.18591   -0.93463
40.00000   168.00000   0.10990   -0.96408
56.00000   168.00000   0.12497   -1.10329
72.00000   168.00000   0.10507   -0.92916
88.00000   168.00000   -0.00609   -0.92492
8.00000   184.00000   0.21913   -0.94021
24.00000   184.00000   -0.07660   -0.98620
40.00000   184.00000   0.26858   -1.11142
56.00000   184.00000   0.14798   -1.07572
72.00000   184.00000   0.06645   -1.08640
88.00000   184.00000   0.00839   -1.06971
8.00000   200.00000   -0.17184   -1.01887
24.00000   200.00000   -0.16236   -1.05228
40.00000   200.00000   -0.03784   -0.95241
56.00000   200.00000   -0.13368   -0.98853
72.00000   200.00000   -0.04632   -1.03000
88.00000   200.00000   -0.15925   -1.05195
8.00000   216.00000   0.00294   -0.96383
24.00000   216.00000   -0.07232   -0.97360
40.00000   216.00000   0.11953   -0.96666
56.00000   216.00000   -0.11446   -1.02838
72.00000   216.00000   -0.06726   -0.87512
88.00000   216.00000   0.04514   -0.88599
8.00000   232.00000   -0.03659   -1.04776
24.00000   232.00000   -0.28777   -0.98987
40.00000   232.00000   -0.13173   -0.97708
56.00000   232.00000   0.21467   -1.03414
72.00000   232.00000   -0.24078   -1.06265
88.00000   232.00000   -0.17001   -0.95201
8.00000   248.00000   -0.17465   -0.97565
24.00000   248.00000   -0.06166   -1.04770
40.00000   248.00000   0.26683   -1.08327
56.00000   248.00000   -0.15373   -0.97635
72.00000   248.00000   -0.57933   -0.88754
88.00000   248.00000   -0.29356   -0.75869
8.00000   264.00000   -0.10096   -1.04111
24.00000   264.00000   -0.11759   -0.97265
40.00000   264.00000   0.01611   -0.85926
56.00000   264.00000   -0.02263   -0.91561
72.00000   264.00000   -0.36748   -0.99927
88.00000   264.00000   -0.10410   -0.93214
8.00000   280.00000   0.01905   -1.08590
24.00000   280.00000   -0.32525   -1.20838
40.00000   280.00000   0.38364   -1.16670
56.00000   280.00000   -0.01932   -0.89808
72.00000   280.00000   -0.16662   -1.08412
88.00000   280.00000   -0.25639   -0.91131
8.00000   296.00000   -0.13791   -1.12117
24.00000   296.00000   -0.18384   -0.88623
40.00000   296.00000   0.07457   -0.93805
56.00000   296.00000   -0.00145   -0.87643
72.00000   296.00000   -0.24640   -0.94488
88.00000   296.00000   -0.11905   -0.94112
8.00000   312.00000   0.04218   -1.13691
24.00000   312.00000   -0.03538   -1.00677
40.00000   312.00000   -0.07884   -0.94421
56.00000   312.00000   -0.07198   -1.11701
72.00000   312.00000   -0.02710   -0.88220
88.00000   312.00000   0.05586   -0.88454
8.00000   328.00000   -0.16624   -0.97451
24.00000   328.00000   -0.24035   -0.85424
40.00000   328.00000   -0.60773   -0.95759
56.00000   328.00000   -0.59701   -0.84787
72.00000   328.00000   -0.20421   -0.85742
88.00000   328.00000   0.12151   -0.85377
8.00000   344.00000   -0.12316   -1.05034
24.00000   344.00000   -0.30856   -0.98448
40.00000   344.00000   -0.77220   -0.98905
56.00000   344.00000   0.00882   -0.93067
72.00000   344.00000   -0.25820   -1.03841
88.00000   344.00000   0.02310   -1.01010
8.00000   360.00000   -0.10733   -0.95455
24.00000   360.00000   -0.29549   -1.10312
40.00000   360.00000   -0.87503   -0.91104
56.00000   360.00000   -0.62272   -0.78521
72.00000   360.00000   -0.32735   -0.94371
88.00000   360.00000   0.00319   -0.92400
8.00000   376.00000   0.14203   -1.05169
24.00000   376.00000   -0.41595   -1.01942
40.00000   376.00000   -0.66925   -0.88810
56.00000   376.00000   -0.56275   -0.91252
72.00000   376.00000   -0.31366   -1.16470
88.00000   376.00000   -0.24245   -0.74632
8.00000   392.00000   -0.10632   -1.12810
24.00000   392.00000   -0.56536   -1.04917
40.00000   392.00000   -0.70293   -0.93341
56.00000   392.00000   -0.36687   -0.87128
72.00000   392.00000   -0.07086   -1.07702
88.00000   392.00000   -0.04057   -0.97765
8.00000   408.00000   -0.05792   -0.97718
24.00000   408.00000   -0.63450   -1.06981
40.00000   408.00000   -0.70740   -1.01186
56.00000   408.00000   -0.49989   -1.01630
72.00000   408.00000   -0.21738   -0.97972
88.00000   408.00000   -0.04809   -0.91589
8.00000   424.00000   -0.26145   -1.18623
24.00000   424.00000   -0.47198   -1.20533
40.00000   424.00000   -0.63204   -0.98591
56.00000   424.00000   -0.29905   -1.12538
72.00000   424.00000   -0.20881   -1.12155
88.00000   424.00000   -0.22203   -0.95505
8.00000   440.00000   -0.29511   -0.89462
24.00000   440.00000   -0.77396   -1.21158
40.00000   440.00000   -0.39316   -1.08954
56.00000   440.00000   -0.34399   -1.08954
72.00000   440.00000   -0.30444   -1.03696
88.00000   440.00000   -0.05337   -1.08586
8.00000   456.00000   -0.81086   -1.09102
24.00000   456.00000   -0.16382   -1.00346
40.00000   456.00000   -0.48602   -1.09670
56.00000   456.00000   -0.02660   -0.94816
72.00000   456.00000   -0.26632   -1.05170
88.00000   456.00000   -0.19668   -1.00058
8.00000   472.00000   -0.73069   -0.96979
24.00000   472.00000   -0.75451   -1.03391
40.00000   472.00000   -0.43407   -1.07989
56.00000   472.00000   -0.43754   -1.14250
72.00000   472.00000   -0.35752   -1.13650
88.00000   472.00000   -0.15047   -1.11296
8.00000   488.00000   -0.26279   -1.08254
24.00000   488.00000   -0.68185   -0.96141
40.00000   488.00000   -0.41578   -1.27467
56.00000   488.00000   -0.50658   -1.12633
72.00000   488.00000   -0.37158   -1.03350
88.00000   488.00000   -0.17177   -1.04007
8.00000   504.00000   -0.69843   -1.15755
24.00000   504.00000   -0.62199   -0.98707
40.00000   504.00000   -0.69960   -1.02167
56.00000   504.00000   -0.46222   -1.16296
72.00000   504.00000   -0.33611   -1.04000
88.00000   504.00000   -0.12294   -1.13468
8.00000   520.00000   -0.65990   -0.92936
24.00000   520.00000   -0.50252   -1.15205
40.00000   520.00000   -0.07269   -1.07001
56.00000   520.00000   -0.46521   -1.19054
72.00000   520.00000   -0.26407   -1.10492
88.00000   520.00000   -0.07597   -1.17046
8.00000   536.00000   -0.16073   -1.10279
24.00000   536.00000   -0.53398   -1.21022
40.00000   536.00000   -0.05424   -1.20524
56.00000   536.00000   -0.58524   -1.24960
72.00000   536.00000   -0.45368   -1.33209
88.00000   536.00000   -0.19023   -1.26775
