# image 28 and 29 x,y,u,v
8.00000   8.00000   -0.52234   -1.14612
24.00000   8.00000   -0.26300   -0.98975
40.00000   8.00000   -0.04239   -1.24186
56.00000   8.00000   0.07140   -1.10355
72.00000   8.00000   0.13367   -0.98617
88.00000   8.00000   0.25909   -0.95433
8.00000   24.00000   -0.51703   -1.03043
24.00000   24.00000   -0.10232   -1.04219
40.00000   24.00000   0.54063   -1.12180
56.00000   24.00000   -0.03325   -1.04099
72.00000   24.00000   -0.21549   -1.07586
88.00000   24.00000   -0.13079   -0.90960
8.00000   40.00000   -0.47184   -1.05852
24.00000   40.00000   -0.17605   -1.03630
40.00000   40.00000   -0.06146   -0.88818
56.00000   40.00000   -0.24634   -1.01121
72.00000   40.00000   -0.18853   -1.10108
88.00000   40.00000   -0.29039   -1.00909
8.00000   56.00000   -0.33012   -1.17165
24.00000   56.00000   -0.14748   -1.27848
40.00000   56.00000   -0.05196   -1.17716
56.00000   56.00000   -0.43511   -1.00416
72.00000   56.00000   -0.14926   -0.88505
88.00000   56.00000   0.07063   -1.08045
8.00000   72.00000   -0.09435   -0.99689
24.00000   72.00000   0.00393   -0.95904
40.00000   72.00000   -0.11340   -0.90230
56.00000   72.00000   0.21090   -0.99018
72.00000   72.00000   -0.14466   -1.00105
88.00000   72.00000   -0.30758   -1.01647
8.00000   88.00000   -0.47082   -1.00781
24.00000   88.00000   0.11071   -0.89568
40.00000   88.00000   -0.16926   -1.00206
56.00000   88.00000   0.13095   -1.14701
72.00000   88.00000   0.08444   -1.00637
88.00000   88.00000   -0.14972   -0.97246
8.00000   104.00000   -0.31375   -0.95931
24.00000   104.00000   -0.04324   -1.10256
40.00000   104.00000   -0.16636   -0.96318
56.00000   104.00000   -0.13223   -0.94889
72.00000   104.00000   -0.22746   -0.96119
88.00000   104.00000   -0.06787   -1.05221
8.00000   120.00000   -0.32698   -1.13027
24.00000   120.00000   0.07537   -1.06071
40.00000   120.00000   -0.15586   -1.19714
56.00000   120.00000   0.02367   -1.14404
72.00000   120.00000   -0.08613   -0.89936
88.00000   120.00000   -0.18160   -0.99221
8.00000   136.00000   -0.17408   -1.08880
24.00000   136.00000   -0.03490   -0.96766
40.00000   136.00000   -0.20440   -1.01665
56.00000   136.00000   -0.32374   -0.96794
72.00000   136.00000   -0.24124   -1.12390
88.00000   136.00000   0.00571   -1.19040
8.00000   152.00000   -0.20190   -1.07857
24.00000   152.00000   -0.03984   -1.01379
40.00000   152.00000   -0.22724   -0.78465
56.00000   152.00000   -0.23682   -1.11256
72.00000   152.00000   -0.03229   -0.87701
88.00000   152.00000   -0.16248   -1.02832
8.00000   168.00000   -0.15874   -1.09000
24.00000   168.00000   0.37931   -1.25472
40.00000   168.00000   -0.18007   -1.00521
56.00000   168.00000   -0.14679   -1.04953
72.00000   168.00000   0.17601   -1.13931
88.00000   168.00000   -0.09526   -1.24528
8.00000   184.00000   -0.21335   -0.93709
24.00000   184.00000   0.11976   -0.98550
40.00000   184.00000   -0.05107   -1.07599
56.00000   184.00000   -0.04129   -1.05242
72.00000   184.00000   -0.23803   -1.14643
88.00000   184.00000   -0.10669   -1.02464
8.00000   200.00000   -0.04770   -1.00338
24.00000   200.00000   -0.03073   -1.10059
40.00000   200.00000   -0.04404   -1.02959
56.00000   200.00000   0.06909   -1.05432
72.00000   200.00000   0.00112   -1.02272
88.00000   200.00000   -0.27785   -1.09442
8.00000   216.00000   -0.29121   -1.04731
24.00000   216.00000   -0.33759   -1.01279
40.00000   216.00000   0.03172   -0.95449
56.00000   216.00000   0.09038   -0.93959
72.00000   216.00000   0.06984   -1.06731
88.00000   216.00000   -0.16358   -1.07769
8.00000   232.00000   0.22856   -0.99648
24.00000   232.00000   -0.00843   -0.93067
40.00000   232.00000   -0.08433   -1.08492
56.00000   232.00000   -0.02768   -1.04223
72.00000   232.00000   -0.12801   -1.00435
88.00000   232.00000   -0.08501   -1.04539
8.00000   248.00000   -0.31770   -1.05070
24.00000   248.00000   -0.13048   -1.02188
40.00000   248.00000   0.17534   -1.06131
56.00000   248.00000   -0.18632   -1.04925
72.00000   248.00000   -0.19249   -0.96501
88.00000   248.00000   -0.37296   -0.87520
8.00000   264.00000   0.18292   -1.02892
24.00000   264.00000   0.03077   -1.29425
40.00000   264.00000   0.22066   -1.05882
56.00000   264.00000   0.14439   -0.76005
72.00000   264.00000   -0.54599   -1.04294
88.00000   264.00000   -0.29999   -1.06950
8.00000   280.00000   -0.24181   -1.07718
24.00000   280.00000   -0.06027   -1.04842
40.00000   280.00000   0.11307   -0.89688
56.00000   280.00000   0.21589   -0.96836
72.00000   280.00000   -0.25749   -0.77453
88.00000   280.00000   -0.17836   -1.10539
8.00000   296.00000   -0.04192   -1.05627
24.00000   296.00000   -0.07265   -1.10407
40.00000   296.00000   0.02623   -1.09239
56.00000   296.00000   0.28933   -1.13490
72.00000   296.00000   -0.06217   -1.07074
88.00000   296.00000   -0.21176   -1.07470
8.00000   312.00000   -0.18521   -1.10765
24.00000   312.00000   -0.12329   -1.00415
40.00000   312.00000   -0.10813   -0.95133
56.00000   312.00000   -0.08219   -1.00423
72.00000   312.00000   -0.18518   -0.92334
88.00000   312.00000   -0.00870   -0.86022
8.00000   328.00000   0.00164   -1.13720
24.00000   328.00000   0.31561   -1.02241
40.00000   328.00000   -0.62558   -1.15618
56.00000   328.00000   -0.60546   -0.85780
72.00000   328.00000   0.00612   -1.02888
88.00000   328.00000   0.09669   -0.88195
8.00000   344.00000   0.12685   -1.03023
24.00000   344.00000   -0.26335   -1.10191
40.00000   344.00000   -0.48366   -1.05764
56.00000   344.00000   -0.51322   -0.77771
72.00000   344.00000   -0.15818   -0.83350
88.00000   344.00000   0.04035   -0.98654
8.00000   360.00000   -0.22998   -1.08974
24.00000   360.00000   -0.63787   -1.08464
40.00000   360.00000   -0.55598   -1.10057
56.00000   360.00000   -0.53909   -1.22860
72.00000   360.00000   -0.36556   -0.73581
88.00000   360.00000   0.03812   -0.95905
8.00000   376.00000   -0.15766   -1.01762
24.00000   376.00000   -0.39119   -0.95549
40.00000   376.00000   -0.60768   -0.95044
56.00000   376.00000   -0.51167   -0.89449
72.00000   376.00000   -0.44299   -0.89449
88.00000   376.00000   -0.05801   -0.89607
8.00000   392.00000   -0.16193   -1.09705
24.00000   392.00000   -0.57223   -1.06867
40.00000   392.00000   -0.69613   -0.92524
56.00000   392.00000   -0.67307   -1.01431
72.00000   392.00000   -0.18779   -1.02627
88.00000   392.00000   -0.03256   -1.05082
8.00000   408.00000   -0.24852   -1.05818
24.00000   408.00000   -0.64242   -0.98798
40.00000   408.00000   -0.69613   -0.98188
56.00000   408.00000   -0.57025   -1.18699
72.00000   408.00000   -0.15340   -1.05717
88.00000   408.00000   -0.09697   -1.07412
8.00000   424.00000   -0.00959   -1.06422
24.00000   424.00000   -0.70892   -1.08636
40.00000   424.00000   -0.62948   -0.96990
56.00000   424.00000   -0.26543   -1.19554
72.00000   424.00000   -0.18564   -1.11282
88.00000   424.00000   -0.12674   -1.04651
8.00000   440.00000   -0.24077   -1.06781
24.00000   440.00000   -0.67703   -1.08349
40.00000   440.00000   -0.17276   -1.01514
56.00000   440.00000   -0.06548   -1.11109
72.00000   440.00000   -0.28272   -1.08744
88.00000   440.00000   -0.02741   -1.02002
8.00000   456.00000   -0.70564   -1.01512
24.00000   456.00000   -0.26157   -1.02636
40.00000   456.00000   -0.70192   -1.15529
56.00000   456.00000   -0.17484   -1.11325
72.00000   456.00000   -0.19858   -1.24501
88.00000   456.00000   -0.17628   -1.02168
8.00000   472.00000   -0.88386   -1.08387
24.00000   472.00000   -0.69177   -1.10090
40.00000   472.00000   -0.21992   -1.21620
56.00000   472.00000   -0.56379   -1.10783
72.00000   472.00000   -0.41732   -1.11719
88.00000   472.00000   -0.14769   -1.02078
8.00000   488.00000   -0.42681   -1.06299
24.00000   488.00000   -0.24080   -0.92905
40.00000   488.00000   -0.43688   -1.15831
56.00000   488.00000   -0.01078   -1.14664
72.00000   488.00000   -0.29673   -1.14664
88.00000   488.00000   -0.29411   -1.05322
8.00000   504.00000   -0.46614   -1.09989
24.00000   504.00000   -0.42165   -1.06885
40.00000   504.00000   -0.55709   -1.00872
56.00000   504.00000   -0.45564   -1.04100
72.00000   504.00000   -0.02037   -1.16164
88.00000   504.00000   -0.15310   -1.15176
8.00000   520.00000   -0.72981   -1.01039
24.00000   520.00000   -0.25508   -1.11596
40.00000   520.00000   -0.32715   -1.25724
56.00000   520.00000   -0.40746   -1.31241
72.00000   520.00000   -0.42120   -1.25404
88.00000   520.00000   -0.30136   -1.19321
8.00000   536.00000   -0.72438   -0.96870
24.00000   536.00000   -0.40555   -1.22173
40.00000   536.00000   0.01569   -1.28753
56.00000   536.00000   -0.42552   -1.31977
72.00000   536.00000   -0.30961   -1.30192
88.00000   536.00000   -0.18591   -1.22750
