# image 45 and 46 x,y,u,v
8.00000   8.00000   -0.64514   -1.03904
24.00000   8.00000   -0.11611   -1.01649
40.00000   8.00000   0.24060   -0.99337
56.00000   8.00000   -0.00056   -1.02562
72.00000   8.00000   0.05966   -1.01491
88.00000   8.00000   0.05657   -0.98083
8.00000   24.00000   -0.32241   -1.06983
24.00000   24.00000   -0.36498   -1.13299
40.00000   24.00000   0.04988   -0.97708
56.00000   24.00000   -0.19776   -0.98740
72.00000   24.00000   -0.17028   -1.01789
88.00000   24.00000   -0.17044   -0.90032
8.00000   40.00000   -0.45012   -1.03705
24.00000   40.00000   -0.17680   -1.14794
40.00000   40.00000   -0.11001   -1.02134
56.00000   40.00000   -0.12995   -1.03211
72.00000   40.00000   -0.32210   -1.01876
88.00000   40.00000   -0.44520   -0.92595
8.00000   56.00000   -0.37916   -1.06917
24.00000   56.00000   -0.03713   -1.09633
40.00000   56.00000   -0.11458   -1.03937
56.00000   56.00000   -0.15952   -1.04686
72.00000   56.00000   -0.19336   -1.12516
88.00000   56.00000   -0.24498   -1.00120
8.00000   72.00000   -0.30402   -1.09189
24.00000   72.00000   0.13839   -0.97912
40.00000   72.00000   -0.05247   -1.04113
56.00000   72.00000   -0.04319   -0.90051
72.00000   72.00000   -0.10301   -0.98119
88.00000   72.00000   -0.11886   -0.97250
8.00000   88.00000   -0.25386   -0.91636
24.00000   88.00000   0.12120   -0.99921
40.00000   88.00000   0.00960   -0.93972
56.00000   88.00000   -0.06695   -0.95759
72.00000   88.00000   -0.05718   -1.04220
88.00000   88.00000   -0.05716   -1.06411
8.00000   104.00000   -0.19227   -0.97553
24.00000   104.00000   -0.05825   -0.95494
40.00000   104.00000   -0.19205   -0.97515
56.00000   104.00000   -0.13405   -0.95754
72.00000   104.00000   -0.32793   -0.83036
88.00000   104.00000   -0.14802   -0.97984
8.00000   120.00000   -0.23786   -0.96596
24.00000   120.00000   0.28325   -0.92639
40.00000   120.00000   -0.12193   -1.11030
56.00000   120.00000   -0.33246   -1.03727
72.00000   120.00000   -0.20098   -1.03348
88.00000   120.00000   -0.18175   -1.05122
8.00000   136.00000   -0.22324   -1.03339
24.00000   136.00000   0.03382   -0.96098
40.00000   136.00000   -0.18665   -1.19068
56.00000   136.00000   0.13070   -1.04233
72.00000   136.00000   -0.14093   -0.99724
88.00000   136.00000   -0.10566   -1.06574
8.00000   152.00000   -0.14013   -1.12621
24.00000   152.00000   -0.28523   -0.85320
40.00000   152.00000   -0.08488   -1.06727
56.00000   152.00000   -0.16224   -1.12775
72.00000   152.00000   -0.09522   -0.96249
88.00000   152.00000   -0.08735   -1.03801
8.00000   168.00000   0.37116   -0.91021
24.00000   168.00000   -0.14307   -0.88440
40.00000   168.00000   0.12681   -1.05341
56.00000   168.00000   0.02055   -0.99441
72.00000   168.00000   0.03108   -1.23587
88.00000   168.00000   -0.04445   -0.97165
8.00000   184.00000   -0.18256   -0.98260
24.00000   184.00000   -0.21966   -0.87139
40.00000   184.00000   -0.15159   -1.08664
56.00000   184.00000   0.06157   -0.93635
72.00000   184.00000   -0.09503   -1.05749
88.00000   184.00000   -0.02781   -0.96317
8.00000   200.00000   0.03525   -0.98103
24.00000   200.00000   0.04895   -0.96024
40.00000   200.00000   0.20850   -0.92540
56.00000   200.00000   -0.09107   -0.94701
72.00000   200.00000   0.19307   -1.00758
88.00000   200.00000   -0.06777   -1.13580
8.00000   216.00000   -0.51847   -1.02452
24.00000   216.00000   -0.22027   -1.02895
40.00000   216.00000   0.08082   -0.91451
56.00000   216.00000   0.04676   -0.82153
72.00000   216.00000   0.14082   -0.92378
88.00000   216.00000   -0.03648   -0.92529
8.00000   232.00000   -0.01648   -0.93383
24.00000   232.00000   -0.19181   -0.83753
40.00000   232.00000   -0.06875   -1.06078
56.00000   232.00000   -0.01070   -0.98513
72.00000   232.00000   -0.10460   -1.13221
88.00000   232.00000   0.00101   -0.87742
8.00000   248.00000   0.15786   -1.01407
24.00000   248.00000   -0.00524   -0.85494
40.00000   248.00000   0.01274   -0.91928
56.00000   248.00000   -0.07613   -0.97862
72.00000   248.00000   -0.39748   -0.96925
88.00000   248.00000   -0.38880   -0.86578
8.00000   264.00000   -0.22723   -1.15724
24.00000   264.00000   0.14013   -1.15630
40.00000   264.00000   0.05693   -0.94548
56.00000   264.00000   0.44471   -0.92023
72.00000   264.00000   -0.15900   -0.77699
88.00000   264.00000   -0.31811   -0.97406
8.00000   280.00000   -0.04620   -0.99398
24.00000   280.00000   -0.39921   -1.06028
40.00000   280.00000   -0.02069   -0.90806
56.00000   280.00000   -0.04419   -0.93015
72.00000   280.00000   -0.06691   -0.79502
88.00000   280.00000   -0.02101   -0.97681
8.00000   296.00000   -0.13338   -1.09171
24.00000   296.00000   0.06768   -1.24328
40.00000   296.00000   -0.17359   -0.97199
56.00000   296.00000   0.05709   -0.78971
72.00000   296.00000   -0.28777   -0.88510
88.00000   296.00000   0.01371   -0.99268
8.00000   312.00000   0.06856   -1.08470
24.00000   312.00000   0.07714   -1.14638
40.00000   312.00000   0.12293   -1.16376
56.00000   312.00000   -0.04775   -0.95377
72.00000   312.00000   0.03729   -0.85294
88.00000   312.00000   -0.06452   -0.92269
8.00000   328.00000   -0.13377   -0.91892
24.00000   328.00000   -0.08724   -0.93939
40.00000   328.00000   -0.61593   -1.07412
56.00000   328.00000   -0.38490   -0.90669
72.00000   328.00000   -0.11696   -0.84818
88.00000   328.00000   0.12872   -1.05935
8.00000   344.00000   -0.12361   -1.01419
24.00000   344.00000   -0.62861   -1.05272
40.00000   344.00000   -0.40071   -1.09042
56.00000   344.00000   -0.29228   -1.02409
72.00000   344.00000   -0.17055   -0.89400
88.00000   344.00000   -0.02007   -0.84574
8.00000   360.00000   0.18658   -0.91568
24.00000   360.00000   -0.59016   -0.71672
40.00000   360.00000   -0.56016   -0.82878
56.00000   360.00000   -0.49191   -0.89791
72.00000   360.00000   -0.31174   -0.79310
88.00000   360.00000   0.24152   -0.98437
8.00000   376.00000   -0.32656   -0.93498
24.00000   376.00000   -0.35801   -1.06804
40.00000   376.00000   -0.77539   -0.98704
56.00000   376.00000   -0.55327   -0.91489
72.00000   376.00000   -0.16056   -0.80542
88.00000   376.00000   -0.03039   -0.76103
8.00000   392.00000   -0.00854   -0.94573
24.00000   392.00000   -0.57765   -0.96136
40.00000   392.00000   -0.67926   -0.88553
56.00000   392.00000   -0.60993   -1.12067
72.00000   392.00000   0.00400   -0.95031
88.00000   392.00000   -0.05972   -0.77607
8.00000   408.00000   -0.15514   -0.98506
24.00000   408.00000   -0.61466   -1.02502
40.00000   408.00000   -0.71399   -1.10220
56.00000   408.00000   -0.03128   -0.99456
72.00000   408.00000   -0.15546   -1.04285
88.00000   408.00000   0.21632   -1.10649
8.00000   424.00000   -0.21108   -1.01790
24.00000   424.00000   -0.58705   -1.10575
40.00000   424.00000   -0.82548   -1.12581
56.00000   424.00000   -0.41140   -0.95324
72.00000   424.00000   -0.10193   -1.15560
88.00000   424.00000   -0.23068   -1.00243
8.00000   440.00000   -0.16204   -0.94509
24.00000   440.00000   -0.63844   -1.11454
40.00000   440.00000   -0.61891   -0.98042
56.00000   440.00000   -0.15305   -1.06042
72.00000   440.00000   -0.34883   -1.14773
88.00000   440.00000   -0.00447   -1.19106
8.00000   456.00000   -0.90347   -1.00410
24.00000   456.00000   -0.19153   -1.06459
40.00000   456.00000   -0.59880   -1.06425
56.00000   456.00000   -0.27045   -1.20559
72.00000   456.00000   0.05723   -1.07397
88.00000   456.00000   -0.02362   -1.06987
8.00000   472.00000   -0.54724   -1.02116
24.00000   472.00000   -0.23144   -1.02617
40.00000   472.00000   -0.60104   -1.11929
56.00000   472.00000   -0.40563   -1.22231
72.00000   472.00000   -0.57164   -1.04767
88.00000   472.00000   -0.03254   -1.08906
8.00000   488.00000   -0.55974   -1.12958
24.00000   488.00000   -0.43331   -1.11718
40.00000   488.00000   -0.30310   -1.21735
56.00000   488.00000   -0.54057   -1.06728
72.00000   488.00000   -0.30760   -1.00336
88.00000   488.00000   -0.29348   -1.02552
8.00000   504.00000   -0.53545   -0.95342
24.00000   504.00000   -0.62410   -0.98964
40.00000   504.00000   -0.52548   -1.05740
56.00000   504.00000   -0.68211   -1.22207
72.00000   504.00000   -0.39596   -1.09717
88.00000   504.00000   -0.01993   -1.11250
8.00000   520.00000   -0.38755   -1.10062
24.00000   520.00000   -0.74234   -0.99236
40.00000   520.00000   -0.63829   -1.08593
56.00000   520.00000   -0.42447   -1.19871
72.00000   520.00000   -0.50550   -1.17893
88.00000   520.00000   -0.17642   -1.21563
8.00000   536.00000   -0.90134   -0.99060
24.00000   536.00000   -0.35093   -0.99821
40.00000   536.00000   -0.15317   -1.28878
56.00000   536.00000   -0.42121   -1.36356
72.00000   536.00000   -0.27253   -1.06159
88.00000   536.00000   -0.17147   -1.11857
