# image 63 and 64 x,y,u,v
8.00000   8.00000   -0.47876   -1.09475
24.00000   8.00000   -0.31009   -0.94283
40.00000   8.00000   -0.05636   -0.95214
56.00000   8.00000   0.01453   -1.09439
72.00000   8.00000   -0.10615   -1.06525
88.00000   8.00000   0.07233   -0.88658
8.00000   24.00000   -0.38898   -0.96330
24.00000   24.00000   -0.40508   -0.94941
40.00000   24.00000   0.24179   -0.95511
56.00000   24.00000   -0.00406   -1.05463
72.00000   24.00000   -0.21119   -0.96183
88.00000   24.00000   -0.09417   -1.06041
8.00000   40.00000   -0.39854   -0.96825
24.00000   40.00000   -0.16309   -1.14549
40.00000   40.00000   -0.32405   -0.94976
56.00000   40.00000   0.02587   -0.97998
72.00000   40.00000   -0.44017   -1.03886
88.00000   40.00000   -0.30106   -0.91283
8.00000   56.00000   -0.29032   -1.02364
24.00000   56.00000   -0.14567   -0.98586
40.00000   56.00000   -0.07150   -1.20579
56.00000   56.00000   -0.30242   -0.87841
72.00000   56.00000   -0.36516   -0.95634
88.00000   56.00000   -0.13698   -0.96443
8.00000   72.00000   -0.28331   -1.08101
24.00000   72.00000   0.11382   -0.89717
40.00000   72.00000   0.01494   -0.98562
56.00000   72.00000   -0.00653   -0.95137
72.00000   72.00000   0.18882   -0.86714
88.00000   72.00000   -0.15938   -0.87610
8.00000   88.00000   -0.23322   -1.02546
24.00000   88.00000   -0.04794   -1.04170
40.00000   88.00000   -0.00240   -1.04668
56.00000   88.00000   -0.28060   -0.95839
72.00000   88.00000   -0.01039   -0.93130
88.00000   88.00000   0.08310   -1.08665
8.00000   104.00000   -0.22592   -0.91488
24.00000   104.00000   -0.13186   -1.07712
40.00000   104.00000   0.10627   -0.99210
56.00000   104.00000   -0.37939   -0.95293
72.00000   104.00000   -0.22623   -1.07940
88.00000   104.00000   -0.16933   -1.02247
8.00000   120.00000   -0.26880   -1.06150
24.00000   120.00000   0.13782   -1.11750
40.00000   120.00000   -0.12252   -1.09363
56.00000   120.00000   -0.17278   -1.02964
72.00000   120.00000   -0.11675   -0.95504
88.00000   120.00000   -0.09395   -0.98323
8.00000   136.00000   -0.01223   -1.05301
24.00000   136.00000   -0.18509   -1.09042
40.00000   136.00000   0.31722   -0.97520
56.00000   136.00000   -0.04645   -1.01210
72.00000   136.00000   -0.30406   -1.04188
88.00000   136.00000   -0.09397   -0.94709
8.00000   152.00000   -0.31214   -1.08528
24.00000   152.00000   -0.32016   -1.09087
40.00000   152.00000   -0.24070   -1.04965
56.00000   152.00000   0.23393   -1.01739
72.00000   152.00000   0.00419   -1.03288
88.00000   152.00000   -0.19222   -1.02370
8.00000   168.00000   -0.29968   -1.13859
24.00000   168.00000   0.27193   -1.13148
40.00000   168.00000   0.25549   -1.05777
56.00000   168.00000   -0.00584   -1.13750
72.00000   168.00000   0.02030   -0.99902
88.00000   168.00000   0.04531   -1.18538
8.00000   184.00000   -0.11784   -0.96773
24.00000   184.00000   0.04345   -0.98433
40.00000   184.00000   -0.03394   -0.95525
56.00000   184.00000   0.09539   -0.97965
72.00000   184.00000   -0.15421   -0.95795
88.00000   184.00000   0.09444   -1.06725
8.00000   200.00000   -0.00966   -0.96865
24.00000   200.00000   -0.00851   -1.03750
40.00000   200.00000   0.01962   -1.07734
56.00000   200.00000   0.16238   -0.90910
72.00000   200.00000   0.01975   -1.05296
88.00000   200.00000   0.05275   -1.14232
8.00000   216.00000   -0.02238   -1.03471
24.00000   216.00000   -0.02298   -1.00122
40.00000   216.00000   0.03587   -1.14775
56.00000   216.00000   0.00971   -1.04834
72.00000   216.00000   -0.12190   -0.94508
88.00000   216.00000   -0.13446   -1.06609
8.00000   232.00000   0.17208   -0.88159
24.00000   232.00000   0.02496   -1.04302
40.00000   232.00000   -0.14556   -1.00913
56.00000   232.00000   0.15545   -0.94415
72.00000   232.00000   0.05713   -0.93648
88.00000   232.00000   -0.13989   -0.94932
8.00000   248.00000   -0.08654   -0.98244
24.00000   248.00000   -0.14254   -1.01628
40.00000   248.00000   0.12454   -1.08929
56.00000   248.00000   -0.07028   -1.14520
72.00000   248.00000   -0.50482   -1.02963
88.00000   248.00000   -0.34916   -1.01690
8.00000   264.00000   -0.15208   -1.22341
24.00000   264.00000   -0.01236   -1.08394
40.00000   264.00000   -0.09230   -0.93719
56.00000   264.00000   -0.21986   -0.80458
72.00000   264.00000   -0.13131   -0.80753
88.00000   264.00000   -0.06954   -0.86103
8.00000   280.00000   -0.01890   -1.13892
24.00000   280.00000   -0.09090   -1.18518
40.00000   280.00000   0.13284   -0.92134
56.00000   280.00000   0.06915   -0.89504
72.00000   280.00000   -0.17113   -0.93068
88.00000   280.00000   -0.22942   -0.95499
8.00000   296.00000   -0.12741   -1.05066
24.00000   296.00000   0.01504   -1.00417
40.00000   296.00000   0.19089   -1.13183
56.00000   296.00000   -0.12073   -0.96204
72.00000   296.00000   -0.20173   -1.03330
88.00000   296.00000   -0.06140   -0.94953
8.00000   312.00000   0.13506   -1.21630
24.00000   312.00000   -0.37451   -0.87798
40.00000   312.00000   -0.12408   -0.98105
56.00000   312.00000   -0.67239   -0.95048
72.00000   312.00000   0.13269   -0.84665
88.00000   312.00000   0.02539   -0.97771
8.00000   328.00000   -0.11769   -0.98304
24.00000   328.00000   -0.02293   -1.04359
40.00000   328.00000   -0.70196   -1.10951
56.00000   328.00000   -0.31867   -0.82630
72.00000   328.00000   -0.35742   -0.92478
88.00000   328.00000   0.12088   -0.99760
8.00000   344.00000   0.08641   -1.05520
24.00000   344.00000   -0.03179   -1.01850
40.00000   344.00000   -0.71149   -0.89125
56.00000   344.00000   -0.55812   -0.96492
72.00000   344.00000   -0.02872   -0.96234
88.00000   344.00000   -0.17485   -0.92703
8.00000   360.00000   -0.02026   -0.89188
24.00000   360.00000   -0.45055   -1.08436
40.00000   360.00000   -0.67784   -0.88119
56.00000   360.00000   -0.60158   -1.00503
72.00000   360.00000   -0.20247   -0.85222
88.00000   360.00000   0.17751   -0.98171
8.00000   376.00000   -0.00995   -1.02061
24.00000   376.00000   -0.42154   -0.93393
40.00000   376.00000   -0.64359   -0.99457
56.00000   376.00000   -0.34216   -0.94188
72.00000   376.00000   -0.23584   -1.07916
88.00000   376.00000   -0.02927   -0.88515
8.00000   392.00000   -0.09629   -0.89408
24.00000   392.00000   -0.64775   -1.10407
40.00000   392.00000   -0.77547   -0.88754
56.00000   392.00000   -0.63660   -0.97122
72.00000   392.00000   -0.21450   -0.99323
88.00000   392.00000   -0.05757   -0.78813
8.00000   408.00000   -0.42006   -1.14105
24.00000   408.00000   -0.49525   -0.96506
40.00000   408.00000   -0.57215   -0.93269
56.00000   408.00000   -0.31331   -1.02445
72.00000   408.00000   -0.20855   -1.02555
88.00000   408.00000   -0.05279   -0.98025
8.00000   424.00000   -0.32533   -1.18352
24.00000   424.00000   -0.58002   -1.14329
40.00000   424.00000   -0.76953   -1.22108
56.00000   424.00000   0.20118   -1.05123
72.00000   424.00000   -0.07889   -1.19281
88.00000   424.00000   -0.11473   -1.11309
8.00000   440.00000   -0.30294   -1.02196
24.00000   440.00000   -0.32087   -1.17724
40.00000   440.00000   -0.33337   -1.09380
56.00000   440.00000   -0.10621   -1.02593
72.00000   440.00000   -0.08154   -1.28885
88.00000   440.00000   -0.06248   -1.12598
8.00000   456.00000   -0.71025   -1.01558
24.00000   456.00000   -0.46628   -1.13125
40.00000   456.00000   -0.37034   -1.30266
56.00000   456.00000   -0.33336   -1.19367
72.00000   456.00000   -0.15155   -1.04919
88.00000   456.00000   -0.17545   -1.05463
8.00000   472.00000   -0.53285   -1.27120
24.00000   472.00000   -0.55150   -1.22043
40.00000   472.00000   -0.55092   -1.30374
56.00000   472.00000   0.02341   -1.02377
72.00000   472.00000   -0.34475   -1.02731
88.00000   472.00000   0.08779   -1.05076
8.00000   488.00000   -0.44943   -1.05221
24.00000   488.00000   -0.75796   -1.08098
40.00000   488.00000   -0.54368   -1.15847
56.00000   488.00000   -0.16566   -1.21444
72.00000   488.00000   -0.51208   -1.04034
88.00000   488.00000   -0.07871   -1.15343
8.00000   504.00000   -0.63951   -0.93153
24.00000   504.00000   -0.61296   -1.18609
40.00000   504.00000   -0.59354   -1.23113
56.00000   504.00000   -0.44198   -1.05973
72.00000   504.00000   -0.48400   -1.06579
88.00000   504.00000   -0.12284   -1.16169
8.00000   520.00000   -0.75641   -0.92904
24.00000   520.00000   -0.55610   -1.29408
40.00000   520.00000   -0.03208   -1.04764
56.00000   520.00000   -0.56754   -1.31898
72.00000   520.00000   -0.38012   -1.13285
88.00000   520.00000   -0.03761   -1.25928
8.00000   536.00000   -0.26302   -0.90832
24.00000   536.00000   -0.37770   -1.07350
40.00000   536.00000   -0.37841   -1.27996
56.00000   536.00000   -0.39594   -1.35017
72.00000   536.00000   -0.39738   -1.43692
88.00000   536.00000   -0.29281   -1.30200
