# image 89 and 90 x,y,u,v
8.00000   8.00000   -0.37282   -1.06839
24.00000   8.00000   -0.26268   -0.97688
40.00000   8.00000   -0.00667   -1.16457
56.00000   8.00000   -0.02678   -1.11208
72.00000   8.00000   -0.11012   -1.05535
88.00000   8.00000   -0.12424   -0.90608
8.00000   24.00000   -0.42313   -1.00925
24.00000   24.00000   -0.32422   -0.99986
40.00000   24.00000   0.10732   -1.16593
56.00000   24.00000   -0.03106   -1.09562
72.00000   24.00000   -0.02321   -0.98336
88.00000   24.00000   -0.10354   -0.99067
8.00000   40.00000   -0.30371   -1.03109
24.00000   40.00000   -0.36188   -1.00940
40.00000   40.00000   -0.13734   -0.98967
56.00000   40.00000   -0.08334   -1.01257
72.00000   40.00000   -0.04642   -0.96728
88.00000   40.00000   -0.27714   -0.97798
8.00000   56.00000   -0.34325   -1.19171
24.00000   56.00000   -0.00684   -1.15913
40.00000   56.00000   0.08198   -1.17552
56.00000   56.00000   -0.37450   -0.90544
72.00000   56.00000   -0.14649   -0.95461
88.00000   56.00000   0.03290   -0.93598
8.00000   72.00000   -0.46436   -1.13935
24.00000   72.00000   -0.28391   -1.11732
40.00000   72.00000   0.32636   -1.01850
56.00000   72.00000   -0.30459   -0.98349
72.00000   72.00000   -0.01875   -0.94992
88.00000   72.00000   0.00348   -0.93026
8.00000   88.00000   0.05429   -1.08936
24.00000   88.00000   -0.40627   -0.86002
40.00000   88.00000   0.12743   -0.98189
56.00000   88.00000   -0.05424   -1.06547
72.00000   88.00000   -0.00465   -1.13326
88.00000   88.00000   -0.12273   -0.98773
8.00000   104.00000   0.08217   -1.08439
24.00000   104.00000   -0.32571   -1.00940
40.00000   104.00000   0.18423   -0.82492
56.00000   104.00000   0.00515   -1.00950
72.00000   104.00000   -0.36555   -1.02345
88.00000   104.00000   -0.03797   -1.13345
8.00000   120.00000   -0.12577   -1.04527
24.00000   120.00000   -0.16477   -1.04701
40.00000   120.00000   0.18423   -1.02560
56.00000   120.00000   -0.10209   -1.02058
72.00000   120.00000   -0.13680   -1.00613
88.00000   120.00000   -0.01014   -1.08066
8.00000   136.00000   0.01236   -1.08429
24.00000   136.00000   0.41139   -1.02540
40.00000   136.00000   -0.07820   -1.02251
56.00000   136.00000   0.14006   -1.30894
72.00000   136.00000   -0.18518   -1.04329
88.00000   136.00000   -0.10184   -1.17493
8.00000   152.00000   0.00762   -0.79654
24.00000   152.00000   0.04457   -1.00356
40.00000   152.00000   -0.09839   -0.99936
56.00000   152.00000   -0.03520   -1.02553
72.00000   152.00000   0.00706   -0.96993
88.00000   152.00000   -0.01203   -1.03267
8.00000   168.00000   -0.34785   -1.02785
24.00000   168.00000   0.05901   -0.85360
40.00000   168.00000   0.03582   -0.85056
56.00000   168.00000   0.05784   -1.16364
72.00000   168.00000   -0.13903   -0.91925
88.00000   168.00000   -0.05966   -0.97255
8.00000   184.00000   0.12389   -1.02324
24.00000   184.00000   -0.45390   -0.98957
40.00000   184.00000   0.03826   -0.81165
56.00000   184.00000   0.02977   -0.98350
72.00000   184.00000   0.01794   -1.10838
88.00000   184.00000   0.01012   -1.25819
8.00000   200.00000   -0.20024   -1.09022
24.00000   200.00000   -0.05381   -0.87493
40.00000   200.00000   -0.08518   -0.99144
56.00000   200.00000   0.00394   -0.99878
72.00000   200.00000   -0.04343   -1.15100
88.00000   200.00000   -0.14821   -0.97659
8.00000   216.00000   -0.16586   -0.95005
24.00000   216.00000   -0.47132   -1.08643
40.00000   216.00000   -0.05914   -1.07619
56.00000   216.00000   0.15724   -1.11653
72.00000   216.00000   0.02229   -0.95970
88.00000   216.00000   -0.08600   -0.78939
8.00000   232.00000   0.16993   -1.15517
24.00000   232.00000   -0.14470   -1.09446
40.00000   232.00000   -0.01411   -1.24422
56.00000   232.00000   0.31557   -0.84512
72.00000   232.00000   -0.42232   -0.99502
88.00000   232.00000   -0.20630   -0.85596
8.00000   248.00000   -0.30752   -1.07407
24.00000   248.00000   -0.05029   -1.08572
40.00000   248.00000   0.30747   -1.04351
56.00000   248.00000   0.31557   -1.04735
72.00000   248.00000   0.05660   -0.89751
88.00000   248.00000   -0.10959   -0.84658
8.00000   264.00000   -0.06922   -1.16084
24.00000   264.00000   -0.15664   -0.89918
40.00000   264.00000   0.16769   -1.10728
56.00000   264.00000   -0.08691   -0.85718
72.00000   264.00000   -0.36909   -0.92640
88.00000   264.00000   -0.11515   -0.97755
8.00000   280.00000   -0.29712   -1.14956
24.00000   280.00000   -0.11628   -0.87193
40.00000   280.00000   0.05621   -1.04972
56.00000   280.00000   -0.14458   -1.04234
72.00000   280.00000   -0.15501   -1.00380
88.00000   280.00000   -0.07860   -0.90446
8.00000   296.00000   -0.15576   -1.01883
24.00000   296.00000   0.06006   -0.94675
40.00000   296.00000   -0.16635   -0.89014
56.00000   296.00000   -0.23588   -0.92991
72.00000   296.00000   0.04754   -0.83707
88.00000   296.00000   -0.30740   -1.02157
8.00000   312.00000   -0.17633   -0.90642
24.00000   312.00000   -0.11237   -0.97300
40.00000   312.00000   -0.30493   -0.85086
56.00000   312.00000   -0.14479   -1.10463
72.00000   312.00000   -0.22140   -0.84929
88.00000   312.00000   0.07765   -1.05255
8.00000   328.00000   0.03607   -0.98308
24.00000   328.00000   0.08460   -1.03774
40.00000   328.00000   -0.62018   -0.99948
56.00000   328.00000   -0.03003   -1.01378
72.00000   328.00000   -0.10919   -1.03362
88.00000   328.00000   -0.08895   -1.00575
8.00000   344.00000   0.35653   -1.04729
24.00000   344.00000   -0.26729   -1.02068
40.00000   344.00000   -0.54704   -0.83767
56.00000   344.00000   -0.20334   -0.78172
72.00000   344.00000   -0.03092   -0.86496
88.00000   344.00000   0.04097   -0.91345
8.00000   360.00000   -0.13525   -1.02642
24.00000   360.00000   -0.31156   -0.95377
40.00000   360.00000   -0.62639   -0.95377
56.00000   360.00000   -0.37349   -0.93757
72.00000   360.00000   -0.25067   -0.88245
88.00000   360.00000   0.15342   -0.86037
8.00000   376.00000   -0.32111   -1.04357
24.00000   376.00000   -0.28684   -0.85350
40.00000   376.00000   -0.81356   -1.05514
56.00000   376.00000   -0.53131   -0.97823
72.00000   376.00000   -0.12814   -0.84000
88.00000   376.00000   -0.12811   -0.73393
8.00000   392.00000   -0.26928   -1.06784
24.00000   392.00000   -0.16728   -0.93764
40.00000   392.00000   -0.64302   -0.99357
56.00000   392.00000   -0.31886   -1.12148
72.00000   392.00000   -0.15683   -0.87932
88.00000   392.00000   -0.08942   -0.73922
8.00000   408.00000   -0.39115   -1.06094
24.00000   408.00000   -0.10916   -1.00458
40.00000   408.00000   -0.58326   -0.93152
56.00000   408.00000   -0.24427   -0.94086
72.00000   408.00000   -0.18090   -1.16222
88.00000   408.00000   -0.02876   -0.91342
8.00000   424.00000   -0.46774   -0.94259
24.00000   424.00000   -0.50794   -1.09343
40.00000   424.00000   -0.52690   -0.93313
56.00000   424.00000   -0.25228   -1.01656
72.00000   424.00000   -0.22679   -1.05436
88.00000   424.00000   -0.12476   -1.04612
8.00000   440.00000   -0.01463   -1.01747
24.00000   440.00000   -0.48047   -1.06223
40.00000   440.00000   -0.67380   -1.15696
56.00000   440.00000   -0.54655   -1.16971
72.00000   440.00000   0.00195   -1.12683
88.00000   440.00000   0.03636   -1.11111
8.00000   456.00000   -0.81727   -0.95441
24.00000   456.00000   -0.55900   -1.14230
40.00000   456.00000   -0.64781   -1.05249
56.00000   456.00000   -0.12663   -1.09221
72.00000   456.00000   -0.16417   -1.06036
88.00000   456.00000   -0.12583   -1.20457
8.00000   472.00000   -0.63681   -1.01363
24.00000   472.00000   -0.80284   -1.16467
40.00000   472.00000   -0.37060   -1.14930
56.00000   472.00000   -0.57407   -1.37223
72.00000   472.00000   -0.37373   -1.08465
88.00000   472.00000   -0.18756   -1.12527
8.00000   488.00000   -0.26623   -1.17197
24.00000   488.00000   -0.39012   -1.12196
40.00000   488.00000   -0.31824   -1.15037
56.00000   488.00000   -0.25487   -1.01876
72.00000   488.00000   -0.61810   -1.21634
88.00000   488.00000   -0.41984   -1.07679
8.00000   504.00000   -0.50224   -1.16034
24.00000   504.00000   -0.35471   -1.12250
40.00000   504.00000   -0.67908   -1.15014
56.00000   504.00000   -0.41366   -1.19848
72.00000   504.00000   -0.41130   -1.22741
88.00000   504.00000   -0.23809   -1.11023
8.00000   520.00000   -0.61119   -0.90003
24.00000   520.00000   -0.60326   -1.27335
40.00000   520.00000   -0.14438   -1.29923
56.00000   520.00000   -0.45382   -1.26154
72.00000   520.00000   -0.47855   -1.13156
88.00000   520.00000   -0.24475   -1.20107
8.00000   536.00000   -0.74587   -0.87179
24.00000   536.00000   -0.30324   -0.97808
40.00000   536.00000   -0.34762   -1.40796
56.00000   536.00000   -0.20419   -0.97817
72.00000   536.00000   -0.59028   -1.34701
88.00000   536.00000   -0.25586   -1.20601
