# image 27 and 28 x,y,u,v
8.00000   8.00000   -0.58156   -1.04116
24.00000   8.00000   -0.20754   -1.03597
40.00000   8.00000   -0.09809   -1.16083
56.00000   8.00000   -0.11210   -0.98667
72.00000   8.00000   0.13404   -0.92556
88.00000   8.00000   0.06742   -1.05484
8.00000   24.00000   -0.54629   -1.06721
24.00000   24.00000   -0.16711   -1.03905
40.00000   24.00000   0.49388   -1.20348
56.00000   24.00000   0.09669   -1.01415
72.00000   24.00000   -0.20878   -1.01817
88.00000   24.00000   -0.11871   -1.03012
8.00000   40.00000   -0.37641   -1.03222
24.00000   40.00000   -0.17848   -1.14909
40.00000   40.00000   -0.54589   -0.93561
56.00000   40.00000   -0.05841   -0.93452
72.00000   40.00000   -0.22472   -0.98497
88.00000   40.00000   -0.36945   -0.96378
8.00000   56.00000   -0.60151   -1.07848
24.00000   56.00000   -0.31765   -1.07311
40.00000   56.00000   -0.16072   -1.11069
56.00000   56.00000   -0.29500   -1.01019
72.00000   56.00000   -0.23723   -0.98540
88.00000   56.00000   0.08870   -1.05066
8.00000   72.00000   -0.18938   -1.05915
24.00000   72.00000   -0.08965   -0.97489
40.00000   72.00000   -0.01789   -0.96214
56.00000   72.00000   0.26189   -1.03589
72.00000   72.00000   -0.01227   -1.08410
88.00000   72.00000   -0.24670   -0.85596
8.00000   88.00000   -0.35147   -1.06660
24.00000   88.00000   0.14530   -1.02702
40.00000   88.00000   0.00567   -1.07176
56.00000   88.00000   0.00505   -1.03651
72.00000   88.00000   -0.03323   -0.93985
88.00000   88.00000   -0.03360   -1.07674
8.00000   104.00000   -0.40837   -0.97139
24.00000   104.00000   -0.12933   -1.06621
40.00000   104.00000   -0.08558   -0.95598
56.00000   104.00000   0.05966   -0.98368
72.00000   104.00000   -0.23762   -0.82194
88.00000   104.00000   0.02908   -0.92912
8.00000   120.00000   -0.13975   -0.96373
24.00000   120.00000   0.13822   -1.16774
40.00000   120.00000   -0.09736   -1.25693
56.00000   120.00000   -0.15911   -1.05466
72.00000   120.00000   -0.07980   -0.96606
88.00000   120.00000   -0.15127   -0.84896
8.00000   136.00000   -0.25550   -1.10045
24.00000   136.00000   -0.10884   -0.97725
40.00000   136.00000   -0.08703   -0.83163
56.00000   136.00000   -0.29412   -1.02699
72.00000   136.00000   -0.06255   -1.04664
88.00000   136.00000   0.02597   -1.05111
8.00000   152.00000   -0.04014   -1.07512
24.00000   152.00000   -0.25295   -0.87225
40.00000   152.00000   -0.26679   -0.85807
56.00000   152.00000   -0.20840   -1.03362
72.00000   152.00000   -0.11641   -1.08676
88.00000   152.00000   -0.22871   -1.01035
8.00000   168.00000   -0.32466   -1.06609
24.00000   168.00000   0.17752   -1.08187
40.00000   168.00000   -0.26263   -1.00421
56.00000   168.00000   -0.04786   -1.05607
72.00000   168.00000   0.05317   -1.11697
88.00000   168.00000   -0.10796   -1.19494
8.00000   184.00000   -0.09454   -0.97199
24.00000   184.00000   0.14215   -0.99476
40.00000   184.00000   -0.09114   -1.04004
56.00000   184.00000   -0.17738   -0.94666
72.00000   184.00000   -0.07743   -1.16207
88.00000   184.00000   -0.13155   -1.04926
8.00000   200.00000   -0.14950   -0.93266
24.00000   200.00000   -0.11455   -1.12974
40.00000   200.00000   0.03850   -0.92915
56.00000   200.00000   0.13712   -0.98782
72.00000   200.00000   -0.04294   -1.03449
88.00000   200.00000   -0.26419   -1.04847
8.00000   216.00000   -0.26797   -1.11202
24.00000   216.00000   -0.34825   -1.03015
40.00000   216.00000   -0.00691   -1.01252
56.00000   216.00000   0.01248   -0.94672
72.00000   216.00000   -0.09461   -0.93743
88.00000   216.00000   -0.05477   -1.14635
8.00000   232.00000   -0.02082   -0.97873
24.00000   232.00000   0.01210   -0.94881
40.00000   232.00000   -0.11801   -1.02905
56.00000   232.00000   -0.06247   -1.10081
72.00000   232.00000   -0.06170   -1.01310
88.00000   232.00000   -0.06692   -1.04386
8.00000   248.00000   -0.27669   -0.95036
24.00000   248.00000   -0.09012   -1.00629
40.00000   248.00000   0.21441   -0.96416
56.00000   248.00000   -0.38998   -0.94564
72.00000   248.00000   -0.39333   -0.99749
88.00000   248.00000   -0.30537   -0.74296
8.00000   264.00000   0.17278   -1.11273
24.00000   264.00000   0.29207   -1.29759
40.00000   264.00000   -0.04618   -0.89457
56.00000   264.00000   -0.09733   -0.73886
72.00000   264.00000   -0.54120   -1.01944
88.00000   264.00000   -0.28531   -0.92540
8.00000   280.00000   -0.14946   -1.05583
24.00000   280.00000   -0.23253   -1.08464
40.00000   280.00000   -0.02277   -0.97016
56.00000   280.00000   0.36179   -1.02000
72.00000   280.00000   -0.34938   -0.83538
88.00000   280.00000   -0.15384   -0.99032
8.00000   296.00000   -0.13675   -0.99791
24.00000   296.00000   -0.15159   -1.04950
40.00000   296.00000   -0.03240   -1.02846
56.00000   296.00000   0.33264   -1.04944
72.00000   296.00000   -0.08513   -1.11413
88.00000   296.00000   -0.23568   -0.97521
8.00000   312.00000   -0.17849   -1.01254
24.00000   312.00000   0.08800   -0.98458
40.00000   312.00000   0.01563   -0.97055
56.00000   312.00000   -0.19970   -0.96833
72.00000   312.00000   -0.22351   -0.88910
88.00000   312.00000   0.02644   -0.96723
8.00000   328.00000   0.05154   -1.09803
24.00000   328.00000   0.15176   -0.84744
40.00000   328.00000   -0.41100   -1.07922
56.00000   328.00000   -0.53414   -0.89818
72.00000   328.00000   -0.15097   -0.95403
88.00000   328.00000   0.02188   -0.92331
8.00000   344.00000   0.09154   -0.95543
24.00000   344.00000   -0.66740   -0.89669
40.00000   344.00000   -0.28028   -1.08568
56.00000   344.00000   -0.46195   -0.87737
72.00000   344.00000   -0.09356   -0.93980
88.00000   344.00000   0.09456   -0.85508
8.00000   360.00000   -0.11774   -1.12407
24.00000   360.00000   -0.39972   -0.83904
40.00000   360.00000   -0.55603   -0.97361
56.00000   360.00000   -0.44770   -0.88283
72.00000   360.00000   -0.32942   -0.73081
88.00000   360.00000   -0.01632   -0.90477
8.00000   376.00000   -0.22223   -1.01247
24.00000   376.00000   -0.47922   -1.02050
40.00000   376.00000   -0.38673   -0.97231
56.00000   376.00000   -0.57837   -0.92149
72.00000   376.00000   -0.44412   -0.92149
88.00000   376.00000   -0.29763   -1.04056
8.00000   392.00000   -0.30062   -1.02511
24.00000   392.00000   -0.53348   -1.11338
40.00000   392.00000   -0.80409   -0.98083
56.00000   392.00000   -0.66809   -0.96480
72.00000   392.00000   -0.12084   -0.96711
88.00000   392.00000   0.02556   -1.05613
8.00000   408.00000   -0.28013   -0.84317
24.00000   408.00000   -0.39827   -0.97571
40.00000   408.00000   -0.79687   -0.87575
56.00000   408.00000   -0.52755   -1.10760
72.00000   408.00000   -0.31902   -1.11530
88.00000   408.00000   -0.06296   -1.10626
8.00000   424.00000   -0.12669   -1.06064
24.00000   424.00000   -0.51685   -0.94774
40.00000   424.00000   -0.81081   -0.80308
56.00000   424.00000   -0.13895   -1.08709
72.00000   424.00000   -0.16650   -1.09716
88.00000   424.00000   0.05871   -0.97198
8.00000   440.00000   -0.20829   -1.06511
24.00000   440.00000   -0.59738   -0.96567
40.00000   440.00000   -0.28130   -1.10185
56.00000   440.00000   0.08335   -1.13245
72.00000   440.00000   -0.16046   -1.10909
88.00000   440.00000   -0.02141   -1.04915
8.00000   456.00000   -0.96978   -0.98811
24.00000   456.00000   -0.13950   -1.02414
40.00000   456.00000   -0.56125   -1.08801
56.00000   456.00000   -0.15502   -1.11627
72.00000   456.00000   -0.15449   -1.21916
88.00000   456.00000   -0.23534   -1.14683
8.00000   472.00000   -0.62939   -1.05778
24.00000   472.00000   -0.71659   -1.06344
40.00000   472.00000   -0.28995   -1.05527
56.00000   472.00000   -0.24017   -1.09753
72.00000   472.00000   -0.37048   -1.09448
88.00000   472.00000   -0.18023   -1.04824
8.00000   488.00000   -0.57214   -0.98179
24.00000   488.00000   -0.19112   -1.07472
40.00000   488.00000   -0.33339   -1.19477
56.00000   488.00000   -0.63538   -1.08220
72.00000   488.00000   -0.35131   -1.05967
88.00000   488.00000   -0.19986   -1.15113
8.00000   504.00000   -0.65938   -1.15047
24.00000   504.00000   -0.50224   -1.03344
40.00000   504.00000   -0.64622   -1.03411
56.00000   504.00000   -0.55799   -1.16273
72.00000   504.00000   -0.17220   -1.07855
88.00000   504.00000   -0.13312   -1.08395
8.00000   520.00000   -0.58296   -1.08272
24.00000   520.00000   -0.25704   -1.19737
40.00000   520.00000   -0.56154   -1.13060
56.00000   520.00000   -0.27953   -1.34764
72.00000   520.00000   -0.41726   -1.23008
88.00000   520.00000   -0.39556   -1.22646
8.00000   536.00000   -0.93795   -1.34663
24.00000   536.00000   -0.32379   -1.17098
40.00000   536.00000   0.07386   -1.14485
56.00000   536.00000   -0.47889   -1.27442
72.00000   536.00000   -0.42999   -1.27674
88.00000   536.00000   -0.16976   -1.20267
