# image 69 and 70 x,y,u,v
8.00000   8.00000   -0.54401   -1.02173
24.00000   8.00000   -0.23530   -1.02594
40.00000   8.00000   0.17257   -1.17597
56.00000   8.00000   0.05333   -1.15644
72.00000   8.00000   -0.00093   -1.07604
88.00000   8.00000   -0.11976   -0.91193
8.00000   24.00000   -0.37855   -1.03534
24.00000   24.00000   -0.38549   -0.96634
40.00000   24.00000   0.08070   -1.09201
56.00000   24.00000   0.00461   -1.07726
72.00000   24.00000   -0.33562   -1.01764
88.00000   24.00000   -0.28529   -0.96769
8.00000   40.00000   -0.63025   -1.03188
24.00000   40.00000   -0.32381   -1.12288
40.00000   40.00000   -0.19079   -1.05233
56.00000   40.00000   -0.18451   -0.96991
72.00000   40.00000   -0.39339   -0.92356
88.00000   40.00000   -0.42530   -0.95500
8.00000   56.00000   -0.26414   -1.08934
24.00000   56.00000   0.03373   -1.11660
40.00000   56.00000   0.06045   -0.99325
56.00000   56.00000   -0.29646   -0.87435
72.00000   56.00000   -0.08338   -0.72036
88.00000   56.00000   0.02959   -0.84559
8.00000   72.00000   -0.51635   -1.04806
24.00000   72.00000   0.00746   -0.95094
40.00000   72.00000   -0.17103   -0.94983
56.00000   72.00000   -0.13045   -1.01750
72.00000   72.00000   -0.14506   -0.96756
88.00000   72.00000   -0.02744   -0.97439
8.00000   88.00000   -0.36169   -1.00879
24.00000   88.00000   -0.11709   -1.05827
40.00000   88.00000   -0.02957   -0.96244
56.00000   88.00000   -0.37734   -1.05065
72.00000   88.00000   -0.10266   -1.12495
88.00000   88.00000   -0.17705   -1.12774
8.00000   104.00000   -0.26414   -1.02561
24.00000   104.00000   0.13901   -1.10477
40.00000   104.00000   -0.06432   -1.00335
56.00000   104.00000   -0.23474   -0.96958
72.00000   104.00000   -0.22869   -0.96121
88.00000   104.00000   -0.15768   -1.11057
8.00000   120.00000   0.01823   -1.13717
24.00000   120.00000   -0.02214   -0.91298
40.00000   120.00000   0.27345   -0.98736
56.00000   120.00000   -0.18074   -0.94054
72.00000   120.00000   -0.23921   -1.03306
88.00000   120.00000   -0.21348   -0.97600
8.00000   136.00000   -0.15158   -1.09956
24.00000   136.00000   -0.19906   -1.17434
40.00000   136.00000   -0.06569   -1.12839
56.00000   136.00000   0.11804   -1.04015
72.00000   136.00000   -0.25753   -1.06715
88.00000   136.00000   -0.28368   -1.00381
8.00000   152.00000   -0.19359   -1.14466
24.00000   152.00000   -0.11930   -0.89369
40.00000   152.00000   0.04954   -1.02049
56.00000   152.00000   0.02395   -1.07578
72.00000   152.00000   0.19279   -1.18586
88.00000   152.00000   -0.19315   -0.99690
8.00000   168.00000   -0.03309   -0.97111
24.00000   168.00000   0.22957   -0.87563
40.00000   168.00000   -0.21886   -0.98873
56.00000   168.00000   0.08717   -1.00182
72.00000   168.00000   -0.18176   -0.98547
88.00000   168.00000   0.05277   -0.99502
8.00000   184.00000   -0.12414   -1.00794
24.00000   184.00000   0.18600   -0.92122
40.00000   184.00000   -0.16194   -0.86705
56.00000   184.00000   0.05046   -0.99663
72.00000   184.00000   -0.12809   -0.96467
88.00000   184.00000   0.19431   -1.12830
8.00000   200.00000   -0.26097   -1.06981
24.00000   200.00000   -0.12769   -0.96407
40.00000   200.00000   0.13696   -0.99302
56.00000   200.00000   0.10745   -0.93603
72.00000   200.00000   -0.17716   -1.09223
88.00000   200.00000   -0.12396   -1.13933
8.00000   216.00000   -0.10807   -1.04992
24.00000   216.00000   0.10967   -1.19008
40.00000   216.00000   -0.04861   -0.99169
56.00000   216.00000   0.21547   -0.85526
72.00000   216.00000   0.23802   -1.03692
88.00000   216.00000   -0.07745   -0.95258
8.00000   232.00000   -0.37768   -1.12289
24.00000   232.00000   -0.29174   -1.05774
40.00000   232.00000   -0.00964   -1.05022
56.00000   232.00000   -0.02864   -1.04295
72.00000   232.00000   -0.20883   -1.02415
88.00000   232.00000   -0.29725   -0.98393
8.00000   248.00000   -0.21844   -0.93622
24.00000   248.00000   -0.07201   -1.04765
40.00000   248.00000   -0.00537   -1.03112
56.00000   248.00000   -0.02396   -0.93578
72.00000   248.00000   -0.50685   -1.02884
88.00000   248.00000   -0.06403   -0.84105
8.00000   264.00000   0.06385   -1.05955
24.00000   264.00000   -0.05612   -1.15719
40.00000   264.00000   0.21332   -1.06782
56.00000   264.00000   0.33563   -1.06348
72.00000   264.00000   -0.48518   -0.98902
88.00000   264.00000   -0.06310   -0.98999
8.00000   280.00000   -0.21978   -1.12783
24.00000   280.00000   -0.20248   -1.03085
40.00000   280.00000   0.25219   -1.00121
56.00000   280.00000   -0.27157   -0.90999
72.00000   280.00000   -0.14812   -0.91326
88.00000   280.00000   -0.18527   -0.94343
8.00000   296.00000   -0.18602   -1.03614
24.00000   296.00000   -0.15372   -1.04757
40.00000   296.00000   0.23128   -1.05105
56.00000   296.00000   -0.23004   -1.01724
72.00000   296.00000   -0.19516   -0.99852
88.00000   296.00000   -0.30888   -0.85416
8.00000   312.00000   -0.14374   -1.16721
24.00000   312.00000   -0.12663   -0.94315
40.00000   312.00000   -0.27848   -0.84396
56.00000   312.00000   -0.30924   -0.96367
72.00000   312.00000   -0.20039   -0.83783
88.00000   312.00000   0.11713   -0.97367
8.00000   328.00000   -0.07428   -0.97238
24.00000   328.00000   -0.04607   -1.00401
40.00000   328.00000   -0.76996   -1.04557
56.00000   328.00000   -0.29760   -1.10168
72.00000   328.00000   0.01494   -0.86981
88.00000   328.00000   0.08333   -0.92206
8.00000   344.00000   -0.03238   -0.84983
24.00000   344.00000   -0.02222   -1.04827
40.00000   344.00000   -0.73900   -0.95349
56.00000   344.00000   -0.15663   -0.98476
72.00000   344.00000   -0.30566   -0.86012
88.00000   344.00000   0.07408   -1.00721
8.00000   360.00000   -0.04479   -0.97555
24.00000   360.00000   -0.34416   -0.95916
40.00000   360.00000   -0.49660   -0.70975
56.00000   360.00000   -0.49719   -0.98703
72.00000   360.00000   -0.13216   -0.90494
88.00000   360.00000   0.12086   -0.94499
8.00000   376.00000   -0.21064   -0.93536
24.00000   376.00000   -0.65542   -0.98235
40.00000   376.00000   -0.53165   -1.01610
56.00000   376.00000   -0.40200   -0.93548
72.00000   376.00000   -0.19885   -0.80825
88.00000   376.00000   -0.05432   -0.81646
8.00000   392.00000   0.15182   -1.06755
24.00000   392.00000   -0.57284   -0.73502
40.00000   392.00000   -0.70036   -0.82740
56.00000   392.00000   -0.59786   -1.00427
72.00000   392.00000   -0.15530   -0.93579
88.00000   392.00000   -0.00774   -0.79420
8.00000   408.00000   -0.54701   -0.94227
24.00000   408.00000   -0.54086   -0.86511
40.00000   408.00000   -0.69457   -0.87034
56.00000   408.00000   -0.03280   -0.76775
72.00000   408.00000   -0.18634   -0.95035
88.00000   408.00000   -0.05933   -0.85818
8.00000   424.00000   -0.39056   -1.01659
24.00000   424.00000   -0.52925   -1.13827
40.00000   424.00000   -0.77022   -1.18025
56.00000   424.00000   -0.15516   -1.16535
72.00000   424.00000   -0.25004   -1.00821
88.00000   424.00000   -0.17327   -1.02843
8.00000   440.00000   -0.51741   -0.93956
24.00000   440.00000   -0.60216   -0.91731
40.00000   440.00000   -0.11017   -1.17146
56.00000   440.00000   -0.15840   -1.31561
72.00000   440.00000   -0.25983   -1.09972
88.00000   440.00000   0.00832   -1.06583
8.00000   456.00000   -0.71767   -0.99781
24.00000   456.00000   -0.17468   -0.98814
40.00000   456.00000   -0.55147   -1.14587
56.00000   456.00000   -0.41001   -1.09629
72.00000   456.00000   -0.32602   -1.07039
88.00000   456.00000   -0.24160   -1.04224
8.00000   472.00000   -0.54150   -1.10230
24.00000   472.00000   -0.72684   -0.93604
40.00000   472.00000   -0.54720   -0.96131
56.00000   472.00000   -0.21512   -1.13876
72.00000   472.00000   -0.37604   -1.05810
88.00000   472.00000   -0.09369   -1.19993
8.00000   488.00000   -0.69522   -1.23800
24.00000   488.00000   -0.66017   -1.16240
40.00000   488.00000   -0.54431   -1.01022
56.00000   488.00000   -0.60958   -1.05222
72.00000   488.00000   -0.34583   -1.03870
88.00000   488.00000   -0.43150   -1.13243
8.00000   504.00000   -0.16587   -1.05290
24.00000   504.00000   -0.76967   -1.14221
40.00000   504.00000   -0.34340   -1.07942
56.00000   504.00000   -0.44634   -1.16883
72.00000   504.00000   -0.29989   -1.12771
88.00000   504.00000   -0.21007   -1.16008
8.00000   520.00000   -0.65905   -0.97351
24.00000   520.00000   -0.57574   -1.32535
40.00000   520.00000   0.14027   -1.24083
56.00000   520.00000   -0.53505   -1.31152
72.00000   520.00000   -0.58039   -1.17138
88.00000   520.00000   -0.35634   -1.24106
8.00000   536.00000   0.55153   -0.56412
24.00000   536.00000   -0.36072   -1.23655
40.00000   536.00000   -0.44894   -1.34860
56.00000   536.00000   -0.52013   -1.36189
72.00000   536.00000   -0.50510   -1.27218
88.00000   536.00000   -0.27627   -1.16745
