# image 54 and 55 x,y,u,v
8.00000   8.00000   -0.51529   -0.95320
24.00000   8.00000   -0.28784   -0.95879
40.00000   8.00000   0.00507   -1.10371
56.00000   8.00000   -0.12798   -1.02569
72.00000   8.00000   0.02544   -0.97596
88.00000   8.00000   0.15587   -1.05418
8.00000   24.00000   -0.40525   -1.05899
24.00000   24.00000   -0.27807   -0.98548
40.00000   24.00000   0.12259   -1.17212
56.00000   24.00000   -0.27129   -0.94740
72.00000   24.00000   -0.16070   -1.09739
88.00000   24.00000   -0.24617   -0.94753
8.00000   40.00000   -0.33344   -1.07366
24.00000   40.00000   -0.29157   -1.21455
40.00000   40.00000   0.03581   -1.02382
56.00000   40.00000   -0.04112   -0.99211
72.00000   40.00000   -0.24871   -0.92833
88.00000   40.00000   -0.13418   -1.06735
8.00000   56.00000   -0.35491   -1.07570
24.00000   56.00000   -0.12191   -0.99929
40.00000   56.00000   -0.15869   -1.07918
56.00000   56.00000   0.18104   -0.92674
72.00000   56.00000   -0.06118   -0.98102
88.00000   56.00000   -0.10989   -1.04682
8.00000   72.00000   -0.34275   -0.93391
24.00000   72.00000   0.09506   -1.05444
40.00000   72.00000   -0.06441   -1.05553
56.00000   72.00000   -0.00895   -1.05830
72.00000   72.00000   -0.16554   -0.98076
88.00000   72.00000   -0.05533   -0.92893
8.00000   88.00000   -0.50992   -1.05118
24.00000   88.00000   -0.09156   -0.87901
40.00000   88.00000   -0.05007   -0.98695
56.00000   88.00000   -0.25465   -1.13022
72.00000   88.00000   -0.09009   -1.16997
88.00000   88.00000   0.16947   -1.07222
8.00000   104.00000   -0.09385   -0.88345
24.00000   104.00000   -0.35387   -0.99684
40.00000   104.00000   0.05063   -1.08389
56.00000   104.00000   -0.20896   -1.08334
72.00000   104.00000   -0.08914   -1.11370
88.00000   104.00000   0.03397   -1.01939
8.00000   120.00000   -0.14127   -1.04180
24.00000   120.00000   -0.17268   -1.03450
40.00000   120.00000   -0.01999   -0.92603
56.00000   120.00000   -0.09375   -1.15190
72.00000   120.00000   -0.12288   -1.06619
88.00000   120.00000   -0.00816   -1.09401
8.00000   136.00000   -0.08182   -1.00202
24.00000   136.00000   -0.04484   -0.99515
40.00000   136.00000   -0.03512   -1.14108
56.00000   136.00000   -0.04514   -0.97681
72.00000   136.00000   -0.11101   -1.13202
88.00000   136.00000   -0.19489   -1.01447
8.00000   152.00000   -0.05072   -1.17167
24.00000   152.00000   -0.30189   -1.14232
40.00000   152.00000   0.10596   -1.00792
56.00000   152.00000   -0.08580   -0.95847
72.00000   152.00000   -0.10568   -1.06451
88.00000   152.00000   -0.12244   -0.98322
8.00000   168.00000   -0.08201   -0.98575
24.00000   168.00000   -0.12927   -1.16090
40.00000   168.00000   -0.18140   -1.06157
56.00000   168.00000   0.05918   -0.89196
72.00000   168.00000   -0.00394   -1.16541
88.00000   168.00000   0.08545   -1.00801
8.00000   184.00000   0.04250   -0.94777
24.00000   184.00000   0.06271   -0.95217
40.00000   184.00000   -0.06991   -1.12998
56.00000   184.00000   0.01244   -1.02823
72.00000   184.00000   0.11316   -1.05055
88.00000   184.00000   0.02838   -1.07860
8.00000   200.00000   -0.01809   -0.94372
24.00000   200.00000   -0.20016   -0.94458
40.00000   200.00000   0.05920   -1.04790
56.00000   200.00000   -0.10481   -1.05230
72.00000   200.00000   0.10010   -1.07785
88.00000   200.00000   -0.08703   -1.01260
8.00000   216.00000   -0.23102   -0.95004
24.00000   216.00000   -0.02039   -0.97737
40.00000   216.00000   0.20402   -0.98524
56.00000   216.00000   -0.07474   -0.87431
72.00000   216.00000   0.15859   -0.90432
88.00000   216.00000   -0.01564   -1.15546
8.00000   232.00000   -0.05860   -1.06691
24.00000   232.00000   -0.14655   -1.00563
40.00000   232.00000   -0.15609   -1.14096
56.00000   232.00000   0.03592   -1.06038
72.00000   232.00000   -0.27572   -0.99349
88.00000   232.00000   -0.09680   -0.95482
8.00000   248.00000   -0.19622   -1.03471
24.00000   248.00000   0.15210   -1.03386
40.00000   248.00000   0.16121   -0.89071
56.00000   248.00000   0.10104   -0.81121
72.00000   248.00000   -0.28239   -0.90293
88.00000   248.00000   -0.33122   -0.80322
8.00000   264.00000   -0.00259   -1.17468
24.00000   264.00000   -0.05223   -0.95285
40.00000   264.00000   0.14634   -1.11249
56.00000   264.00000   0.18651   -0.90898
72.00000   264.00000   -0.16932   -0.94148
88.00000   264.00000   -0.29972   -0.95465
8.00000   280.00000   0.08895   -1.11510
24.00000   280.00000   -0.00275   -1.06628
40.00000   280.00000   -0.23846   -0.94789
56.00000   280.00000   0.04279   -1.30433
72.00000   280.00000   0.18941   -0.95903
88.00000   280.00000   -0.13048   -0.97235
8.00000   296.00000   -0.23118   -0.90182
24.00000   296.00000   -0.15290   -1.18835
40.00000   296.00000   0.33301   -1.12877
56.00000   296.00000   0.09567   -0.93347
72.00000   296.00000   -0.06340   -0.95662
88.00000   296.00000   0.08570   -1.00870
8.00000   312.00000   0.12466   -1.08949
24.00000   312.00000   -0.10101   -1.03714
40.00000   312.00000   0.01251   -0.89176
56.00000   312.00000   -0.49051   -0.97852
72.00000   312.00000   0.01093   -0.83807
88.00000   312.00000   0.09726   -1.03969
8.00000   328.00000   -0.19598   -1.09385
24.00000   328.00000   -0.55507   -1.01434
40.00000   328.00000   -0.62689   -0.99756
56.00000   328.00000   -0.52947   -1.05025
72.00000   328.00000   -0.13286   -1.04239
88.00000   328.00000   0.08502   -0.90405
8.00000   344.00000   0.03277   -1.06254
24.00000   344.00000   -0.51447   -0.92487
40.00000   344.00000   -0.53478   -0.77502
56.00000   344.00000   -0.27873   -0.84127
72.00000   344.00000   -0.27624   -0.86311
88.00000   344.00000   0.15570   -0.99970
8.00000   360.00000   -0.27734   -0.95389
24.00000   360.00000   -0.46884   -0.79010
40.00000   360.00000   -0.53314   -0.82752
56.00000   360.00000   -0.54704   -0.98326
72.00000   360.00000   -0.25488   -1.01091
88.00000   360.00000   0.00900   -0.95665
8.00000   376.00000   0.00745   -1.03450
24.00000   376.00000   -0.44787   -0.96496
40.00000   376.00000   -0.77445   -1.06281
56.00000   376.00000   -0.37295   -1.00751
72.00000   376.00000   -0.17257   -0.81391
88.00000   376.00000   -0.02524   -0.98825
8.00000   392.00000   0.01858   -0.92089
24.00000   392.00000   -0.38298   -0.90979
40.00000   392.00000   -0.52005   -1.05277
56.00000   392.00000   -0.47947   -0.76945
72.00000   392.00000   -0.04608   -1.08253
88.00000   392.00000   -0.02353   -0.88788
8.00000   408.00000   -0.29677   -0.99318
24.00000   408.00000   -0.54934   -0.89467
40.00000   408.00000   -0.72222   -1.03134
56.00000   408.00000   -0.45850   -1.08077
72.00000   408.00000   -0.36786   -1.03401
88.00000   408.00000   -0.05614   -1.04569
8.00000   424.00000   -0.14168   -1.00462
24.00000   424.00000   -0.52277   -1.06352
40.00000   424.00000   -0.75067   -1.04862
56.00000   424.00000   -0.03937   -0.96447
72.00000   424.00000   -0.18089   -1.02287
88.00000   424.00000   -0.12198   -1.04791
8.00000   440.00000   -0.37426   -1.05791
24.00000   440.00000   -0.54101   -1.09454
40.00000   440.00000   -0.57732   -1.08041
56.00000   440.00000   -0.37860   -1.09481
72.00000   440.00000   -0.11547   -1.16883
88.00000   440.00000   0.03660   -1.08000
8.00000   456.00000   -0.78966   -1.02485
24.00000   456.00000   -0.17992   -1.02440
40.00000   456.00000   -0.55804   -1.11715
56.00000   456.00000   0.15693   -1.05084
72.00000   456.00000   -0.11865   -1.03754
88.00000   456.00000   -0.09076   -1.11371
8.00000   472.00000   -0.56881   -1.16962
24.00000   472.00000   -0.74753   -1.03662
40.00000   472.00000   -0.44747   -1.22865
56.00000   472.00000   -0.29542   -1.20560
72.00000   472.00000   -0.48773   -1.14576
88.00000   472.00000   -0.06318   -1.15016
8.00000   488.00000   -0.07248   -1.08271
24.00000   488.00000   -0.51362   -1.17207
40.00000   488.00000   -0.36340   -1.15903
56.00000   488.00000   -0.39740   -1.09514
72.00000   488.00000   -0.23994   -1.09073
88.00000   488.00000   -0.35175   -0.96395
8.00000   504.00000   -0.37667   -1.10459
24.00000   504.00000   -0.66178   -1.08831
40.00000   504.00000   -0.58113   -1.09046
56.00000   504.00000   -0.29492   -0.99455
72.00000   504.00000   -0.33122   -1.13082
88.00000   504.00000   -0.06838   -1.20866
8.00000   520.00000   -0.66529   -0.99396
24.00000   520.00000   -0.29271   -1.09721
40.00000   520.00000   -0.54352   -1.23006
56.00000   520.00000   -0.72174   -1.18785
72.00000   520.00000   -0.46674   -1.06685
88.00000   520.00000   -0.17166   -1.19907
8.00000   536.00000   -0.56477   -1.00393
24.00000   536.00000   -0.18640   -1.25370
40.00000   536.00000   0.33420   -1.16769
56.00000   536.00000   -0.56011   -1.44857
72.00000   536.00000   -0.30676   -1.32039
88.00000   536.00000   -0.10930   -1.28648
