# image 6 and 7 x,y,u,v
8.00000   8.00000   -0.52221   -0.97431
24.00000   8.00000   -0.23657   -0.97224
40.00000   8.00000   0.25059   -1.14642
56.00000   8.00000   0.11729   -1.05987
72.00000   8.00000   0.03798   -1.08492
88.00000   8.00000   -0.07659   -0.88004
8.00000   24.00000   -0.36565   -1.00521
24.00000   24.00000   -0.17935   -1.07073
40.00000   24.00000   0.09675   -1.22058
56.00000   24.00000   -0.15312   -1.02210
72.00000   24.00000   -0.15989   -1.00427
88.00000   24.00000   0.02851   -0.83615
8.00000   40.00000   -0.36346   -1.09253
24.00000   40.00000   -0.17446   -1.15708
40.00000   40.00000   -0.12680   -1.14064
56.00000   40.00000   -0.32012   -1.00551
72.00000   40.00000   -0.00334   -1.01071
88.00000   40.00000   -0.33974   -1.02722
8.00000   56.00000   -0.47694   -1.16831
24.00000   56.00000   -0.06170   -1.13565
40.00000   56.00000   -0.11514   -1.01570
56.00000   56.00000   -0.00171   -1.01514
72.00000   56.00000   -0.29866   -1.08795
88.00000   56.00000   -0.20376   -0.96623
8.00000   72.00000   -0.13330   -1.04332
24.00000   72.00000   -0.14584   -1.12123
40.00000   72.00000   0.27867   -0.86948
56.00000   72.00000   -0.15911   -1.01955
72.00000   72.00000   -0.08760   -1.08649
88.00000   72.00000   -0.18112   -0.94998
8.00000   88.00000   -0.19783   -0.96826
24.00000   88.00000   0.08149   -0.92317
40.00000   88.00000   0.04896   -1.07231
56.00000   88.00000   -0.03535   -0.99191
72.00000   88.00000   -0.07970   -0.98436
88.00000   88.00000   0.04429   -1.00355
8.00000   104.00000   -0.54851   -0.90453
24.00000   104.00000   -0.03493   -1.03015
40.00000   104.00000   -0.24128   -0.84666
56.00000   104.00000   -0.06402   -0.90021
72.00000   104.00000   -0.04449   -0.91978
88.00000   104.00000   0.18358   -0.90726
8.00000   120.00000   -0.32230   -0.98840
24.00000   120.00000   -0.10999   -1.06709
40.00000   120.00000   -0.12750   -1.04513
56.00000   120.00000   -0.13779   -1.09936
72.00000   120.00000   -0.22198   -0.86630
88.00000   120.00000   0.00576   -1.01978
8.00000   136.00000   -0.06793   -1.15445
24.00000   136.00000   -0.13708   -1.19358
40.00000   136.00000   -0.27382   -1.09229
56.00000   136.00000   -0.09994   -0.92527
72.00000   136.00000   -0.24476   -1.01227
88.00000   136.00000   -0.03890   -0.93073
8.00000   152.00000   -0.21968   -1.06118
24.00000   152.00000   -0.35543   -1.13791
40.00000   152.00000   -0.33534   -0.94649
56.00000   152.00000   -0.26044   -0.78232
72.00000   152.00000   -0.16548   -0.94685
88.00000   152.00000   -0.04988   -1.04443
8.00000   168.00000   -0.03459   -0.99307
24.00000   168.00000   -0.12601   -1.01933
40.00000   168.00000   -0.08601   -0.90738
56.00000   168.00000   0.00257   -1.27608
72.00000   168.00000   0.03925   -1.18422
88.00000   168.00000   -0.17510   -1.17733
8.00000   184.00000   -0.01114   -1.03536
24.00000   184.00000   0.07850   -1.05210
40.00000   184.00000   0.08371   -1.13416
56.00000   184.00000   -0.16052   -1.17028
72.00000   184.00000   0.11130   -1.05486
88.00000   184.00000   -0.25871   -1.09947
8.00000   200.00000   -0.21637   -1.10760
24.00000   200.00000   0.14568   -0.87344
40.00000   200.00000   0.05282   -1.19129
56.00000   200.00000   0.02154   -1.04778
72.00000   200.00000   -0.08549   -0.94988
88.00000   200.00000   -0.26011   -1.05385
8.00000   216.00000   -0.00174   -1.12108
24.00000   216.00000   0.14568   -0.88022
40.00000   216.00000   -0.22652   -1.09158
56.00000   216.00000   0.22939   -0.89781
72.00000   216.00000   -0.09214   -0.99060
88.00000   216.00000   -0.09728   -0.98730
8.00000   232.00000   0.09312   -1.12328
24.00000   232.00000   0.01842   -1.01055
40.00000   232.00000   -0.26570   -1.08914
56.00000   232.00000   0.20538   -0.81797
72.00000   232.00000   -0.06699   -0.97763
88.00000   232.00000   -0.24812   -1.10634
8.00000   248.00000   -0.01127   -0.84897
24.00000   248.00000   0.12664   -0.89110
40.00000   248.00000   -0.01958   -0.77931
56.00000   248.00000   -0.02937   -0.96782
72.00000   248.00000   -0.18599   -0.90945
88.00000   248.00000   -0.20259   -0.94332
8.00000   264.00000   -0.37265   -0.98524
24.00000   264.00000   -0.31055   -1.00266
40.00000   264.00000   0.13056   -1.01174
56.00000   264.00000   0.09896   -1.18553
72.00000   264.00000   -0.27549   -1.09516
88.00000   264.00000   -0.43118   -0.98699
8.00000   280.00000   0.00714   -1.10371
24.00000   280.00000   0.19202   -1.10189
40.00000   280.00000   -0.03793   -0.92111
56.00000   280.00000   0.36498   -0.88980
72.00000   280.00000   -0.15978   -0.92133
88.00000   280.00000   -0.40838   -0.90526
8.00000   296.00000   0.06500   -1.04039
24.00000   296.00000   -0.02001   -1.04715
40.00000   296.00000   -0.15592   -1.08356
56.00000   296.00000   0.14654   -1.11477
72.00000   296.00000   -0.19313   -0.76147
88.00000   296.00000   -0.30209   -0.97334
8.00000   312.00000   0.10081   -0.96505
24.00000   312.00000   0.09857   -1.02449
40.00000   312.00000   -0.20321   -0.82770
56.00000   312.00000   -0.36743   -0.95470
72.00000   312.00000   -0.15279   -0.87120
88.00000   312.00000   0.06666   -0.96309
8.00000   328.00000   -0.17926   -0.87700
24.00000   328.00000   -0.15101   -0.86687
40.00000   328.00000   -0.59064   -0.94005
56.00000   328.00000   -0.55177   -0.94519
72.00000   328.00000   -0.05816   -0.96083
88.00000   328.00000   0.17234   -0.97198
8.00000   344.00000   -0.12022   -1.01361
24.00000   344.00000   -0.59154   -1.16482
40.00000   344.00000   -0.74693   -1.02762
56.00000   344.00000   -0.28509   -0.84425
72.00000   344.00000   -0.23018   -0.91342
88.00000   344.00000   0.09904   -0.77852
8.00000   360.00000   -0.04540   -1.03348
24.00000   360.00000   -0.00674   -0.93502
40.00000   360.00000   -0.67722   -1.18230
56.00000   360.00000   -0.55827   -0.85552
72.00000   360.00000   0.01300   -0.91633
88.00000   360.00000   -0.13960   -0.81089
8.00000   376.00000   0.07599   -1.06059
24.00000   376.00000   -0.15434   -0.96922
40.00000   376.00000   -0.64005   -0.99718
56.00000   376.00000   -0.67948   -0.86315
72.00000   376.00000   -0.19283   -0.85559
88.00000   376.00000   0.06584   -0.85559
8.00000   392.00000   -0.03678   -1.06160
24.00000   392.00000   -0.06908   -0.97533
40.00000   392.00000   -0.81134   -1.05642
56.00000   392.00000   -0.65335   -0.98007
72.00000   392.00000   -0.28334   -0.99622
88.00000   392.00000   0.07071   -1.05595
8.00000   408.00000   -0.15992   -1.08663
24.00000   408.00000   -0.68106   -0.96388
40.00000   408.00000   -0.63556   -0.96476
56.00000   408.00000   -0.32614   -1.03373
72.00000   408.00000   -0.46659   -1.23190
88.00000   408.00000   -0.12696   -1.19827
8.00000   424.00000   -0.25467   -0.89170
24.00000   424.00000   -0.65396   -1.09118
40.00000   424.00000   -0.10460   -0.96102
56.00000   424.00000   -0.34480   -1.09984
72.00000   424.00000   -0.17663   -1.09058
88.00000   424.00000   -0.11188   -1.00678
8.00000   440.00000   -0.38181   -0.91302
24.00000   440.00000   -0.63868   -1.10192
40.00000   440.00000   -0.57993   -1.15064
56.00000   440.00000   -0.24776   -0.94852
72.00000   440.00000   -0.13499   -1.02740
88.00000   440.00000   0.03190   -1.04807
8.00000   456.00000   -0.77201   -1.08282
24.00000   456.00000   -0.26843   -0.99490
40.00000   456.00000   -0.45745   -0.89755
56.00000   456.00000   -0.13931   -1.04370
72.00000   456.00000   -0.29612   -1.16464
88.00000   456.00000   -0.06640   -1.12987
8.00000   472.00000   -0.59253   -0.99204
24.00000   472.00000   -0.57078   -0.89972
40.00000   472.00000   -0.62532   -1.10483
56.00000   472.00000   -0.34016   -1.00160
72.00000   472.00000   -0.65578   -0.99661
88.00000   472.00000   0.22303   -1.22885
8.00000   488.00000   -0.65352   -1.10970
24.00000   488.00000   -0.31865   -1.09155
40.00000   488.00000   -0.10861   -1.13918
56.00000   488.00000   -0.14508   -1.09226
72.00000   488.00000   -0.22959   -0.90398
88.00000   488.00000   -0.13372   -0.97829
8.00000   504.00000   -0.33828   -1.22378
24.00000   504.00000   -0.53854   -1.10963
40.00000   504.00000   -0.69529   -1.23600
56.00000   504.00000   -0.50530   -1.19996
72.00000   504.00000   -0.10671   -1.17691
88.00000   504.00000   -0.13050   -1.18701
8.00000   520.00000   -0.56779   -1.19857
24.00000   520.00000   -0.01923   -1.10739
40.00000   520.00000   -0.54707   -1.31154
56.00000   520.00000   -0.41569   -1.31154
72.00000   520.00000   -0.30100   -1.17772
88.00000   520.00000   -0.28147   -1.16123
8.00000   536.00000   -0.18511   -1.00202
24.00000   536.00000   -0.71672   -1.32847
40.00000   536.00000   -0.52409   -1.19487
56.00000   536.00000   -0.41247   -1.19439
72.00000   536.00000   -0.33731   -1.29652
88.00000   536.00000   -0.35050   -1.23626
