# image 96 and 97 x,y,u,v
8.00000   8.00000   -0.59254   -1.03950
24.00000   8.00000   -0.22131   -1.03923
40.00000   8.00000   0.10265   -1.05971
56.00000   8.00000   0.18112   -0.89658
72.00000   8.00000   -0.03871   -1.02867
88.00000   8.00000   0.11776   -1.01325
8.00000   24.00000   -0.41706   -0.96665
24.00000   24.00000   -0.15645   -1.02871
40.00000   24.00000   -0.09385   -1.18863
56.00000   24.00000   0.07031   -1.11573
72.00000   24.00000   -0.35348   -0.95794
88.00000   24.00000   -0.18844   -0.95973
8.00000   40.00000   -0.47444   -1.04240
24.00000   40.00000   -0.16259   -1.06068
40.00000   40.00000   -0.22392   -1.03766
56.00000   40.00000   -0.23733   -1.02088
72.00000   40.00000   -0.20771   -1.01073
88.00000   40.00000   -0.31164   -0.93345
8.00000   56.00000   -0.32859   -1.05465
24.00000   56.00000   -0.23919   -0.88611
40.00000   56.00000   0.12991   -1.12529
56.00000   56.00000   -0.55320   -0.87628
72.00000   56.00000   -0.12057   -1.02168
88.00000   56.00000   -0.07914   -0.94259
8.00000   72.00000   -0.59336   -0.88976
24.00000   72.00000   -0.17800   -1.09142
40.00000   72.00000   -0.00901   -0.98495
56.00000   72.00000   -0.02818   -0.99917
72.00000   72.00000   -0.16331   -1.10513
88.00000   72.00000   -0.18441   -0.90354
8.00000   88.00000   -0.21285   -1.08610
24.00000   88.00000   -0.08842   -0.93523
40.00000   88.00000   0.14901   -1.04544
56.00000   88.00000   -0.15297   -1.14266
72.00000   88.00000   -0.28905   -1.00269
88.00000   88.00000   -0.26258   -1.12492
8.00000   104.00000   0.03158   -1.03120
24.00000   104.00000   -0.07884   -0.97961
40.00000   104.00000   0.33075   -1.04918
56.00000   104.00000   0.11649   -1.10835
72.00000   104.00000   -0.33340   -1.00161
88.00000   104.00000   -0.06810   -1.12480
8.00000   120.00000   -0.11771   -1.02567
24.00000   120.00000   0.09899   -1.19811
40.00000   120.00000   0.18953   -1.15591
56.00000   120.00000   -0.15667   -1.11864
72.00000   120.00000   -0.21521   -0.90498
88.00000   120.00000   -0.12138   -0.96072
8.00000   136.00000   -0.13440   -1.07216
24.00000   136.00000   0.06164   -1.15507
40.00000   136.00000   -0.13613   -0.98055
56.00000   136.00000   -0.14473   -1.10122
72.00000   136.00000   -0.18591   -0.99880
88.00000   136.00000   -0.15163   -1.28253
8.00000   152.00000   -0.17807   -1.13170
24.00000   152.00000   0.14151   -1.08210
40.00000   152.00000   0.13863   -0.91276
56.00000   152.00000   0.04684   -0.98514
72.00000   152.00000   -0.11563   -0.97366
88.00000   152.00000   -0.02891   -1.04054
8.00000   168.00000   -0.19666   -0.87007
24.00000   168.00000   -0.26077   -0.74502
40.00000   168.00000   0.06027   -1.08595
56.00000   168.00000   0.10939   -1.08449
72.00000   168.00000   -0.03796   -0.87838
88.00000   168.00000   -0.00262   -1.07975
8.00000   184.00000   -0.14159   -0.85874
24.00000   184.00000   -0.21096   -1.11652
40.00000   184.00000   0.07983   -0.96910
56.00000   184.00000   -0.22322   -0.86779
72.00000   184.00000   0.03906   -1.14196
88.00000   184.00000   -0.01776   -1.11052
8.00000   200.00000   -0.24491   -0.99329
24.00000   200.00000   -0.29615   -0.98991
40.00000   200.00000   -0.04157   -0.89541
56.00000   200.00000   0.30279   -1.03716
72.00000   200.00000   0.05237   -0.99809
88.00000   200.00000   -0.05142   -1.01631
8.00000   216.00000   -0.10355   -0.94946
24.00000   216.00000   -0.15864   -1.13339
40.00000   216.00000   0.26279   -1.06676
56.00000   216.00000   0.19591   -0.94945
72.00000   216.00000   -0.11987   -1.05339
88.00000   216.00000   -0.19231   -0.96099
8.00000   232.00000   -0.34443   -1.09332
24.00000   232.00000   -0.24142   -1.02718
40.00000   232.00000   -0.09651   -1.00783
56.00000   232.00000   0.19430   -1.10701
72.00000   232.00000   -0.06584   -0.99892
88.00000   232.00000   -0.33127   -0.89497
8.00000   248.00000   0.02999   -1.09809
24.00000   248.00000   0.07498   -1.00528
40.00000   248.00000   0.24690   -1.14601
56.00000   248.00000   -0.03387   -1.03887
72.00000   248.00000   -0.03309   -0.92997
88.00000   248.00000   -0.17894   -0.77845
8.00000   264.00000   -0.38678   -1.06907
24.00000   264.00000   -0.34612   -1.04288
40.00000   264.00000   -0.04627   -1.10173
56.00000   264.00000   -0.36975   -1.04838
72.00000   264.00000   -0.37941   -0.98361
88.00000   264.00000   -0.34586   -0.82922
8.00000   280.00000   -0.26151   -0.98236
24.00000   280.00000   0.05805   -0.80227
40.00000   280.00000   0.31177   -1.04625
56.00000   280.00000   -0.28976   -1.03994
72.00000   280.00000   0.13939   -0.81512
88.00000   280.00000   -0.11234   -0.88112
8.00000   296.00000   -0.20796   -1.07627
24.00000   296.00000   -0.38778   -1.19381
40.00000   296.00000   -0.06939   -0.83420
56.00000   296.00000   -0.05098   -1.05494
72.00000   296.00000   -0.28383   -1.07566
88.00000   296.00000   -0.08260   -1.02416
8.00000   312.00000   -0.08073   -1.08456
24.00000   312.00000   0.13934   -1.20461
40.00000   312.00000   -0.17150   -1.05883
56.00000   312.00000   -0.60603   -0.93004
72.00000   312.00000   -0.15504   -1.01504
88.00000   312.00000   0.02244   -0.88700
8.00000   328.00000   0.34433   -0.95932
24.00000   328.00000   -0.16447   -1.02943
40.00000   328.00000   -0.61423   -1.03524
56.00000   328.00000   -0.39615   -1.13291
72.00000   328.00000   -0.17574   -1.00894
88.00000   328.00000   -0.09747   -1.05216
8.00000   344.00000   -0.23296   -0.85984
24.00000   344.00000   -0.54056   -0.96077
40.00000   344.00000   -0.53827   -0.91157
56.00000   344.00000   0.04466   -1.16808
72.00000   344.00000   -0.32257   -0.94913
88.00000   344.00000   0.05838   -1.07599
8.00000   360.00000   -0.33626   -0.95968
24.00000   360.00000   -0.30333   -1.21044
40.00000   360.00000   -0.69371   -1.00612
56.00000   360.00000   -0.22822   -0.87654
72.00000   360.00000   -0.19804   -0.82613
88.00000   360.00000   0.04588   -0.83314
8.00000   376.00000   -0.20134   -0.96937
24.00000   376.00000   -0.41577   -0.90027
40.00000   376.00000   -0.80958   -0.97708
56.00000   376.00000   -0.58307   -1.04007
72.00000   376.00000   -0.17764   -0.87673
88.00000   376.00000   -0.09839   -0.87673
8.00000   392.00000   -0.28074   -1.05783
24.00000   392.00000   -0.61354   -0.94855
40.00000   392.00000   -0.67154   -0.93899
56.00000   392.00000   -0.25323   -1.14364
72.00000   392.00000   -0.04894   -1.09807
88.00000   392.00000   -0.14967   -0.90163
8.00000   408.00000   -0.62706   -0.92423
24.00000   408.00000   -0.35738   -0.95713
40.00000   408.00000   -0.62024   -0.93403
56.00000   408.00000   -0.48730   -1.05377
72.00000   408.00000   -0.21919   -0.92510
88.00000   408.00000   0.12082   -0.91183
8.00000   424.00000   -0.06178   -1.04928
24.00000   424.00000   -0.55991   -0.97163
40.00000   424.00000   -0.68865   -0.90800
56.00000   424.00000   -0.10949   -1.07920
72.00000   424.00000   -0.08340   -1.10428
88.00000   424.00000   -0.17327   -1.00581
8.00000   440.00000   -0.30847   -1.06656
24.00000   440.00000   -0.56938   -1.25082
40.00000   440.00000   -0.70882   -1.05435
56.00000   440.00000   -0.06621   -1.11210
72.00000   440.00000   -0.10662   -1.00097
88.00000   440.00000   -0.05690   -0.93212
8.00000   456.00000   -0.78907   -1.08410
24.00000   456.00000   -0.59813   -1.15555
40.00000   456.00000   -0.53996   -1.17908
56.00000   456.00000   -0.33418   -1.03528
72.00000   456.00000   -0.27701   -1.04685
88.00000   456.00000   -0.28225   -1.07775
8.00000   472.00000   -0.60702   -1.09325
24.00000   472.00000   -0.75950   -1.01146
40.00000   472.00000   -0.24647   -1.06854
56.00000   472.00000   -0.57500   -1.22040
72.00000   472.00000   -0.56873   -1.09233
88.00000   472.00000   -0.08363   -1.12243
8.00000   488.00000   -0.21657   -1.35591
24.00000   488.00000   -0.25825   -1.23641
40.00000   488.00000   -0.54499   -1.09340
56.00000   488.00000   -0.62467   -1.15321
72.00000   488.00000   -0.57973   -1.15821
88.00000   488.00000   -0.45502   -1.14201
8.00000   504.00000   -0.63960   -1.13593
24.00000   504.00000   -0.64891   -1.21507
40.00000   504.00000   -0.59781   -1.02519
56.00000   504.00000   -0.32682   -1.21492
72.00000   504.00000   -0.64650   -1.13486
88.00000   504.00000   -0.37618   -1.25070
8.00000   520.00000   -0.63063   -1.05998
24.00000   520.00000   -0.64324   -1.22769
40.00000   520.00000   -0.24006   -1.13718
56.00000   520.00000   -0.54187   -1.16344
72.00000   520.00000   -0.61369   -1.15592
88.00000   520.00000   -0.23838   -1.19543
8.00000   536.00000   -0.17829   -1.13073
24.00000   536.00000   -0.23454   -1.16220
40.00000   536.00000   -0.38356   -1.16636
56.00000   536.00000   -0.07559   -1.26337
72.00000   536.00000   -0.41015   -1.27691
88.00000   536.00000   -0.18498   -1.24125
