# image 74 and 75 x,y,u,v
8.00000   8.00000   -0.68033   -0.95780
24.00000   8.00000   -0.25177   -0.96172
40.00000   8.00000   0.06700   -1.10390
56.00000   8.00000   0.24499   -1.05344
72.00000   8.00000   0.06142   -1.08286
88.00000   8.00000   -0.17010   -0.93325
8.00000   24.00000   -0.41370   -0.90301
24.00000   24.00000   -0.27150   -0.95936
40.00000   24.00000   0.02492   -1.10035
56.00000   24.00000   0.13690   -1.12196
72.00000   24.00000   -0.36887   -1.05689
88.00000   24.00000   -0.11400   -1.04037
8.00000   40.00000   -0.39775   -0.96461
24.00000   40.00000   -0.13544   -1.08464
40.00000   40.00000   -0.18191   -1.02003
56.00000   40.00000   -0.22956   -1.04040
72.00000   40.00000   -0.31076   -0.96315
88.00000   40.00000   -0.38820   -0.99133
8.00000   56.00000   -0.34237   -1.06727
24.00000   56.00000   -0.16223   -1.13921
40.00000   56.00000   -0.16461   -1.15851
56.00000   56.00000   -0.13885   -0.93060
72.00000   56.00000   -0.15601   -0.88323
88.00000   56.00000   0.03118   -1.00892
8.00000   72.00000   -0.33176   -1.00412
24.00000   72.00000   -0.00743   -0.95897
40.00000   72.00000   0.01007   -1.10376
56.00000   72.00000   -0.19439   -1.12003
72.00000   72.00000   0.16379   -0.95730
88.00000   72.00000   -0.03628   -0.95774
8.00000   88.00000   -0.32538   -0.96453
24.00000   88.00000   0.28036   -1.20125
40.00000   88.00000   0.13605   -0.99273
56.00000   88.00000   -0.30229   -1.06307
72.00000   88.00000   -0.22455   -1.01579
88.00000   88.00000   -0.16180   -0.94184
8.00000   104.00000   0.01851   -1.06813
24.00000   104.00000   -0.09787   -0.93064
40.00000   104.00000   0.32612   -0.98954
56.00000   104.00000   -0.10059   -0.91870
72.00000   104.00000   -0.34106   -0.97697
88.00000   104.00000   -0.07974   -0.97493
8.00000   120.00000   -0.16053   -1.03032
24.00000   120.00000   -0.13583   -0.99638
40.00000   120.00000   -0.01657   -1.12056
56.00000   120.00000   0.04114   -1.15822
72.00000   120.00000   -0.30921   -1.04700
88.00000   120.00000   -0.14892   -0.91993
8.00000   136.00000   -0.04476   -0.94620
24.00000   136.00000   -0.17488   -1.27158
40.00000   136.00000   0.01630   -0.91030
56.00000   136.00000   -0.04401   -0.87366
72.00000   136.00000   -0.14453   -1.07462
88.00000   136.00000   -0.18593   -1.09899
8.00000   152.00000   -0.10841   -1.07447
24.00000   152.00000   0.03391   -1.04717
40.00000   152.00000   -0.18418   -1.03053
56.00000   152.00000   0.20598   -1.06374
72.00000   152.00000   0.00634   -1.06816
88.00000   152.00000   -0.01560   -1.10212
8.00000   168.00000   0.04073   -0.90706
24.00000   168.00000   0.38100   -0.93824
40.00000   168.00000   -0.02594   -0.95968
56.00000   168.00000   -0.19670   -1.00624
72.00000   168.00000   -0.19504   -1.02323
88.00000   168.00000   0.03970   -1.08989
8.00000   184.00000   0.07515   -0.90698
24.00000   184.00000   -0.27396   -0.88159
40.00000   184.00000   -0.05956   -0.81495
56.00000   184.00000   -0.02031   -1.07500
72.00000   184.00000   0.07020   -1.05566
88.00000   184.00000   0.08407   -1.10302
8.00000   200.00000   -0.01881   -0.99860
24.00000   200.00000   -0.01814   -0.82994
40.00000   200.00000   -0.14030   -0.96693
56.00000   200.00000   0.20898   -1.05915
72.00000   200.00000   0.13516   -1.29167
88.00000   200.00000   0.01343   -1.08538
8.00000   216.00000   -0.17370   -1.06759
24.00000   216.00000   -0.34385   -1.02894
40.00000   216.00000   0.01238   -1.08068
56.00000   216.00000   -0.02875   -0.99562
72.00000   216.00000   0.31871   -1.06816
88.00000   216.00000   -0.15809   -0.91459
8.00000   232.00000   -0.14339   -1.04427
24.00000   232.00000   -0.32824   -1.05878
40.00000   232.00000   -0.17484   -1.13801
56.00000   232.00000   -0.03672   -1.18791
72.00000   232.00000   -0.14501   -0.88116
88.00000   232.00000   -0.22640   -0.88881
8.00000   248.00000   -0.03348   -1.01368
24.00000   248.00000   -0.14739   -1.17995
40.00000   248.00000   0.32838   -0.93233
56.00000   248.00000   0.20575   -0.92203
72.00000   248.00000   -0.53981   -1.02396
88.00000   248.00000   -0.07534   -0.78302
8.00000   264.00000   -0.14217   -1.12920
24.00000   264.00000   -0.21738   -1.05897
40.00000   264.00000   0.35335   -0.98848
56.00000   264.00000   -0.00373   -0.91053
72.00000   264.00000   -0.29456   -0.82058
88.00000   264.00000   -0.34655   -0.86504
8.00000   280.00000   -0.24916   -1.09371
24.00000   280.00000   -0.16433   -0.94335
40.00000   280.00000   0.07823   -1.07261
56.00000   280.00000   -0.20076   -0.77351
72.00000   280.00000   -0.01412   -0.87677
88.00000   280.00000   -0.20379   -0.95556
8.00000   296.00000   -0.04857   -1.05361
24.00000   296.00000   -0.22756   -1.01222
40.00000   296.00000   -0.00873   -0.93757
56.00000   296.00000   -0.28189   -0.72548
72.00000   296.00000   -0.11334   -0.96000
88.00000   296.00000   -0.40778   -0.92717
8.00000   312.00000   -0.04418   -1.06916
24.00000   312.00000   -0.17828   -0.97398
40.00000   312.00000   -0.18846   -0.79276
56.00000   312.00000   -0.49122   -1.08099
72.00000   312.00000   -0.22487   -0.84208
88.00000   312.00000   0.01180   -0.93200
8.00000   328.00000   -0.06795   -0.92344
24.00000   328.00000   -0.23056   -1.08172
40.00000   328.00000   -0.72323   -1.11014
56.00000   328.00000   -0.24502   -0.97428
72.00000   328.00000   -0.18927   -0.97427
88.00000   328.00000   -0.07828   -1.05690
8.00000   344.00000   -0.00123   -0.89447
24.00000   344.00000   -0.53135   -1.03668
40.00000   344.00000   -0.70769   -0.88039
56.00000   344.00000   -0.23769   -0.95424
72.00000   344.00000   -0.22977   -0.85095
88.00000   344.00000   0.05481   -0.89703
8.00000   360.00000   -0.07385   -1.01048
24.00000   360.00000   -0.08946   -0.87765
40.00000   360.00000   -0.52168   -0.91747
56.00000   360.00000   -0.57864   -0.79126
72.00000   360.00000   -0.39423   -0.77922
88.00000   360.00000   0.07221   -0.85382
8.00000   376.00000   -0.09507   -0.99589
24.00000   376.00000   -0.70202   -0.94495
40.00000   376.00000   -0.73241   -0.74301
56.00000   376.00000   -0.37731   -0.95743
72.00000   376.00000   -0.17477   -1.03338
88.00000   376.00000   -0.13958   -0.92540
8.00000   392.00000   -0.31251   -0.96076
24.00000   392.00000   -0.27857   -0.86792
40.00000   392.00000   -0.80530   -0.92535
56.00000   392.00000   -0.35043   -1.01041
72.00000   392.00000   -0.56565   -0.84428
88.00000   392.00000   -0.09015   -0.91519
8.00000   408.00000   -0.53764   -1.07270
24.00000   408.00000   -0.27926   -0.89960
40.00000   408.00000   -0.66169   -1.03752
56.00000   408.00000   0.17807   -0.90258
72.00000   408.00000   -0.45137   -0.99939
88.00000   408.00000   -0.03548   -0.99232
8.00000   424.00000   -0.43721   -0.95799
24.00000   424.00000   -0.55656   -1.09811
40.00000   424.00000   -0.58748   -1.07490
56.00000   424.00000   -0.24883   -1.14423
72.00000   424.00000   -0.14570   -1.06054
88.00000   424.00000   -0.13640   -1.12277
8.00000   440.00000   -0.19822   -0.97006
24.00000   440.00000   -0.54373   -0.97640
40.00000   440.00000   -0.45515   -1.09137
56.00000   440.00000   -0.44198   -1.29568
72.00000   440.00000   -0.21726   -1.09124
88.00000   440.00000   0.09251   -1.06907
8.00000   456.00000   -0.65214   -1.12373
24.00000   456.00000   -0.59612   -0.90068
40.00000   456.00000   -0.65045   -1.17070
56.00000   456.00000   -0.29077   -1.19567
72.00000   456.00000   -0.36194   -1.07664
88.00000   456.00000   -0.22971   -0.90362
8.00000   472.00000   -0.77377   -1.03286
24.00000   472.00000   -0.78813   -0.91862
40.00000   472.00000   -0.56382   -1.15275
56.00000   472.00000   -0.56946   -1.32821
72.00000   472.00000   -0.36330   -1.07350
88.00000   472.00000   -0.13873   -1.03503
8.00000   488.00000   -0.54664   -1.14710
24.00000   488.00000   -0.21240   -0.83355
40.00000   488.00000   -0.43060   -1.13807
56.00000   488.00000   -0.39941   -1.16067
72.00000   488.00000   -0.21359   -1.05236
88.00000   488.00000   -0.46432   -1.01804
8.00000   504.00000   -0.49180   -1.21863
24.00000   504.00000   -0.45792   -1.03761
40.00000   504.00000   -0.51926   -1.17139
56.00000   504.00000   -0.54177   -1.19522
72.00000   504.00000   -0.42483   -1.12063
88.00000   504.00000   -0.03677   -1.15331
8.00000   520.00000   -0.36624   -1.18390
24.00000   520.00000   -0.64192   -1.12178
40.00000   520.00000   0.02729   -1.10304
56.00000   520.00000   -0.60163   -1.03624
72.00000   520.00000   -0.58994   -1.25419
88.00000   520.00000   -0.14952   -1.15381
8.00000   536.00000   -0.66483   -0.79003
24.00000   536.00000   -0.62577   -1.01470
40.00000   536.00000   -0.60599   -1.31157
56.00000   536.00000   -0.24453   -1.27476
72.00000   536.00000   -0.51368   -1.39879
88.00000   536.00000   -0.13692   -1.27878
