# image 8 and 9 x,y,u,v
8.00000   8.00000   -0.73407   -0.95739
24.00000   8.00000   -0.26962   -1.08528
40.00000   8.00000   -0.06876   -1.08119
56.00000   8.00000   0.06133   -1.08900
72.00000   8.00000   -0.01112   -1.02566
88.00000   8.00000   -0.06335   -0.93366
8.00000   24.00000   -0.44518   -0.99342
24.00000   24.00000   -0.06817   -1.04871
40.00000   24.00000   -0.02756   -1.07207
56.00000   24.00000   -0.16414   -1.04488
72.00000   24.00000   -0.29544   -0.96991
88.00000   24.00000   0.03472   -0.90490
8.00000   40.00000   -0.38346   -1.04351
24.00000   40.00000   -0.13027   -1.06373
40.00000   40.00000   -0.44462   -1.11291
56.00000   40.00000   -0.20945   -1.04509
72.00000   40.00000   -0.16881   -1.10961
88.00000   40.00000   -0.14801   -1.01734
8.00000   56.00000   -0.38394   -1.00544
24.00000   56.00000   0.05021   -1.25941
40.00000   56.00000   0.08963   -0.89158
56.00000   56.00000   0.00577   -1.03748
72.00000   56.00000   -0.22017   -1.05240
88.00000   56.00000   -0.33050   -0.89597
8.00000   72.00000   -0.11508   -1.08641
24.00000   72.00000   -0.10559   -1.03657
40.00000   72.00000   0.14200   -0.89987
56.00000   72.00000   -0.21843   -0.98912
72.00000   72.00000   -0.04263   -1.02502
88.00000   72.00000   -0.23435   -1.05638
8.00000   88.00000   -0.22882   -0.89167
24.00000   88.00000   0.07795   -0.92658
40.00000   88.00000   0.11516   -0.98400
56.00000   88.00000   -0.05715   -0.89542
72.00000   88.00000   0.08909   -0.92415
88.00000   88.00000   -0.04013   -0.89177
8.00000   104.00000   -0.34333   -1.04401
24.00000   104.00000   -0.00946   -1.09732
40.00000   104.00000   -0.14156   -0.99169
56.00000   104.00000   -0.04472   -0.84651
72.00000   104.00000   -0.16937   -0.95277
88.00000   104.00000   -0.01814   -0.87114
8.00000   120.00000   -0.24118   -1.01515
24.00000   120.00000   -0.13129   -1.05527
40.00000   120.00000   -0.13373   -1.07342
56.00000   120.00000   -0.21013   -0.98057
72.00000   120.00000   -0.13288   -0.92018
88.00000   120.00000   -0.08276   -0.90795
8.00000   136.00000   0.02481   -1.13053
24.00000   136.00000   0.04990   -0.98617
40.00000   136.00000   -0.20866   -0.93714
56.00000   136.00000   0.15882   -1.16086
72.00000   136.00000   -0.32759   -1.05428
88.00000   136.00000   -0.06433   -0.91526
8.00000   152.00000   0.15513   -1.15331
24.00000   152.00000   -0.35015   -0.91699
40.00000   152.00000   -0.34745   -1.04678
56.00000   152.00000   -0.24186   -0.86428
72.00000   152.00000   -0.03193   -0.93885
88.00000   152.00000   0.04377   -1.19640
8.00000   168.00000   -0.21735   -1.16358
24.00000   168.00000   -0.16729   -1.00850
40.00000   168.00000   -0.07212   -0.92487
56.00000   168.00000   -0.30117   -0.97460
72.00000   168.00000   -0.01441   -1.13112
88.00000   168.00000   -0.08445   -1.21549
8.00000   184.00000   -0.11660   -0.97450
24.00000   184.00000   -0.02111   -1.10131
40.00000   184.00000   -0.10913   -1.14072
56.00000   184.00000   -0.17035   -0.98615
72.00000   184.00000   -0.05181   -1.02450
88.00000   184.00000   -0.07548   -0.99189
8.00000   200.00000   -0.24109   -1.08206
24.00000   200.00000   0.08627   -0.98613
40.00000   200.00000   0.20687   -1.12584
56.00000   200.00000   0.06786   -1.03104
72.00000   200.00000   -0.17200   -1.02596
88.00000   200.00000   -0.14305   -0.84208
8.00000   216.00000   -0.14847   -1.12678
24.00000   216.00000   0.08627   -0.96381
40.00000   216.00000   0.01709   -1.00862
56.00000   216.00000   0.19415   -0.92297
72.00000   216.00000   -0.14080   -0.94495
88.00000   216.00000   -0.13277   -1.06321
8.00000   232.00000   -0.00386   -0.96555
24.00000   232.00000   0.00834   -0.90532
40.00000   232.00000   -0.20090   -1.08366
56.00000   232.00000   -0.06815   -1.04112
72.00000   232.00000   -0.00930   -1.07113
88.00000   232.00000   -0.04658   -1.06023
8.00000   248.00000   0.04334   -1.09473
24.00000   248.00000   0.33864   -0.98054
40.00000   248.00000   0.13677   -0.84086
56.00000   248.00000   0.25733   -0.84754
72.00000   248.00000   -0.22877   -1.04176
88.00000   248.00000   -0.35925   -1.06770
8.00000   264.00000   -0.16567   -0.96686
24.00000   264.00000   -0.22259   -1.14434
40.00000   264.00000   0.00718   -0.94052
56.00000   264.00000   -0.02115   -0.94381
72.00000   264.00000   -0.28346   -0.94958
88.00000   264.00000   -0.14903   -1.07883
8.00000   280.00000   -0.05362   -1.14495
24.00000   280.00000   0.17590   -1.13153
40.00000   280.00000   -0.26168   -1.05426
56.00000   280.00000   0.12753   -0.95035
72.00000   280.00000   -0.03807   -0.88492
88.00000   280.00000   -0.50859   -1.00297
8.00000   296.00000   0.09297   -1.03591
24.00000   296.00000   0.15000   -1.01699
40.00000   296.00000   0.16468   -1.02553
56.00000   296.00000   -0.65674   -0.89768
72.00000   296.00000   -0.18199   -0.78708
88.00000   296.00000   -0.19794   -0.89906
8.00000   312.00000   -0.07791   -1.10657
24.00000   312.00000   -0.12705   -1.14256
40.00000   312.00000   -0.17992   -0.95214
56.00000   312.00000   -0.22249   -1.05875
72.00000   312.00000   -0.11102   -0.98126
88.00000   312.00000   0.21686   -0.95699
8.00000   328.00000   0.01488   -1.06178
24.00000   328.00000   -0.19877   -0.85917
40.00000   328.00000   -0.47264   -1.09205
56.00000   328.00000   -0.61020   -1.06838
72.00000   328.00000   -0.10150   -0.92273
88.00000   328.00000   0.05183   -0.95872
8.00000   344.00000   -0.07206   -0.96975
24.00000   344.00000   0.03195   -1.09396
40.00000   344.00000   -0.64973   -1.01260
56.00000   344.00000   -0.54812   -0.92224
72.00000   344.00000   -0.14909   -0.90524
88.00000   344.00000   0.17543   -0.88115
8.00000   360.00000   -0.18428   -1.09528
24.00000   360.00000   0.02275   -0.98995
40.00000   360.00000   -0.25514   -1.04983
56.00000   360.00000   -0.49420   -0.80365
72.00000   360.00000   0.04930   -0.84678
88.00000   360.00000   0.02106   -0.75555
8.00000   376.00000   -0.00515   -1.05562
24.00000   376.00000   -0.73004   -0.91266
40.00000   376.00000   -0.34291   -1.04562
56.00000   376.00000   -0.70085   -0.85860
72.00000   376.00000   0.01142   -0.82418
88.00000   376.00000   -0.07409   -0.84067
8.00000   392.00000   -0.38691   -1.04882
24.00000   392.00000   -0.19280   -0.98898
40.00000   392.00000   -0.77930   -1.01880
56.00000   392.00000   -0.67306   -1.14120
72.00000   392.00000   -0.01208   -1.01664
88.00000   392.00000   -0.08010   -1.00651
8.00000   408.00000   -0.18696   -0.97736
24.00000   408.00000   -0.70139   -1.01664
40.00000   408.00000   -0.70297   -0.98827
56.00000   408.00000   -0.50051   -1.14707
72.00000   408.00000   -0.37003   -1.10254
88.00000   408.00000   0.00062   -1.30717
8.00000   424.00000   -0.12009   -0.85461
24.00000   424.00000   -0.27208   -0.89344
40.00000   424.00000   -0.30024   -1.14161
56.00000   424.00000   -0.29518   -0.98821
72.00000   424.00000   -0.20780   -1.10357
88.00000   424.00000   -0.04863   -1.12168
8.00000   440.00000   -0.38742   -0.99340
24.00000   440.00000   -0.74644   -1.02156
40.00000   440.00000   -0.40543   -1.08961
56.00000   440.00000   -0.05073   -0.99691
72.00000   440.00000   -0.26524   -1.08100
88.00000   440.00000   0.03765   -1.01934
8.00000   456.00000   -0.69720   -0.95480
24.00000   456.00000   -0.38332   -1.11736
40.00000   456.00000   -0.51950   -1.09026
56.00000   456.00000   -0.15649   -1.05805
72.00000   456.00000   -0.29985   -1.09648
88.00000   456.00000   -0.08061   -0.91737
8.00000   472.00000   -0.64352   -1.09330
24.00000   472.00000   -0.61329   -0.91070
40.00000   472.00000   -0.60770   -1.04792
56.00000   472.00000   -0.20204   -1.11829
72.00000   472.00000   -0.29004   -0.97855
88.00000   472.00000   -0.01469   -1.18502
8.00000   488.00000   -0.33348   -0.99171
24.00000   488.00000   -0.40567   -0.90074
40.00000   488.00000   -0.04173   -1.25111
56.00000   488.00000   -0.32303   -1.03790
72.00000   488.00000   -0.26956   -1.18972
88.00000   488.00000   -0.13781   -1.08479
8.00000   504.00000   -0.69380   -1.03562
24.00000   504.00000   -0.42883   -1.28081
40.00000   504.00000   -0.61226   -1.22914
56.00000   504.00000   -0.34937   -1.26667
72.00000   504.00000   -0.07022   -1.19227
88.00000   504.00000   -0.13524   -1.12660
8.00000   520.00000   -0.52727   -0.96538
24.00000   520.00000   -0.25154   -1.25768
40.00000   520.00000   -0.28523   -1.31454
56.00000   520.00000   -0.26739   -1.22011
72.00000   520.00000   -0.11597   -1.21145
88.00000   520.00000   -0.24204   -1.08440
8.00000   536.00000   -0.63243   -1.11662
24.00000   536.00000   -0.67650   -1.08271
40.00000   536.00000   -0.21134   -1.27674
56.00000   536.00000   -0.64281   -1.37465
72.00000   536.00000   -0.26103   -1.28958
88.00000   536.00000   -0.36038   -1.21772
