# image 73 and 74 x,y,u,v
8.00000   8.00000   -0.67307   -0.98873
24.00000   8.00000   -0.27097   -0.93505
40.00000   8.00000   0.21277   -1.02815
56.00000   8.00000   0.14534   -1.13560
72.00000   8.00000   0.02191   -0.98976
88.00000   8.00000   -0.05691   -0.95710
8.00000   24.00000   -0.54134   -1.02970
24.00000   24.00000   -0.34169   -1.03075
40.00000   24.00000   -0.01048   -1.12010
56.00000   24.00000   0.07878   -1.00442
72.00000   24.00000   -0.26283   -0.98124
88.00000   24.00000   -0.25844   -1.04280
8.00000   40.00000   -0.44542   -1.10751
24.00000   40.00000   -0.21612   -1.12610
40.00000   40.00000   -0.20690   -1.13322
56.00000   40.00000   -0.31507   -0.99511
72.00000   40.00000   -0.17069   -0.91409
88.00000   40.00000   -0.38070   -0.90177
8.00000   56.00000   -0.29716   -1.22743
24.00000   56.00000   -0.03956   -1.06315
40.00000   56.00000   -0.05887   -1.08327
56.00000   56.00000   -0.08714   -0.95453
72.00000   56.00000   -0.13047   -0.96831
88.00000   56.00000   0.06138   -1.00841
8.00000   72.00000   -0.35314   -1.11901
24.00000   72.00000   0.02882   -1.11712
40.00000   72.00000   -0.04916   -1.03710
56.00000   72.00000   -0.22056   -1.02177
72.00000   72.00000   -0.08143   -0.99538
88.00000   72.00000   0.01454   -0.88751
8.00000   88.00000   -0.32824   -0.91339
24.00000   88.00000   0.04270   -0.98265
40.00000   88.00000   0.12336   -1.02495
56.00000   88.00000   -0.37070   -0.98172
72.00000   88.00000   -0.16953   -0.91598
88.00000   88.00000   -0.10944   -1.00382
8.00000   104.00000   -0.29660   -1.01746
24.00000   104.00000   -0.06189   -1.08002
40.00000   104.00000   0.12977   -1.02472
56.00000   104.00000   -0.14449   -0.99639
72.00000   104.00000   -0.29784   -0.98196
88.00000   104.00000   -0.12331   -0.96592
8.00000   120.00000   -0.17730   -1.02164
24.00000   120.00000   -0.00633   -1.18510
40.00000   120.00000   -0.08345   -1.02776
56.00000   120.00000   0.04078   -1.04617
72.00000   120.00000   -0.19713   -1.01009
88.00000   120.00000   -0.16318   -0.92874
8.00000   136.00000   -0.23844   -1.03565
24.00000   136.00000   0.01645   -1.21270
40.00000   136.00000   -0.18818   -1.10556
56.00000   136.00000   0.00666   -1.03761
72.00000   136.00000   -0.13842   -1.01506
88.00000   136.00000   -0.14265   -1.15480
8.00000   152.00000   0.04576   -1.06022
24.00000   152.00000   -0.10568   -0.98708
40.00000   152.00000   -0.15995   -0.95224
56.00000   152.00000   0.17348   -1.05613
72.00000   152.00000   0.00489   -1.04666
88.00000   152.00000   -0.01733   -1.17382
8.00000   168.00000   -0.07155   -1.02986
24.00000   168.00000   0.23547   -1.01626
40.00000   168.00000   -0.04815   -1.03125
56.00000   168.00000   -0.22481   -1.01368
72.00000   168.00000   -0.22609   -1.02387
88.00000   168.00000   0.08243   -1.02836
8.00000   184.00000   0.06038   -1.04170
24.00000   184.00000   -0.22792   -0.89323
40.00000   184.00000   -0.06290   -0.86765
56.00000   184.00000   -0.08733   -1.15340
72.00000   184.00000   -0.03678   -1.13583
88.00000   184.00000   0.06926   -1.12965
8.00000   200.00000   -0.06195   -1.01321
24.00000   200.00000   -0.08865   -0.92847
40.00000   200.00000   0.25162   -0.93915
56.00000   200.00000   0.10148   -0.94857
72.00000   200.00000   0.10832   -1.11947
88.00000   200.00000   0.02171   -1.04648
8.00000   216.00000   -0.23079   -1.04241
24.00000   216.00000   -0.25790   -0.96660
40.00000   216.00000   0.03175   -0.93578
56.00000   216.00000   -0.23499   -0.89589
72.00000   216.00000   0.12485   -0.92581
88.00000   216.00000   -0.09979   -0.81172
8.00000   232.00000   -0.04965   -1.12302
24.00000   232.00000   -0.18472   -1.00484
40.00000   232.00000   0.06214   -1.18349
56.00000   232.00000   -0.07810   -1.14741
72.00000   232.00000   -0.05935   -0.93057
88.00000   232.00000   -0.20062   -0.84038
8.00000   248.00000   -0.12370   -1.09774
24.00000   248.00000   -0.03568   -1.20087
40.00000   248.00000   0.50991   -1.05748
56.00000   248.00000   0.25655   -1.02943
72.00000   248.00000   -0.28103   -0.83661
88.00000   248.00000   -0.08540   -0.90356
8.00000   264.00000   -0.13849   -1.01868
24.00000   264.00000   -0.28154   -0.98628
40.00000   264.00000   0.13933   -0.97369
56.00000   264.00000   0.30884   -0.85093
72.00000   264.00000   -0.61798   -0.82814
88.00000   264.00000   -0.26058   -0.79371
8.00000   280.00000   -0.07774   -1.18322
24.00000   280.00000   -0.15798   -1.08736
40.00000   280.00000   0.15659   -1.21289
56.00000   280.00000   0.03173   -0.82749
72.00000   280.00000   -0.20010   -1.01853
88.00000   280.00000   -0.21435   -0.86203
8.00000   296.00000   -0.03708   -1.03811
24.00000   296.00000   -0.26775   -1.08628
40.00000   296.00000   -0.29304   -1.06624
56.00000   296.00000   -0.16567   -0.79756
72.00000   296.00000   -0.22079   -1.12512
88.00000   296.00000   -0.37851   -0.96325
8.00000   312.00000   0.01459   -1.13992
24.00000   312.00000   0.49277   -1.09932
40.00000   312.00000   -0.09513   -0.79413
56.00000   312.00000   -0.59505   -0.94489
72.00000   312.00000   -0.12369   -0.86499
88.00000   312.00000   -0.00513   -0.97845
8.00000   328.00000   0.05001   -0.98441
24.00000   328.00000   -0.22618   -1.04866
40.00000   328.00000   -0.69437   -0.99397
56.00000   328.00000   -0.33635   -0.95340
72.00000   328.00000   -0.28906   -0.99581
88.00000   328.00000   -0.01112   -0.94165
8.00000   344.00000   -0.04478   -1.14241
24.00000   344.00000   -0.41379   -0.87003
40.00000   344.00000   -0.71251   -1.03888
56.00000   344.00000   -0.09675   -0.95389
72.00000   344.00000   -0.24180   -0.83999
88.00000   344.00000   0.01525   -1.00116
8.00000   360.00000   -0.16459   -0.92360
24.00000   360.00000   -0.26390   -1.02275
40.00000   360.00000   -0.53340   -0.91126
56.00000   360.00000   -0.35002   -0.76925
72.00000   360.00000   -0.41518   -0.95661
88.00000   360.00000   0.25001   -0.98531
8.00000   376.00000   -0.12461   -1.16347
24.00000   376.00000   -0.63594   -0.92506
40.00000   376.00000   -0.81042   -0.97936
56.00000   376.00000   -0.43507   -1.05650
72.00000   376.00000   -0.15688   -0.91830
88.00000   376.00000   -0.09413   -0.94500
8.00000   392.00000   -0.50399   -1.03849
24.00000   392.00000   -0.51935   -0.94181
40.00000   392.00000   -0.74782   -0.94443
56.00000   392.00000   -0.41533   -1.04159
72.00000   392.00000   -0.31740   -0.82441
88.00000   392.00000   -0.12511   -0.92441
8.00000   408.00000   -0.51587   -1.02263
24.00000   408.00000   -0.43154   -0.88132
40.00000   408.00000   -0.69051   -1.02982
56.00000   408.00000   -0.13606   -0.94938
72.00000   408.00000   -0.11984   -1.06202
88.00000   408.00000   -0.05232   -1.00942
8.00000   424.00000   -0.18310   -0.77861
24.00000   424.00000   -0.62274   -0.95831
40.00000   424.00000   -0.62480   -1.16302
56.00000   424.00000   -0.08757   -1.01314
72.00000   424.00000   -0.07006   -1.04986
88.00000   424.00000   -0.22888   -1.00024
8.00000   440.00000   -0.33344   -0.97062
24.00000   440.00000   -0.59962   -1.21725
40.00000   440.00000   -0.50896   -1.08485
56.00000   440.00000   -0.62171   -1.01302
72.00000   440.00000   -0.28671   -1.08860
88.00000   440.00000   0.06876   -1.23435
8.00000   456.00000   -0.55520   -1.13002
24.00000   456.00000   -0.28673   -0.97001
40.00000   456.00000   -0.76159   -1.17568
56.00000   456.00000   -0.19902   -1.19831
72.00000   456.00000   -0.46923   -1.13105
88.00000   456.00000   -0.32611   -0.99391
8.00000   472.00000   -0.85915   -1.06310
24.00000   472.00000   -0.59324   -1.03811
40.00000   472.00000   -0.67526   -1.05485
56.00000   472.00000   -0.23267   -1.18903
72.00000   472.00000   -0.35347   -1.08733
88.00000   472.00000   -0.05023   -1.13421
8.00000   488.00000   -0.61461   -1.32816
24.00000   488.00000   -0.15867   -1.07886
40.00000   488.00000   -0.67515   -1.13848
56.00000   488.00000   -0.37670   -1.08460
72.00000   488.00000   -0.23511   -1.11456
88.00000   488.00000   -0.49704   -1.11866
8.00000   504.00000   -0.38732   -1.07950
24.00000   504.00000   -0.39955   -1.05287
40.00000   504.00000   -0.22058   -1.22661
56.00000   504.00000   -0.52681   -0.98322
72.00000   504.00000   -0.49615   -1.07265
88.00000   504.00000   -0.23965   -1.22523
8.00000   520.00000   -0.28496   -1.07537
24.00000   520.00000   -0.66671   -1.05285
40.00000   520.00000   0.09974   -1.19150
56.00000   520.00000   -0.67818   -1.13514
72.00000   520.00000   -0.63959   -1.25000
88.00000   520.00000   -0.18680   -1.20518
8.00000   536.00000   -0.91882   -1.14086
24.00000   536.00000   -0.52821   -1.26476
40.00000   536.00000   -0.52087   -1.37829
56.00000   536.00000   -0.24885   -1.35886
72.00000   536.00000   -0.47122   -1.18740
88.00000   536.00000   -0.17645   -1.14153
