# image 13 and 14 x,y,u,v
8.00000   8.00000   -0.57848   -1.02355
24.00000   8.00000   -0.20678   -1.03508
40.00000   8.00000   0.00563   -1.23811
56.00000   8.00000   -0.06552   -1.16373
72.00000   8.00000   -0.13452   -1.02791
88.00000   8.00000   -0.11660   -0.99651
8.00000   24.00000   -0.50863   -0.99125
24.00000   24.00000   -0.18578   -1.06044
40.00000   24.00000   -0.07513   -1.09158
56.00000   24.00000   -0.07215   -1.01760
72.00000   24.00000   -0.18742   -1.03485
88.00000   24.00000   -0.08735   -0.91950
8.00000   40.00000   -0.44330   -1.06940
24.00000   40.00000   -0.22266   -1.09479
40.00000   40.00000   -0.02432   -1.11399
56.00000   40.00000   -0.09092   -1.03769
72.00000   40.00000   -0.35376   -0.88983
88.00000   40.00000   -0.40789   -0.97152
8.00000   56.00000   -0.29516   -0.98266
24.00000   56.00000   -0.11471   -1.12538
40.00000   56.00000   -0.06514   -0.93356
56.00000   56.00000   -0.11702   -1.15634
72.00000   56.00000   -0.22566   -0.88840
88.00000   56.00000   -0.29596   -0.90602
8.00000   72.00000   -0.13934   -1.09198
24.00000   72.00000   0.00362   -1.00933
40.00000   72.00000   -0.10377   -0.90450
56.00000   72.00000   0.06829   -0.89164
72.00000   72.00000   -0.06954   -0.99000
88.00000   72.00000   -0.01858   -0.92560
8.00000   88.00000   -0.29365   -0.85369
24.00000   88.00000   -0.04640   -1.03079
40.00000   88.00000   -0.22059   -0.89029
56.00000   88.00000   -0.01180   -1.10461
72.00000   88.00000   -0.10649   -1.06142
88.00000   88.00000   0.06687   -0.95051
8.00000   104.00000   -0.29893   -1.03998
24.00000   104.00000   -0.07114   -1.04543
40.00000   104.00000   -0.08970   -1.07755
56.00000   104.00000   -0.06840   -1.03746
72.00000   104.00000   -0.03212   -0.91648
88.00000   104.00000   -0.14114   -0.99060
8.00000   120.00000   -0.22208   -1.06304
24.00000   120.00000   -0.03716   -1.08399
40.00000   120.00000   -0.19202   -1.11967
56.00000   120.00000   -0.18000   -1.15695
72.00000   120.00000   -0.08681   -0.93880
88.00000   120.00000   -0.05220   -1.02899
8.00000   136.00000   0.02013   -1.08476
24.00000   136.00000   0.05139   -1.20110
40.00000   136.00000   -0.19895   -0.97346
56.00000   136.00000   -0.61110   -1.05036
72.00000   136.00000   -0.16710   -1.00842
88.00000   136.00000   -0.13241   -1.03657
8.00000   152.00000   0.01467   -1.13008
24.00000   152.00000   -0.45380   -0.92762
40.00000   152.00000   -0.24205   -1.06746
56.00000   152.00000   -0.20595   -1.09199
72.00000   152.00000   -0.02270   -0.98049
88.00000   152.00000   -0.10603   -1.10010
8.00000   168.00000   -0.13385   -0.96964
24.00000   168.00000   -0.25762   -0.89563
40.00000   168.00000   0.02953   -1.00207
56.00000   168.00000   -0.28702   -0.99862
72.00000   168.00000   0.03236   -1.17479
88.00000   168.00000   -0.20242   -1.09730
8.00000   184.00000   -0.32403   -0.95775
24.00000   184.00000   -0.11597   -1.00486
40.00000   184.00000   -0.08519   -1.05934
56.00000   184.00000   -0.00744   -1.03409
72.00000   184.00000   0.06574   -1.11585
88.00000   184.00000   -0.10319   -1.03483
8.00000   200.00000   -0.04969   -1.03717
24.00000   200.00000   0.13575   -1.04268
40.00000   200.00000   -0.17465   -0.96672
56.00000   200.00000   -0.15328   -1.00312
72.00000   200.00000   -0.21248   -1.07935
88.00000   200.00000   -0.01997   -1.06613
8.00000   216.00000   -0.11547   -0.95009
24.00000   216.00000   -0.03240   -1.07487
40.00000   216.00000   -0.02718   -0.99658
56.00000   216.00000   -0.09087   -0.83722
72.00000   216.00000   -0.03663   -1.01378
88.00000   216.00000   -0.01705   -1.13863
8.00000   232.00000   -0.05735   -1.00669
24.00000   232.00000   0.11535   -0.84969
40.00000   232.00000   -0.44602   -1.08728
56.00000   232.00000   0.13781   -0.94302
72.00000   232.00000   -0.01529   -0.99017
88.00000   232.00000   -0.11030   -0.99784
8.00000   248.00000   -0.08261   -1.00642
24.00000   248.00000   -0.09161   -0.94471
40.00000   248.00000   0.18412   -0.91778
56.00000   248.00000   0.24834   -1.02968
72.00000   248.00000   -0.40611   -1.01313
88.00000   248.00000   -0.43170   -0.98965
8.00000   264.00000   -0.20888   -0.98257
24.00000   264.00000   0.26373   -1.04812
40.00000   264.00000   -0.13888   -0.92858
56.00000   264.00000   -0.03881   -0.98376
72.00000   264.00000   -0.16860   -0.91957
88.00000   264.00000   -0.27479   -0.97954
8.00000   280.00000   -0.01875   -1.28268
24.00000   280.00000   0.03725   -1.06760
40.00000   280.00000   0.01225   -0.95226
56.00000   280.00000   0.12361   -1.01939
72.00000   280.00000   -0.29659   -0.91362
88.00000   280.00000   -0.55595   -1.07276
8.00000   296.00000   0.13345   -1.01512
24.00000   296.00000   -0.20907   -1.10448
40.00000   296.00000   -0.29611   -1.01728
56.00000   296.00000   -0.38075   -0.84824
72.00000   296.00000   -0.16023   -0.84643
88.00000   296.00000   -0.14985   -1.03998
8.00000   312.00000   -0.21168   -1.07827
24.00000   312.00000   -0.28358   -0.84789
40.00000   312.00000   -0.00121   -1.07631
56.00000   312.00000   -0.22344   -0.78565
72.00000   312.00000   -0.26077   -0.98527
88.00000   312.00000   -0.16187   -0.96056
8.00000   328.00000   -0.11796   -0.99724
24.00000   328.00000   -0.36505   -0.92628
40.00000   328.00000   -0.59452   -0.95843
56.00000   328.00000   -0.62946   -0.99555
72.00000   328.00000   -0.08974   -0.92706
88.00000   328.00000   0.00617   -0.77083
8.00000   344.00000   -0.07211   -1.01635
24.00000   344.00000   -0.00115   -1.11485
40.00000   344.00000   -0.64035   -0.93947
56.00000   344.00000   -0.60105   -0.84057
72.00000   344.00000   -0.10644   -1.04916
88.00000   344.00000   0.07487   -0.86552
8.00000   360.00000   -0.01972   -1.06922
24.00000   360.00000   -0.17149   -0.87274
40.00000   360.00000   -0.68661   -0.89579
56.00000   360.00000   -0.51188   -0.90021
72.00000   360.00000   -0.11164   -0.73566
88.00000   360.00000   0.04345   -0.81186
8.00000   376.00000   -0.03765   -1.05466
24.00000   376.00000   -0.12091   -0.87063
40.00000   376.00000   -0.05281   -0.84731
56.00000   376.00000   -0.78692   -0.92687
72.00000   376.00000   -0.22636   -0.84539
88.00000   376.00000   0.03113   -0.77605
8.00000   392.00000   -0.21901   -1.08507
24.00000   392.00000   -0.40532   -1.06972
40.00000   392.00000   -0.66630   -0.94268
56.00000   392.00000   -0.59328   -0.96332
72.00000   392.00000   -0.08949   -1.06086
88.00000   392.00000   -0.17784   -0.96370
8.00000   408.00000   -0.22974   -1.06343
24.00000   408.00000   -0.73145   -1.01012
40.00000   408.00000   -0.68209   -0.93367
56.00000   408.00000   -0.29539   -0.94387
72.00000   408.00000   -0.41351   -1.16013
88.00000   408.00000   -0.00164   -1.10890
8.00000   424.00000   -0.13602   -1.00885
24.00000   424.00000   -0.35416   -0.82668
40.00000   424.00000   -0.81432   -1.05266
56.00000   424.00000   -0.53788   -1.01757
72.00000   424.00000   -0.16239   -0.95881
88.00000   424.00000   -0.15459   -1.13726
8.00000   440.00000   -0.42235   -1.05005
24.00000   440.00000   -0.66582   -0.96089
40.00000   440.00000   -0.57063   -1.20314
56.00000   440.00000   -0.11350   -0.95487
72.00000   440.00000   -0.20927   -1.08614
88.00000   440.00000   -0.21766   -1.06157
8.00000   456.00000   -0.78338   -0.99852
24.00000   456.00000   -0.54678   -1.18638
40.00000   456.00000   -0.71695   -1.03644
56.00000   456.00000   -0.11539   -0.95735
72.00000   456.00000   -0.20083   -1.10530
88.00000   456.00000   -0.10789   -1.01730
8.00000   472.00000   -0.54347   -0.98011
24.00000   472.00000   -0.39691   -1.11559
40.00000   472.00000   -0.56586   -1.09071
56.00000   472.00000   -0.03600   -1.04733
72.00000   472.00000   -0.50630   -1.09293
88.00000   472.00000   -0.05039   -0.92802
8.00000   488.00000   0.06522   -1.13659
24.00000   488.00000   -0.29547   -1.02824
40.00000   488.00000   -0.34265   -1.11228
56.00000   488.00000   -0.37852   -0.99298
72.00000   488.00000   -0.28486   -1.24867
88.00000   488.00000   -0.20522   -1.01446
8.00000   504.00000   -0.60791   -1.26550
24.00000   504.00000   -0.56257   -1.06073
40.00000   504.00000   -0.60066   -1.11849
56.00000   504.00000   -0.43854   -1.18868
72.00000   504.00000   -0.11732   -1.22567
88.00000   504.00000   -0.28561   -1.13616
8.00000   520.00000   -0.81090   -1.09625
24.00000   520.00000   -0.35459   -1.06926
40.00000   520.00000   -0.46448   -1.18823
56.00000   520.00000   -0.29051   -1.28861
72.00000   520.00000   -0.45017   -1.28885
88.00000   520.00000   -0.31155   -1.13141
8.00000   536.00000   -0.53994   -1.03479
24.00000   536.00000   -0.38229   -0.85916
40.00000   536.00000   -0.27261   -1.10936
56.00000   536.00000   -0.56793   -1.24201
72.00000   536.00000   -0.31051   -1.22910
88.00000   536.00000   -0.55669   -1.23867
