# image 11 and 12 x,y,u,v
8.00000   8.00000   -0.85649   -0.96132
24.00000   8.00000   -0.15120   -1.15093
40.00000   8.00000   0.03186   -1.15291
56.00000   8.00000   -0.15781   -1.00367
72.00000   8.00000   -0.06838   -0.93237
88.00000   8.00000   -0.04493   -0.98931
8.00000   24.00000   -0.41079   -0.95159
24.00000   24.00000   -0.24957   -1.09489
40.00000   24.00000   0.12689   -0.91522
56.00000   24.00000   -0.10901   -1.06609
72.00000   24.00000   -0.23215   -1.06205
88.00000   24.00000   0.15667   -1.04279
8.00000   40.00000   -0.43391   -0.98325
24.00000   40.00000   -0.04504   -1.12557
40.00000   40.00000   0.10696   -1.15693
56.00000   40.00000   -0.30619   -0.98070
72.00000   40.00000   -0.19227   -0.98333
88.00000   40.00000   -0.31398   -0.96489
8.00000   56.00000   -0.37161   -0.89095
24.00000   56.00000   -0.29995   -0.94379
40.00000   56.00000   0.04335   -0.88640
56.00000   56.00000   -0.27154   -1.02213
72.00000   56.00000   -0.25744   -1.05126
88.00000   56.00000   -0.31961   -1.01681
8.00000   72.00000   -0.51903   -1.07945
24.00000   72.00000   -0.00950   -0.82874
40.00000   72.00000   -0.06148   -0.82482
56.00000   72.00000   -0.13557   -0.94451
72.00000   72.00000   0.03075   -1.02549
88.00000   72.00000   -0.10623   -0.94765
8.00000   88.00000   -0.24038   -0.90999
24.00000   88.00000   0.02458   -0.92424
40.00000   88.00000   0.00288   -0.95339
56.00000   88.00000   -0.03402   -1.00545
72.00000   88.00000   -0.22179   -0.96267
88.00000   88.00000   0.09084   -0.92012
8.00000   104.00000   -0.38793   -0.98759
24.00000   104.00000   -0.13969   -1.08509
40.00000   104.00000   -0.10826   -0.97106
56.00000   104.00000   -0.00700   -1.00025
72.00000   104.00000   -0.10811   -0.91334
88.00000   104.00000   -0.18619   -1.00680
8.00000   120.00000   -0.18671   -1.14419
24.00000   120.00000   -0.10500   -1.22223
40.00000   120.00000   -0.16282   -1.05383
56.00000   120.00000   -0.32639   -1.07685
72.00000   120.00000   -0.14317   -0.85090
88.00000   120.00000   -0.09260   -0.96299
8.00000   136.00000   -0.16336   -1.24696
24.00000   136.00000   0.12566   -0.97096
40.00000   136.00000   -0.27831   -1.06932
56.00000   136.00000   -0.07184   -1.10558
72.00000   136.00000   -0.25663   -0.87164
88.00000   136.00000   -0.03478   -1.02480
8.00000   152.00000   -0.05873   -1.15358
24.00000   152.00000   -0.24616   -0.95451
40.00000   152.00000   -0.12402   -0.95662
56.00000   152.00000   -0.05504   -1.01076
72.00000   152.00000   -0.03935   -0.99528
88.00000   152.00000   -0.08302   -1.18082
8.00000   168.00000   -0.32585   -0.99129
24.00000   168.00000   -0.09051   -1.05738
40.00000   168.00000   -0.19117   -1.02582
56.00000   168.00000   -0.33034   -1.08571
72.00000   168.00000   0.00225   -1.05267
88.00000   168.00000   -0.08625   -1.12935
8.00000   184.00000   -0.19823   -1.03962
24.00000   184.00000   0.01659   -1.01656
40.00000   184.00000   -0.16164   -1.02001
56.00000   184.00000   -0.19913   -1.10801
72.00000   184.00000   0.07382   -1.12907
88.00000   184.00000   -0.23235   -1.08847
8.00000   200.00000   -0.07630   -1.01162
24.00000   200.00000   0.01659   -1.06548
40.00000   200.00000   -0.05164   -1.06781
56.00000   200.00000   -0.09479   -1.02156
72.00000   200.00000   -0.24077   -1.15671
88.00000   200.00000   -0.28341   -0.97187
8.00000   216.00000   0.04222   -1.04442
24.00000   216.00000   -0.04528   -1.04705
40.00000   216.00000   0.01524   -0.95367
56.00000   216.00000   0.17493   -0.85452
72.00000   216.00000   -0.00277   -0.92999
88.00000   216.00000   -0.23048   -1.18281
8.00000   232.00000   -0.10337   -1.05887
24.00000   232.00000   0.03691   -0.96459
40.00000   232.00000   -0.39182   -1.03229
56.00000   232.00000   0.03993   -1.01597
72.00000   232.00000   -0.14434   -1.02842
88.00000   232.00000   -0.10135   -0.97916
8.00000   248.00000   -0.00695   -0.93876
24.00000   248.00000   -0.14998   -0.88197
40.00000   248.00000   -0.08945   -1.07313
56.00000   248.00000   0.14759   -0.92137
72.00000   248.00000   -0.25503   -1.04381
88.00000   248.00000   -0.28801   -0.91767
8.00000   264.00000   -0.01589   -1.12272
24.00000   264.00000   0.23390   -1.02466
40.00000   264.00000   -0.12632   -0.99571
56.00000   264.00000   0.22978   -0.93333
72.00000   264.00000   -0.23613   -0.78666
88.00000   264.00000   -0.16036   -0.98200
8.00000   280.00000   0.05104   -1.20482
24.00000   280.00000   -0.18768   -1.04731
40.00000   280.00000   -0.20877   -1.14985
56.00000   280.00000   0.18632   -0.95785
72.00000   280.00000   -0.12126   -0.73816
88.00000   280.00000   -0.43750   -0.84643
8.00000   296.00000   0.17446   -1.00393
24.00000   296.00000   0.03590   -1.10104
40.00000   296.00000   -0.04193   -0.84332
56.00000   296.00000   -0.28049   -0.84352
72.00000   296.00000   -0.22717   -0.89272
88.00000   296.00000   -0.17208   -0.91086
8.00000   312.00000   -0.35054   -0.89821
24.00000   312.00000   -0.11857   -1.04562
40.00000   312.00000   -0.32831   -0.99382
56.00000   312.00000   -0.30325   -1.00361
72.00000   312.00000   -0.24160   -0.92530
88.00000   312.00000   0.19940   -1.00525
8.00000   328.00000   0.00825   -1.02433
24.00000   328.00000   -0.29675   -0.90291
40.00000   328.00000   -0.60840   -0.98387
56.00000   328.00000   -0.20058   -1.02036
72.00000   328.00000   -0.28126   -0.99989
88.00000   328.00000   0.02155   -0.90991
8.00000   344.00000   0.13321   -0.95880
24.00000   344.00000   -0.26820   -1.01474
40.00000   344.00000   -0.71633   -0.90258
56.00000   344.00000   -0.60367   -0.84328
72.00000   344.00000   -0.31668   -1.02091
88.00000   344.00000   -0.08726   -0.77419
8.00000   360.00000   -0.00133   -0.99165
24.00000   360.00000   -0.26820   -0.94144
40.00000   360.00000   0.12134   -1.05304
56.00000   360.00000   -0.57016   -0.92706
72.00000   360.00000   -0.33017   -0.88084
88.00000   360.00000   -0.05223   -0.74538
8.00000   376.00000   -0.22933   -1.05864
24.00000   376.00000   -0.37569   -1.09341
40.00000   376.00000   -0.08646   -0.97538
56.00000   376.00000   -0.75794   -0.88667
72.00000   376.00000   -0.39811   -0.77132
88.00000   376.00000   -0.09895   -0.81840
8.00000   392.00000   -0.12423   -1.02857
24.00000   392.00000   -0.47131   -0.99892
40.00000   392.00000   -0.83043   -0.93458
56.00000   392.00000   -0.63395   -0.90628
72.00000   392.00000   -0.06157   -1.12663
88.00000   392.00000   -0.13536   -0.90791
8.00000   408.00000   -0.36780   -0.97121
24.00000   408.00000   -0.64705   -0.98034
40.00000   408.00000   -0.83709   -1.00348
56.00000   408.00000   -0.51468   -1.09193
72.00000   408.00000   -0.27376   -1.12092
88.00000   408.00000   -0.09512   -1.17249
8.00000   424.00000   -0.12896   -0.87739
24.00000   424.00000   -0.51966   -0.77470
40.00000   424.00000   -0.62304   -1.04263
56.00000   424.00000   -0.02257   -0.98684
72.00000   424.00000   -0.33543   -1.03091
88.00000   424.00000   -0.13210   -1.05500
8.00000   440.00000   -0.25963   -1.00234
24.00000   440.00000   -0.60651   -0.95554
40.00000   440.00000   -0.59719   -0.97791
56.00000   440.00000   -0.04133   -1.01500
72.00000   440.00000   -0.20137   -1.00043
88.00000   440.00000   -0.02309   -1.08756
8.00000   456.00000   -0.65665   -0.81134
24.00000   456.00000   -0.29354   -1.06385
40.00000   456.00000   -0.67131   -0.92877
56.00000   456.00000   -0.27436   -1.14377
72.00000   456.00000   -0.07687   -1.10271
88.00000   456.00000   -0.16639   -1.03773
8.00000   472.00000   -0.64349   -1.10063
24.00000   472.00000   -0.39143   -1.08596
40.00000   472.00000   -0.41930   -1.20557
56.00000   472.00000   -0.37023   -1.07447
72.00000   472.00000   -0.64694   -1.05921
88.00000   472.00000   -0.11258   -1.13475
8.00000   488.00000   -0.60055   -1.13429
24.00000   488.00000   -0.27305   -1.08740
40.00000   488.00000   -0.36403   -1.23155
56.00000   488.00000   -0.34045   -1.06084
72.00000   488.00000   -0.23773   -1.07289
88.00000   488.00000   -0.30565   -0.99683
8.00000   504.00000   -0.50995   -1.19756
24.00000   504.00000   -0.53008   -1.10170
40.00000   504.00000   -0.56454   -1.09464
56.00000   504.00000   -0.65134   -1.04711
72.00000   504.00000   -0.17861   -1.08648
88.00000   504.00000   -0.36531   -1.11790
8.00000   520.00000   -0.76218   -1.01744
24.00000   520.00000   -0.74815   -1.05362
40.00000   520.00000   -0.57411   -1.22172
56.00000   520.00000   -0.36296   -1.12260
72.00000   520.00000   -0.25798   -1.19632
88.00000   520.00000   -0.30288   -1.06614
8.00000   536.00000   -0.25168   -0.93510
24.00000   536.00000   -0.44420   -0.93755
40.00000   536.00000   -0.20885   -1.20939
56.00000   536.00000   -0.36456   -1.28963
72.00000   536.00000   -0.37500   -1.21339
88.00000   536.00000   -0.51714   -1.21937
