# image 20 and 21 x,y,u,v
8.00000   8.00000   -0.44320   -0.97027
24.00000   8.00000   -0.17742   -1.05293
40.00000   8.00000   -0.13195   -1.04097
56.00000   8.00000   0.02641   -1.10314
72.00000   8.00000   -0.00236   -1.03170
88.00000   8.00000   0.01719   -0.97658
8.00000   24.00000   -0.35558   -0.98899
24.00000   24.00000   -0.33675   -1.04775
40.00000   24.00000   0.04526   -1.08855
56.00000   24.00000   -0.03981   -0.91694
72.00000   24.00000   -0.17503   -0.93261
88.00000   24.00000   -0.02098   -1.02542
8.00000   40.00000   -0.60987   -0.96204
24.00000   40.00000   -0.18933   -1.12045
40.00000   40.00000   0.04995   -0.98448
56.00000   40.00000   -0.15577   -0.99208
72.00000   40.00000   -0.21416   -0.95455
88.00000   40.00000   -0.23433   -0.94593
8.00000   56.00000   -0.54850   -1.04409
24.00000   56.00000   -0.11421   -1.17122
40.00000   56.00000   0.15035   -0.95742
56.00000   56.00000   -0.15256   -0.94733
72.00000   56.00000   -0.31220   -1.07319
88.00000   56.00000   -0.23163   -0.93447
8.00000   72.00000   -0.06922   -1.05588
24.00000   72.00000   -0.00462   -1.05616
40.00000   72.00000   0.11221   -0.85806
56.00000   72.00000   -0.27988   -0.96391
72.00000   72.00000   -0.03437   -0.94246
88.00000   72.00000   -0.01651   -1.11182
8.00000   88.00000   -0.49710   -0.96623
24.00000   88.00000   -0.18306   -0.87349
40.00000   88.00000   -0.16124   -1.15710
56.00000   88.00000   0.02217   -0.99366
72.00000   88.00000   0.00668   -1.06280
88.00000   88.00000   -0.23330   -0.95992
8.00000   104.00000   -0.37340   -1.08623
24.00000   104.00000   -0.11797   -0.80895
40.00000   104.00000   -0.20841   -0.90033
56.00000   104.00000   -0.10090   -1.03563
72.00000   104.00000   -0.07786   -0.94109
88.00000   104.00000   0.02260   -0.90034
8.00000   120.00000   -0.34805   -1.01465
24.00000   120.00000   -0.14923   -1.14496
40.00000   120.00000   0.09086   -1.07081
56.00000   120.00000   -0.24165   -0.92869
72.00000   120.00000   -0.17315   -0.96372
88.00000   120.00000   -0.09824   -1.03383
8.00000   136.00000   -0.21614   -1.05120
24.00000   136.00000   0.00800   -1.11118
40.00000   136.00000   -0.33888   -1.08042
56.00000   136.00000   -0.15467   -1.02531
72.00000   136.00000   -0.17063   -0.94627
88.00000   136.00000   0.10684   -1.12161
8.00000   152.00000   -0.09061   -1.06526
24.00000   152.00000   -0.23571   -0.85625
40.00000   152.00000   -0.26738   -0.94432
56.00000   152.00000   -0.21855   -0.98118
72.00000   152.00000   -0.22181   -0.97035
88.00000   152.00000   0.04428   -1.19741
8.00000   168.00000   -0.10666   -0.87551
24.00000   168.00000   -0.36888   -0.91221
40.00000   168.00000   0.05233   -1.03271
56.00000   168.00000   -0.28578   -1.01232
72.00000   168.00000   -0.06042   -0.94699
88.00000   168.00000   -0.11746   -1.06269
8.00000   184.00000   0.01152   -1.00105
24.00000   184.00000   0.20515   -0.89909
40.00000   184.00000   -0.14308   -1.09969
56.00000   184.00000   -0.00122   -1.11986
72.00000   184.00000   0.13436   -1.12483
88.00000   184.00000   -0.03657   -1.10102
8.00000   200.00000   -0.01404   -0.97466
24.00000   200.00000   0.09654   -0.85498
40.00000   200.00000   0.03669   -1.00634
56.00000   200.00000   0.10148   -0.96339
72.00000   200.00000   -0.22989   -1.07677
88.00000   200.00000   -0.12748   -1.00035
8.00000   216.00000   -0.08652   -0.86968
24.00000   216.00000   -0.26188   -1.02322
40.00000   216.00000   -0.08293   -0.97248
56.00000   216.00000   0.02903   -0.78575
72.00000   216.00000   0.00022   -0.83844
88.00000   216.00000   -0.17321   -1.02740
8.00000   232.00000   0.01041   -0.92657
24.00000   232.00000   -0.22519   -0.96948
40.00000   232.00000   -0.01752   -0.96443
56.00000   232.00000   0.34636   -0.99930
72.00000   232.00000   0.07017   -1.01478
88.00000   232.00000   -0.19828   -1.06263
8.00000   248.00000   -0.06198   -0.90584
24.00000   248.00000   0.40552   -0.85500
40.00000   248.00000   -0.08576   -0.92578
56.00000   248.00000   -0.13418   -1.13151
72.00000   248.00000   -0.19393   -1.02916
88.00000   248.00000   -0.01737   -1.01953
8.00000   264.00000   -0.08199   -1.00656
24.00000   264.00000   -0.17827   -0.96968
40.00000   264.00000   0.16604   -0.86317
56.00000   264.00000   0.00577   -1.06153
72.00000   264.00000   -0.23002   -0.96559
88.00000   264.00000   -0.32746   -0.90841
8.00000   280.00000   -0.11559   -1.08473
24.00000   280.00000   -0.03961   -1.07017
40.00000   280.00000   0.09451   -0.95037
56.00000   280.00000   -0.14222   -0.76891
72.00000   280.00000   -0.19450   -0.90314
88.00000   280.00000   -0.28864   -0.92947
8.00000   296.00000   -0.23657   -1.10851
24.00000   296.00000   -0.13680   -0.99495
40.00000   296.00000   -0.43787   -0.86344
56.00000   296.00000   -0.11733   -0.76021
72.00000   296.00000   -0.06632   -0.89266
88.00000   296.00000   -0.12155   -0.99160
8.00000   312.00000   -0.11518   -0.91133
24.00000   312.00000   -0.15571   -0.84988
40.00000   312.00000   -0.19579   -1.00871
56.00000   312.00000   -0.19759   -1.06898
72.00000   312.00000   -0.14723   -0.90954
88.00000   312.00000   -0.00538   -0.97091
8.00000   328.00000   -0.07200   -0.96349
24.00000   328.00000   -0.07213   -1.19808
40.00000   328.00000   -0.76579   -1.02159
56.00000   328.00000   -0.30596   -1.01042
72.00000   328.00000   -0.04421   -0.92531
88.00000   328.00000   0.06728   -0.93607
8.00000   344.00000   0.00030   -1.00082
24.00000   344.00000   -0.08585   -1.17687
40.00000   344.00000   -0.42857   -0.84120
56.00000   344.00000   -0.50488   -0.96357
72.00000   344.00000   -0.20820   -0.85567
88.00000   344.00000   -0.11561   -0.93288
8.00000   360.00000   -0.08309   -0.94436
24.00000   360.00000   -0.06420   -0.90622
40.00000   360.00000   -0.09875   -1.02121
56.00000   360.00000   -0.16886   -0.89027
72.00000   360.00000   -0.06119   -0.88112
88.00000   360.00000   0.09475   -0.95157
8.00000   376.00000   -0.34683   -0.87745
24.00000   376.00000   -0.19695   -0.98168
40.00000   376.00000   -0.48060   -0.99016
56.00000   376.00000   -0.65645   -0.78195
72.00000   376.00000   -0.07496   -0.80261
88.00000   376.00000   -0.13406   -0.80390
8.00000   392.00000   -0.09660   -1.00659
24.00000   392.00000   -0.71783   -0.93359
40.00000   392.00000   -0.67190   -1.05028
56.00000   392.00000   -0.69979   -1.03400
72.00000   392.00000   -0.21114   -0.99051
88.00000   392.00000   -0.09553   -1.24586
8.00000   408.00000   -0.04394   -1.00014
24.00000   408.00000   -0.24165   -1.07863
40.00000   408.00000   -0.82413   -1.13190
56.00000   408.00000   -0.60340   -1.06181
72.00000   408.00000   -0.31381   -1.03466
88.00000   408.00000   -0.04681   -1.07919
8.00000   424.00000   -0.30985   -0.90214
24.00000   424.00000   -0.66304   -0.94997
40.00000   424.00000   -0.52729   -1.18458
56.00000   424.00000   -0.39748   -1.22867
72.00000   424.00000   -0.11615   -1.02251
88.00000   424.00000   -0.12325   -1.00699
8.00000   440.00000   -0.24167   -0.91826
24.00000   440.00000   -0.77944   -0.99656
40.00000   440.00000   -0.33246   -1.04802
56.00000   440.00000   -0.25070   -1.16178
72.00000   440.00000   -0.09190   -1.06989
88.00000   440.00000   -0.17179   -1.13051
8.00000   456.00000   -0.65028   -1.06863
24.00000   456.00000   -0.12265   -1.26618
40.00000   456.00000   -0.58976   -1.05258
56.00000   456.00000   -0.29798   -1.07713
72.00000   456.00000   -0.22501   -1.14249
88.00000   456.00000   -0.08456   -1.13561
8.00000   472.00000   -0.49941   -0.97506
24.00000   472.00000   -0.64114   -1.12090
40.00000   472.00000   -0.57634   -1.02617
56.00000   472.00000   -0.09397   -0.98147
72.00000   472.00000   -0.41590   -1.09272
88.00000   472.00000   0.00660   -1.07602
8.00000   488.00000   -0.51181   -1.17179
24.00000   488.00000   -0.19713   -1.08485
40.00000   488.00000   -0.19342   -1.08291
56.00000   488.00000   -0.32107   -0.97160
72.00000   488.00000   -0.25164   -0.84392
88.00000   488.00000   -0.13974   -1.04983
8.00000   504.00000   -0.34029   -1.05936
24.00000   504.00000   -0.69584   -1.05076
40.00000   504.00000   -0.72928   -1.23826
56.00000   504.00000   -0.12822   -1.07509
72.00000   504.00000   -0.27259   -1.14681
88.00000   504.00000   -0.19054   -1.14681
8.00000   520.00000   -0.62922   -0.99913
24.00000   520.00000   -0.37090   -1.25166
40.00000   520.00000   -0.10554   -1.22199
56.00000   520.00000   -0.80562   -1.23347
72.00000   520.00000   -0.29575   -1.15866
88.00000   520.00000   -0.19297   -1.16709
8.00000   536.00000   -0.37923   -0.94491
24.00000   536.00000   -0.51143   -1.13304
40.00000   536.00000   0.00143   -1.29939
56.00000   536.00000   -0.30749   -1.20500
72.00000   536.00000   -0.47419   -1.21443
88.00000   536.00000   -0.33463   -1.14132
