# image 55 and 56 x,y,u,v
8.00000   8.00000   -0.47583   -0.93204
24.00000   8.00000   -0.36562   -0.93535
40.00000   8.00000   0.09638   -1.13186
56.00000   8.00000   0.06014   -0.83787
72.00000   8.00000   -0.09747   -0.92519
88.00000   8.00000   0.20929   -0.85634
8.00000   24.00000   -0.56002   -0.96182
24.00000   24.00000   -0.26283   -0.98657
40.00000   24.00000   0.01902   -1.07772
56.00000   24.00000   -0.19156   -0.99036
72.00000   24.00000   -0.10436   -1.13777
88.00000   24.00000   -0.32849   -0.92905
8.00000   40.00000   -0.39318   -0.99133
24.00000   40.00000   -0.33324   -1.02267
40.00000   40.00000   -0.26310   -1.02304
56.00000   40.00000   -0.13280   -1.01305
72.00000   40.00000   -0.25519   -1.06268
88.00000   40.00000   -0.14750   -0.98812
8.00000   56.00000   -0.41325   -0.98208
24.00000   56.00000   -0.23697   -1.02510
40.00000   56.00000   -0.13486   -1.06170
56.00000   56.00000   0.03536   -0.87267
72.00000   56.00000   -0.15731   -1.03767
88.00000   56.00000   -0.05937   -0.88755
8.00000   72.00000   -0.44766   -0.96916
24.00000   72.00000   -0.03337   -1.03786
40.00000   72.00000   -0.03936   -0.98641
56.00000   72.00000   -0.03415   -0.99282
72.00000   72.00000   -0.15958   -0.92051
88.00000   72.00000   0.01639   -0.87034
8.00000   88.00000   -0.29088   -1.05357
24.00000   88.00000   0.20661   -0.95613
40.00000   88.00000   -0.22785   -1.13024
56.00000   88.00000   -0.26349   -1.07943
72.00000   88.00000   -0.19067   -1.05757
88.00000   88.00000   0.10535   -0.99987
8.00000   104.00000   -0.23369   -1.01391
24.00000   104.00000   -0.27015   -0.91382
40.00000   104.00000   0.01239   -1.04325
56.00000   104.00000   -0.20153   -1.06994
72.00000   104.00000   -0.13241   -1.04076
88.00000   104.00000   -0.17836   -0.97637
8.00000   120.00000   -0.09814   -1.04055
24.00000   120.00000   0.00366   -1.04283
40.00000   120.00000   -0.06923   -1.06178
56.00000   120.00000   -0.15768   -1.06100
72.00000   120.00000   -0.12636   -1.02388
88.00000   120.00000   -0.31079   -0.95393
8.00000   136.00000   -0.08143   -1.04985
24.00000   136.00000   0.06546   -0.93895
40.00000   136.00000   0.07821   -1.19829
56.00000   136.00000   0.12881   -0.91502
72.00000   136.00000   -0.07754   -1.20834
88.00000   136.00000   -0.04226   -1.03126
8.00000   152.00000   -0.06624   -1.15056
24.00000   152.00000   -0.03458   -1.03027
40.00000   152.00000   0.17314   -1.12593
56.00000   152.00000   -0.10151   -0.93594
72.00000   152.00000   -0.01928   -0.98714
88.00000   152.00000   -0.19577   -1.13453
8.00000   168.00000   0.09956   -0.90062
24.00000   168.00000   -0.09836   -1.19038
40.00000   168.00000   -0.20229   -1.05010
56.00000   168.00000   0.02693   -1.06285
72.00000   168.00000   -0.04859   -1.15278
88.00000   168.00000   -0.08229   -1.03541
8.00000   184.00000   0.02570   -0.94244
24.00000   184.00000   -0.06253   -0.95852
40.00000   184.00000   0.25971   -0.98604
56.00000   184.00000   0.04050   -1.07099
72.00000   184.00000   -0.03249   -1.01624
88.00000   184.00000   0.08698   -1.12011
8.00000   200.00000   -0.20793   -0.93823
24.00000   200.00000   -0.07709   -0.95476
40.00000   200.00000   0.02719   -0.92736
56.00000   200.00000   0.02907   -1.02063
72.00000   200.00000   -0.14823   -1.06008
88.00000   200.00000   -0.03878   -0.98266
8.00000   216.00000   0.08286   -0.96529
24.00000   216.00000   0.00173   -0.94182
40.00000   216.00000   0.23139   -0.91418
56.00000   216.00000   -0.04626   -0.83655
72.00000   216.00000   0.16769   -0.92389
88.00000   216.00000   0.11074   -1.05575
8.00000   232.00000   0.01611   -0.79628
24.00000   232.00000   -0.15932   -0.99842
40.00000   232.00000   -0.27223   -1.19283
56.00000   232.00000   -0.12179   -1.17776
72.00000   232.00000   -0.19580   -1.06540
88.00000   232.00000   -0.18893   -0.90363
8.00000   248.00000   -0.04588   -0.98678
24.00000   248.00000   0.20648   -1.00835
40.00000   248.00000   0.07123   -0.97199
56.00000   248.00000   0.01379   -0.99208
72.00000   248.00000   -0.23995   -0.95986
88.00000   248.00000   -0.30836   -0.98308
8.00000   264.00000   -0.01024   -1.41311
24.00000   264.00000   -0.13742   -1.10665
40.00000   264.00000   -0.04881   -1.10285
56.00000   264.00000   0.10887   -0.93074
72.00000   264.00000   -0.22203   -0.87886
88.00000   264.00000   -0.25367   -0.90835
8.00000   280.00000   0.12256   -1.11528
24.00000   280.00000   -0.03335   -0.98889
40.00000   280.00000   0.02254   -0.88225
56.00000   280.00000   0.04534   -1.19341
72.00000   280.00000   -0.12892   -0.85562
88.00000   280.00000   -0.25990   -1.03038
8.00000   296.00000   -0.23323   -1.12313
24.00000   296.00000   -0.07317   -1.06881
40.00000   296.00000   0.25855   -1.04840
56.00000   296.00000   -0.00193   -0.96309
72.00000   296.00000   -0.11251   -1.06452
88.00000   296.00000   -0.12683   -1.01542
8.00000   312.00000   -0.03923   -1.04991
24.00000   312.00000   0.14344   -1.11733
40.00000   312.00000   0.02524   -1.19000
56.00000   312.00000   -0.21853   -1.03369
72.00000   312.00000   0.07408   -0.78988
88.00000   312.00000   0.02636   -0.97697
8.00000   328.00000   -0.11776   -1.01759
24.00000   328.00000   -0.52122   -0.98657
40.00000   328.00000   -0.62636   -1.06540
56.00000   328.00000   -0.25615   -1.05710
72.00000   328.00000   -0.09621   -0.87444
88.00000   328.00000   0.04789   -0.80607
8.00000   344.00000   0.12321   -0.99733
24.00000   344.00000   -0.19989   -0.89838
40.00000   344.00000   -0.54797   -0.77624
56.00000   344.00000   -0.02469   -1.01916
72.00000   344.00000   -0.24566   -1.04105
88.00000   344.00000   0.02386   -0.97872
8.00000   360.00000   -0.44178   -0.89549
24.00000   360.00000   -0.55408   -1.00359
40.00000   360.00000   -0.37346   -0.78712
56.00000   360.00000   -0.67759   -0.94121
72.00000   360.00000   -0.17761   -0.82121
88.00000   360.00000   0.11219   -0.88657
8.00000   376.00000   -0.09267   -0.94312
24.00000   376.00000   -0.49297   -0.79727
40.00000   376.00000   -0.71887   -1.03067
56.00000   376.00000   -0.60731   -0.85489
72.00000   376.00000   -0.22712   -0.99428
88.00000   376.00000   0.07578   -0.93901
8.00000   392.00000   -0.05116   -0.95883
24.00000   392.00000   -0.36941   -0.87059
40.00000   392.00000   -0.51973   -0.86508
56.00000   392.00000   -0.05029   -1.06398
72.00000   392.00000   -0.03457   -1.06403
88.00000   392.00000   0.05740   -0.80555
8.00000   408.00000   -0.42247   -1.04174
24.00000   408.00000   -0.69677   -0.99015
40.00000   408.00000   -0.60111   -1.07799
56.00000   408.00000   -0.52183   -1.10639
72.00000   408.00000   -0.27765   -1.05423
88.00000   408.00000   -0.06879   -1.04001
8.00000   424.00000   -0.17678   -0.85316
24.00000   424.00000   -0.58147   -1.22569
40.00000   424.00000   -0.64731   -1.06422
56.00000   424.00000   -0.15927   -1.06270
72.00000   424.00000   -0.30114   -1.14164
88.00000   424.00000   -0.14607   -1.08007
8.00000   440.00000   -0.33035   -1.02930
24.00000   440.00000   -0.46104   -1.00547
40.00000   440.00000   -0.27912   -1.08127
56.00000   440.00000   -0.24297   -1.17351
72.00000   440.00000   -0.14908   -1.09906
88.00000   440.00000   -0.05409   -1.06898
8.00000   456.00000   -0.77984   -1.07977
24.00000   456.00000   -0.22320   -1.13061
40.00000   456.00000   -0.44504   -1.12452
56.00000   456.00000   0.01275   -0.86795
72.00000   456.00000   -0.26230   -1.10474
88.00000   456.00000   -0.15233   -1.06034
8.00000   472.00000   -0.44769   -0.96086
24.00000   472.00000   -0.63409   -1.13367
40.00000   472.00000   -0.77086   -0.96186
56.00000   472.00000   -0.18403   -1.01698
72.00000   472.00000   -0.59839   -1.25235
88.00000   472.00000   -0.11273   -1.14111
8.00000   488.00000   -0.46160   -0.94096
24.00000   488.00000   -0.31827   -1.19731
40.00000   488.00000   -0.56206   -0.98641
56.00000   488.00000   -0.50835   -1.11149
72.00000   488.00000   -0.25177   -1.15321
88.00000   488.00000   -0.30073   -1.12109
8.00000   504.00000   -0.78833   -1.19306
24.00000   504.00000   -0.68714   -1.16641
40.00000   504.00000   -0.68457   -1.06603
56.00000   504.00000   -0.23530   -1.08221
72.00000   504.00000   -0.30165   -0.97910
88.00000   504.00000   -0.05144   -1.14909
8.00000   520.00000   -0.68408   -1.02928
24.00000   520.00000   -0.24899   -1.29431
40.00000   520.00000   -0.35372   -1.14455
56.00000   520.00000   -0.67015   -1.06974
72.00000   520.00000   -0.62017   -1.11561
88.00000   520.00000   -0.26810   -1.29640
8.00000   536.00000   -0.28635   -1.16679
24.00000   536.00000   -0.35455   -1.23035
40.00000   536.00000   0.10447   -1.26460
56.00000   536.00000   -0.66030   -1.49891
72.00000   536.00000   -0.37298   -1.20869
88.00000   536.00000   -0.16766   -1.37152
