# image 32 and 33 x,y,u,v
8.00000   8.00000   -0.51611   -1.16002
24.00000   8.00000   -0.26455   -0.99280
40.00000   8.00000   0.28901   -1.07926
56.00000   8.00000   0.00489   -1.05064
72.00000   8.00000   -0.02816   -1.01271
88.00000   8.00000   0.10609   -0.90293
8.00000   24.00000   -0.51052   -0.98053
24.00000   24.00000   -0.24665   -1.11141
40.00000   24.00000   0.36766   -1.11916
56.00000   24.00000   -0.15696   -0.97129
72.00000   24.00000   -0.12567   -0.99601
88.00000   24.00000   -0.20061   -1.00303
8.00000   40.00000   -0.31701   -0.92974
24.00000   40.00000   -0.40777   -1.01438
40.00000   40.00000   0.09423   -0.97731
56.00000   40.00000   -0.22751   -1.09108
72.00000   40.00000   -0.10709   -0.97742
88.00000   40.00000   -0.15101   -0.91402
8.00000   56.00000   -0.44655   -1.28978
24.00000   56.00000   -0.10930   -1.08724
40.00000   56.00000   -0.11653   -1.13260
56.00000   56.00000   -0.25607   -1.03290
72.00000   56.00000   -0.29883   -1.06785
88.00000   56.00000   -0.27118   -1.09513
8.00000   72.00000   -0.36739   -1.02521
24.00000   72.00000   -0.06858   -0.99635
40.00000   72.00000   -0.16603   -0.92720
56.00000   72.00000   -0.05904   -0.92252
72.00000   72.00000   -0.16415   -0.96790
88.00000   72.00000   -0.24811   -0.95290
8.00000   88.00000   -0.24390   -1.10360
24.00000   88.00000   0.07054   -1.01997
40.00000   88.00000   -0.17581   -1.09381
56.00000   88.00000   0.03365   -1.08213
72.00000   88.00000   -0.09588   -1.04590
88.00000   88.00000   -0.12955   -1.09402
8.00000   104.00000   -0.45505   -1.04459
24.00000   104.00000   -0.09926   -1.10218
40.00000   104.00000   -0.27421   -0.93324
56.00000   104.00000   -0.03856   -0.97418
72.00000   104.00000   -0.25245   -0.97356
88.00000   104.00000   0.14415   -0.92685
8.00000   120.00000   -0.23344   -1.08155
24.00000   120.00000   0.13413   -1.20440
40.00000   120.00000   -0.21701   -1.22724
56.00000   120.00000   -0.21202   -1.00365
72.00000   120.00000   -0.04015   -1.02643
88.00000   120.00000   -0.11639   -0.91810
8.00000   136.00000   -0.02156   -1.15117
24.00000   136.00000   -0.24765   -1.18044
40.00000   136.00000   -0.07461   -0.98098
56.00000   136.00000   -0.38359   -1.04262
72.00000   136.00000   -0.15633   -1.13356
88.00000   136.00000   0.00481   -1.02947
8.00000   152.00000   -0.24380   -1.00119
24.00000   152.00000   -0.09813   -1.09975
40.00000   152.00000   0.22359   -0.91864
56.00000   152.00000   -0.05573   -1.04762
72.00000   152.00000   -0.08680   -0.92837
88.00000   152.00000   -0.31117   -0.91894
8.00000   168.00000   -0.02709   -0.94854
24.00000   168.00000   -0.13951   -0.99236
40.00000   168.00000   -0.10400   -1.08586
56.00000   168.00000   -0.30802   -1.04842
72.00000   168.00000   0.15909   -1.12333
88.00000   168.00000   -0.01141   -1.12767
8.00000   184.00000   -0.02605   -0.90631
24.00000   184.00000   0.08818   -1.10576
40.00000   184.00000   0.17376   -1.06219
56.00000   184.00000   -0.15652   -1.09725
72.00000   184.00000   -0.13106   -1.10033
88.00000   184.00000   -0.05554   -1.15369
8.00000   200.00000   0.06682   -0.90493
24.00000   200.00000   -0.02613   -0.97161
40.00000   200.00000   0.02555   -0.97729
56.00000   200.00000   0.23217   -1.04741
72.00000   200.00000   0.01437   -1.11535
88.00000   200.00000   -0.16426   -1.13456
8.00000   216.00000   -0.14462   -1.04647
24.00000   216.00000   -0.10038   -0.94924
40.00000   216.00000   -0.12372   -0.93010
56.00000   216.00000   0.07136   -0.97587
72.00000   216.00000   -0.08890   -0.98106
88.00000   216.00000   -0.06810   -1.03777
8.00000   232.00000   -0.23194   -0.98782
24.00000   232.00000   0.11580   -0.96808
40.00000   232.00000   -0.06517   -0.92632
56.00000   232.00000   0.05725   -0.96172
72.00000   232.00000   -0.04618   -1.01316
88.00000   232.00000   -0.07033   -0.95765
8.00000   248.00000   0.03077   -0.98560
24.00000   248.00000   -0.27291   -0.99688
40.00000   248.00000   0.04231   -1.04613
56.00000   248.00000   -0.46602   -0.82698
72.00000   248.00000   -0.49497   -0.95053
88.00000   248.00000   -0.35895   -0.91934
8.00000   264.00000   -0.00322   -1.18230
24.00000   264.00000   0.01352   -1.22914
40.00000   264.00000   -0.20955   -0.93961
56.00000   264.00000   0.47836   -0.83482
72.00000   264.00000   -0.34765   -0.98905
88.00000   264.00000   -0.30101   -1.10473
8.00000   280.00000   -0.38486   -0.96253
24.00000   280.00000   -0.09716   -0.99895
40.00000   280.00000   0.48910   -1.00355
56.00000   280.00000   0.04293   -0.99880
72.00000   280.00000   -0.10248   -1.03237
88.00000   280.00000   -0.20888   -0.93967
8.00000   296.00000   -0.07594   -0.88200
24.00000   296.00000   0.52321   -1.07940
40.00000   296.00000   -0.32132   -0.97148
56.00000   296.00000   0.06654   -0.78210
72.00000   296.00000   0.00237   -0.90591
88.00000   296.00000   -0.10683   -0.90084
8.00000   312.00000   -0.03944   -1.04759
24.00000   312.00000   -0.10204   -1.12996
40.00000   312.00000   -0.26548   -0.99821
56.00000   312.00000   -0.33300   -1.01824
72.00000   312.00000   -0.22414   -0.91586
88.00000   312.00000   0.03516   -0.99150
8.00000   328.00000   -0.21044   -1.01506
24.00000   328.00000   0.06068   -1.18807
40.00000   328.00000   -0.59500   -1.15217
56.00000   328.00000   -0.46570   -0.84126
72.00000   328.00000   0.01555   -0.89011
88.00000   328.00000   -0.03258   -0.84766
8.00000   344.00000   0.11582   -1.04576
24.00000   344.00000   -0.21443   -1.04825
40.00000   344.00000   -0.57843   -0.78038
56.00000   344.00000   -0.18801   -0.97235
72.00000   344.00000   -0.27791   -0.87738
88.00000   344.00000   0.02933   -0.92419
8.00000   360.00000   -0.38746   -0.88560
24.00000   360.00000   -0.27218   -0.93908
40.00000   360.00000   -0.33136   -1.07717
56.00000   360.00000   -0.37482   -0.92768
72.00000   360.00000   -0.26714   -0.86426
88.00000   360.00000   0.08045   -0.93450
8.00000   376.00000   -0.04562   -0.98824
24.00000   376.00000   -0.71973   -0.78746
40.00000   376.00000   -0.60400   -0.95440
56.00000   376.00000   -0.57163   -1.01180
72.00000   376.00000   -0.29834   -0.98822
88.00000   376.00000   -0.23361   -0.80344
8.00000   392.00000   -0.16533   -0.89576
24.00000   392.00000   -0.12153   -0.92363
40.00000   392.00000   -0.79733   -0.99810
56.00000   392.00000   -0.45445   -1.07297
72.00000   392.00000   -0.13001   -0.89655
88.00000   392.00000   0.04812   -1.01916
8.00000   408.00000   -0.38649   -1.18880
24.00000   408.00000   -0.41202   -1.03857
40.00000   408.00000   -0.68812   -1.02961
56.00000   408.00000   -0.36323   -0.90242
72.00000   408.00000   -0.17390   -1.01487
88.00000   408.00000   -0.05571   -1.13779
8.00000   424.00000   0.01418   -0.99090
24.00000   424.00000   -0.64765   -0.99267
40.00000   424.00000   -0.73366   -0.96104
56.00000   424.00000   -0.09935   -0.87638
72.00000   424.00000   -0.10422   -1.16001
88.00000   424.00000   0.00351   -0.94326
8.00000   440.00000   -0.25236   -0.99512
24.00000   440.00000   -0.60213   -1.12276
40.00000   440.00000   -0.01048   -1.03343
56.00000   440.00000   -0.10870   -1.09552
72.00000   440.00000   -0.11964   -1.21944
88.00000   440.00000   -0.14985   -1.12626
8.00000   456.00000   -0.73090   -1.03093
24.00000   456.00000   -0.51847   -1.02579
40.00000   456.00000   -0.71977   -1.08083
56.00000   456.00000   -0.33503   -1.22324
72.00000   456.00000   -0.06626   -1.08690
88.00000   456.00000   -0.07636   -1.11089
8.00000   472.00000   -0.56790   -0.98515
24.00000   472.00000   -0.74359   -1.07912
40.00000   472.00000   -0.56016   -1.06872
56.00000   472.00000   -0.57690   -1.05581
72.00000   472.00000   -0.39143   -1.00367
88.00000   472.00000   -0.08090   -1.10636
8.00000   488.00000   -0.33796   -1.13750
24.00000   488.00000   -0.17266   -1.10144
40.00000   488.00000   -0.51157   -0.92277
56.00000   488.00000   -0.53566   -1.04116
72.00000   488.00000   -0.46263   -1.00457
88.00000   488.00000   -0.19029   -1.05234
8.00000   504.00000   -0.62632   -1.04025
24.00000   504.00000   -0.62382   -1.00184
40.00000   504.00000   -0.28960   -1.03359
56.00000   504.00000   -0.67211   -1.08629
72.00000   504.00000   -0.30475   -1.15812
88.00000   504.00000   -0.20700   -1.09535
8.00000   520.00000   -0.73211   -1.06865
24.00000   520.00000   -0.70663   -1.29920
40.00000   520.00000   -0.00288   -1.29920
56.00000   520.00000   -0.55512   -1.28497
72.00000   520.00000   -0.32926   -1.21804
88.00000   520.00000   -0.08963   -1.31057
8.00000   536.00000   -0.43932   -0.95825
24.00000   536.00000   -0.14311   -1.29528
40.00000   536.00000   0.00873   -1.13068
56.00000   536.00000   -0.38084   -1.31506
72.00000   536.00000   -0.46210   -1.30773
88.00000   536.00000   -0.37881   -1.22802
