# image 40 and 41 x,y,u,v
8.00000   8.00000   -0.58372   -0.96931
24.00000   8.00000   -0.20626   -0.98112
40.00000   8.00000   0.10948   -1.04376
56.00000   8.00000   0.10270   -1.10008
72.00000   8.00000   0.05038   -1.03538
88.00000   8.00000   0.14487   -1.07928
8.00000   24.00000   -0.32816   -1.04918
24.00000   24.00000   -0.26272   -1.05239
40.00000   24.00000   0.03936   -1.08699
56.00000   24.00000   -0.06671   -1.00442
72.00000   24.00000   -0.03512   -0.98875
88.00000   24.00000   -0.29292   -1.02222
8.00000   40.00000   -0.45146   -1.02644
24.00000   40.00000   -0.20415   -1.02400
40.00000   40.00000   -0.28091   -0.93064
56.00000   40.00000   -0.03331   -1.03601
72.00000   40.00000   -0.31394   -0.93142
88.00000   40.00000   -0.12418   -0.89581
8.00000   56.00000   -0.17896   -1.16057
24.00000   56.00000   -0.18572   -1.13647
40.00000   56.00000   -0.17315   -0.95033
56.00000   56.00000   0.00103   -1.15094
72.00000   56.00000   -0.07739   -0.99553
88.00000   56.00000   -0.16094   -0.80271
8.00000   72.00000   -0.37961   -1.16604
24.00000   72.00000   -0.14229   -0.89567
40.00000   72.00000   -0.14729   -1.10919
56.00000   72.00000   -0.01807   -0.81599
72.00000   72.00000   -0.10753   -0.98133
88.00000   72.00000   -0.22301   -0.94967
8.00000   88.00000   -0.19756   -0.93774
24.00000   88.00000   -0.01645   -1.00829
40.00000   88.00000   -0.02891   -1.04775
56.00000   88.00000   0.09865   -1.03038
72.00000   88.00000   -0.05639   -1.03103
88.00000   88.00000   0.04030   -1.11083
8.00000   104.00000   -0.15340   -0.97158
24.00000   104.00000   -0.14902   -0.96214
40.00000   104.00000   -0.12013   -0.82159
56.00000   104.00000   -0.35060   -0.99579
72.00000   104.00000   -0.10616   -1.00274
88.00000   104.00000   -0.11499   -0.95233
8.00000   120.00000   -0.09810   -1.06307
24.00000   120.00000   -0.15606   -1.10105
40.00000   120.00000   -0.24488   -1.09254
56.00000   120.00000   -0.15471   -0.96956
72.00000   120.00000   -0.18551   -0.98814
88.00000   120.00000   0.01044   -1.02280
8.00000   136.00000   -0.21440   -1.15612
24.00000   136.00000   0.11972   -0.86916
40.00000   136.00000   0.03110   -1.10496
56.00000   136.00000   -0.02707   -1.17594
72.00000   136.00000   -0.16253   -0.99936
88.00000   136.00000   -0.21633   -1.06609
8.00000   152.00000   -0.20017   -1.14550
24.00000   152.00000   -0.03036   -0.91362
40.00000   152.00000   -0.16852   -0.88434
56.00000   152.00000   -0.08001   -0.84244
72.00000   152.00000   0.04390   -1.10796
88.00000   152.00000   -0.02567   -1.01335
8.00000   168.00000   0.03708   -1.00291
24.00000   168.00000   -0.29578   -1.04127
40.00000   168.00000   -0.04298   -1.05684
56.00000   168.00000   -0.11555   -1.00058
72.00000   168.00000   -0.22887   -1.05024
88.00000   168.00000   -0.12685   -1.04608
8.00000   184.00000   0.11759   -1.01558
24.00000   184.00000   -0.10523   -1.00207
40.00000   184.00000   0.21086   -0.95802
56.00000   184.00000   -0.13501   -0.90587
72.00000   184.00000   0.06298   -1.06462
88.00000   184.00000   -0.06132   -1.15713
8.00000   200.00000   -0.04259   -0.96140
24.00000   200.00000   -0.20409   -0.97088
40.00000   200.00000   -0.06930   -0.86321
56.00000   200.00000   0.10438   -0.94826
72.00000   200.00000   0.05931   -0.86729
88.00000   200.00000   -0.15298   -1.02754
8.00000   216.00000   -0.28083   -1.16612
24.00000   216.00000   -0.13962   -1.07902
40.00000   216.00000   0.09010   -0.95992
56.00000   216.00000   0.01345   -1.03113
72.00000   216.00000   0.03871   -1.05405
88.00000   216.00000   -0.10032   -1.04556
8.00000   232.00000   -0.10133   -1.03747
24.00000   232.00000   -0.18740   -1.03771
40.00000   232.00000   -0.09790   -1.22031
56.00000   232.00000   -0.08662   -0.93298
72.00000   232.00000   -0.03010   -0.94237
88.00000   232.00000   0.03749   -0.92564
8.00000   248.00000   -0.00129   -0.93176
24.00000   248.00000   -0.08322   -0.87590
40.00000   248.00000   0.13041   -0.90794
56.00000   248.00000   -0.02673   -1.11509
72.00000   248.00000   -0.56087   -0.98784
88.00000   248.00000   -0.14853   -0.92409
8.00000   264.00000   0.03496   -1.22272
24.00000   264.00000   -0.02223   -0.88375
40.00000   264.00000   -0.01148   -0.95368
56.00000   264.00000   0.19701   -0.90443
72.00000   264.00000   -0.19847   -0.87559
88.00000   264.00000   -0.32119   -1.07636
8.00000   280.00000   -0.20165   -1.09468
24.00000   280.00000   -0.15569   -1.06884
40.00000   280.00000   -0.02590   -0.87187
56.00000   280.00000   0.30475   -1.03539
72.00000   280.00000   0.16286   -1.05137
88.00000   280.00000   -0.09137   -0.96952
8.00000   296.00000   -0.10006   -0.98840
24.00000   296.00000   0.08320   -1.03038
40.00000   296.00000   -0.13243   -0.95727
56.00000   296.00000   -0.13928   -0.96301
72.00000   296.00000   -0.12487   -0.80336
88.00000   296.00000   -0.08409   -0.91999
8.00000   312.00000   -0.06660   -1.12605
24.00000   312.00000   0.02004   -0.95373
40.00000   312.00000   -0.00316   -1.05508
56.00000   312.00000   -0.35375   -0.96207
72.00000   312.00000   -0.00931   -0.88729
88.00000   312.00000   -0.02503   -0.98790
8.00000   328.00000   0.05725   -1.07389
24.00000   328.00000   -0.26276   -1.00387
40.00000   328.00000   -0.65780   -1.01410
56.00000   328.00000   -0.33751   -0.98464
72.00000   328.00000   -0.14542   -0.97929
88.00000   328.00000   -0.04935   -0.97228
8.00000   344.00000   -0.17801   -0.86626
24.00000   344.00000   -0.66049   -0.90931
40.00000   344.00000   -0.47342   -0.96863
56.00000   344.00000   -0.28747   -1.02256
72.00000   344.00000   -0.36964   -0.78488
88.00000   344.00000   0.06140   -0.98456
8.00000   360.00000   -0.12013   -0.96098
24.00000   360.00000   -0.29458   -0.78100
40.00000   360.00000   -0.32291   -1.00850
56.00000   360.00000   -0.16368   -1.09384
72.00000   360.00000   -0.30376   -0.94866
88.00000   360.00000   0.04815   -0.88734
8.00000   376.00000   -0.05578   -1.04611
24.00000   376.00000   -0.48651   -0.90778
40.00000   376.00000   -0.85632   -0.92780
56.00000   376.00000   -0.49517   -0.85705
72.00000   376.00000   -0.24865   -0.88531
88.00000   376.00000   0.05313   -0.86666
8.00000   392.00000   -0.42746   -0.97371
24.00000   392.00000   -0.70894   -1.00663
40.00000   392.00000   -0.74132   -0.86386
56.00000   392.00000   -0.57456   -0.80499
72.00000   392.00000   -0.24920   -0.99088
88.00000   392.00000   -0.05911   -0.86602
8.00000   408.00000   0.09266   -0.94982
24.00000   408.00000   -0.47035   -1.03757
40.00000   408.00000   -0.74954   -1.07011
56.00000   408.00000   -0.52152   -1.11276
72.00000   408.00000   -0.09228   -1.04480
88.00000   408.00000   0.17095   -1.27045
8.00000   424.00000   -0.17171   -1.03183
24.00000   424.00000   -0.73837   -1.04010
40.00000   424.00000   -0.48558   -0.99811
56.00000   424.00000   -0.34973   -1.10603
72.00000   424.00000   -0.14774   -0.96471
88.00000   424.00000   -0.13168   -0.99143
8.00000   440.00000   -0.10068   -1.02769
24.00000   440.00000   -0.47466   -1.08675
40.00000   440.00000   -0.47493   -1.06731
56.00000   440.00000   -0.33223   -1.04409
72.00000   440.00000   -0.02236   -1.18225
88.00000   440.00000   0.03712   -1.15032
8.00000   456.00000   -0.74681   -0.99569
24.00000   456.00000   -0.13138   -1.15644
40.00000   456.00000   -0.60182   -1.11063
56.00000   456.00000   -0.33746   -1.12952
72.00000   456.00000   -0.30521   -1.18094
88.00000   456.00000   -0.18092   -1.02329
8.00000   472.00000   -0.60655   -1.04268
24.00000   472.00000   -0.26595   -1.12694
40.00000   472.00000   -0.47419   -1.14243
56.00000   472.00000   -0.06765   -1.05504
72.00000   472.00000   -0.41579   -1.12301
88.00000   472.00000   -0.17063   -1.13481
8.00000   488.00000   -0.47598   -1.06947
24.00000   488.00000   -0.53233   -0.87611
40.00000   488.00000   -0.30621   -0.99458
56.00000   488.00000   -0.15252   -1.07601
72.00000   488.00000   -0.37867   -1.26584
88.00000   488.00000   -0.43462   -1.08830
8.00000   504.00000   -0.25115   -1.02674
24.00000   504.00000   -0.65378   -1.09169
40.00000   504.00000   -0.52344   -1.05487
56.00000   504.00000   -0.63331   -1.07974
72.00000   504.00000   -0.30042   -0.97834
88.00000   504.00000   -0.25415   -1.07963
8.00000   520.00000   -0.62030   -1.08806
24.00000   520.00000   -0.38949   -1.32494
40.00000   520.00000   -0.70802   -1.12617
56.00000   520.00000   -0.50076   -1.26047
72.00000   520.00000   -0.36997   -1.32578
88.00000   520.00000   -0.15026   -1.21548
8.00000   536.00000   -0.62434   -0.73617
24.00000   536.00000   -0.19182   -1.09751
40.00000   536.00000   0.03391   -1.16822
56.00000   536.00000   -0.44714   -1.28993
72.00000   536.00000   -0.22985   -1.22064
88.00000   536.00000   -0.09628   -1.17245
