# image 31 and 32 x,y,u,v
8.00000   8.00000   -0.57401   -1.12046
24.00000   8.00000   -0.14164   -1.00608
40.00000   8.00000   -0.14762   -1.11443
56.00000   8.00000   -0.12183   -1.12947
72.00000   8.00000   -0.00278   -1.06283
88.00000   8.00000   -0.05349   -0.86322
8.00000   24.00000   -0.50043   -1.00004
24.00000   24.00000   -0.19117   -1.07849
40.00000   24.00000   0.21058   -0.95743
56.00000   24.00000   -0.05417   -0.91879
72.00000   24.00000   -0.22065   -1.00008
88.00000   24.00000   -0.20464   -0.85640
8.00000   40.00000   -0.45489   -0.90263
24.00000   40.00000   -0.24087   -1.03436
40.00000   40.00000   -0.29075   -0.91766
56.00000   40.00000   -0.15810   -1.01213
72.00000   40.00000   -0.24356   -1.04750
88.00000   40.00000   -0.19262   -0.97822
8.00000   56.00000   -0.49703   -1.23457
24.00000   56.00000   -0.04210   -1.16633
40.00000   56.00000   -0.10864   -1.09750
56.00000   56.00000   -0.22206   -1.11450
72.00000   56.00000   -0.27042   -0.97574
88.00000   56.00000   -0.21574   -0.93574
8.00000   72.00000   -0.00826   -1.12194
24.00000   72.00000   -0.17901   -0.85960
40.00000   72.00000   -0.08703   -0.93916
56.00000   72.00000   -0.06280   -1.05967
72.00000   72.00000   0.00468   -1.10841
88.00000   72.00000   -0.20593   -0.97918
8.00000   88.00000   -0.35085   -1.00126
24.00000   88.00000   -0.03770   -1.04911
40.00000   88.00000   -0.14321   -1.09192
56.00000   88.00000   0.00014   -1.08772
72.00000   88.00000   -0.10857   -1.01562
88.00000   88.00000   -0.02915   -0.96857
8.00000   104.00000   -0.34915   -1.13523
24.00000   104.00000   -0.05094   -1.07237
40.00000   104.00000   -0.06981   -1.07800
56.00000   104.00000   0.00098   -0.91892
72.00000   104.00000   -0.22892   -0.99558
88.00000   104.00000   0.10437   -0.92541
8.00000   120.00000   -0.40067   -1.00582
24.00000   120.00000   0.11744   -1.19759
40.00000   120.00000   -0.15295   -1.08299
56.00000   120.00000   -0.23242   -0.97889
72.00000   120.00000   -0.19672   -0.96317
88.00000   120.00000   -0.14431   -0.88601
8.00000   136.00000   -0.04258   -1.16749
24.00000   136.00000   -0.01153   -1.05948
40.00000   136.00000   -0.11757   -1.04355
56.00000   136.00000   -0.24668   -1.05054
72.00000   136.00000   -0.27421   -1.11471
88.00000   136.00000   0.05053   -1.06999
8.00000   152.00000   -0.27063   -0.97878
24.00000   152.00000   -0.20512   -1.02585
40.00000   152.00000   0.15310   -1.01039
56.00000   152.00000   -0.06615   -1.15830
72.00000   152.00000   -0.13761   -0.88846
88.00000   152.00000   -0.21322   -0.91715
8.00000   168.00000   -0.14642   -0.99895
24.00000   168.00000   -0.14626   -1.00491
40.00000   168.00000   -0.16881   -1.06834
56.00000   168.00000   -0.19669   -0.93672
72.00000   168.00000   0.10477   -1.12868
88.00000   168.00000   0.03560   -1.15902
8.00000   184.00000   -0.14887   -0.96489
24.00000   184.00000   -0.34306   -0.99880
40.00000   184.00000   0.08713   -0.95548
56.00000   184.00000   0.10012   -1.17287
72.00000   184.00000   -0.14542   -1.18530
88.00000   184.00000   -0.15660   -1.09206
8.00000   200.00000   0.13304   -0.98513
24.00000   200.00000   -0.12366   -0.93481
40.00000   200.00000   0.08744   -0.99035
56.00000   200.00000   0.10740   -1.03392
72.00000   200.00000   0.00084   -1.02095
88.00000   200.00000   -0.18274   -1.12016
8.00000   216.00000   -0.08442   -0.89452
24.00000   216.00000   -0.24115   -1.00062
40.00000   216.00000   -0.02053   -0.81526
56.00000   216.00000   0.03377   -0.86866
72.00000   216.00000   0.00117   -0.92415
88.00000   216.00000   -0.05841   -1.07678
8.00000   232.00000   -0.29615   -0.95406
24.00000   232.00000   0.21144   -0.85188
40.00000   232.00000   -0.09561   -1.10999
56.00000   232.00000   0.03288   -0.98881
72.00000   232.00000   -0.01924   -0.97841
88.00000   232.00000   -0.11056   -0.93002
8.00000   248.00000   0.11951   -1.15532
24.00000   248.00000   -0.04523   -0.92181
40.00000   248.00000   0.05959   -0.94274
56.00000   248.00000   -0.35419   -1.03762
72.00000   248.00000   -0.55861   -1.01826
88.00000   248.00000   -0.23622   -0.84016
8.00000   264.00000   -0.05006   -1.11517
24.00000   264.00000   0.04777   -1.07549
40.00000   264.00000   -0.00411   -0.90631
56.00000   264.00000   0.12453   -0.78350
72.00000   264.00000   -0.40567   -1.00623
88.00000   264.00000   -0.42641   -1.13089
8.00000   280.00000   -0.41073   -1.01214
24.00000   280.00000   -0.16465   -1.10446
40.00000   280.00000   0.31145   -1.00615
56.00000   280.00000   0.29075   -0.96160
72.00000   280.00000   -0.04159   -0.90569
88.00000   280.00000   -0.32920   -0.93579
8.00000   296.00000   -0.31681   -1.01040
24.00000   296.00000   0.35402   -1.00954
40.00000   296.00000   -0.11925   -0.89719
56.00000   296.00000   -0.17042   -1.04232
72.00000   296.00000   -0.23059   -0.84018
88.00000   296.00000   -0.08372   -1.08276
8.00000   312.00000   -0.00117   -0.99937
24.00000   312.00000   -0.14501   -1.06050
40.00000   312.00000   -0.14902   -1.13885
56.00000   312.00000   -0.23561   -1.01097
72.00000   312.00000   -0.20954   -0.98052
88.00000   312.00000   -0.02232   -0.94610
8.00000   328.00000   -0.14989   -1.11861
24.00000   328.00000   0.18984   -1.06766
40.00000   328.00000   -0.54108   -0.97854
56.00000   328.00000   -0.51353   -0.85378
72.00000   328.00000   -0.08909   -0.79041
88.00000   328.00000   -0.02995   -0.84317
8.00000   344.00000   0.03334   -0.98354
24.00000   344.00000   -0.49401   -1.02289
40.00000   344.00000   -0.29380   -0.94068
56.00000   344.00000   -0.34369   -1.06272
72.00000   344.00000   -0.02782   -0.97992
88.00000   344.00000   0.02025   -0.94792
8.00000   360.00000   -0.24796   -0.95547
24.00000   360.00000   -0.28003   -0.89294
40.00000   360.00000   -0.40108   -1.06960
56.00000   360.00000   -0.49254   -0.80145
72.00000   360.00000   -0.34204   -0.71423
88.00000   360.00000   0.09856   -0.83350
8.00000   376.00000   -0.08896   -0.98358
24.00000   376.00000   -0.53839   -0.91158
40.00000   376.00000   -0.57937   -0.86112
56.00000   376.00000   -0.47947   -1.08905
72.00000   376.00000   -0.11627   -0.74981
88.00000   376.00000   -0.18610   -0.89463
8.00000   392.00000   0.02602   -0.94611
24.00000   392.00000   -0.20116   -0.94879
40.00000   392.00000   -0.87013   -0.89638
56.00000   392.00000   -0.42283   -1.00891
72.00000   392.00000   -0.17221   -1.03816
88.00000   392.00000   -0.02191   -0.98135
8.00000   408.00000   -0.26956   -0.96733
24.00000   408.00000   -0.41261   -1.01008
40.00000   408.00000   -0.68863   -0.96959
56.00000   408.00000   -0.56929   -1.18848
72.00000   408.00000   -0.27790   -0.97901
88.00000   408.00000   -0.15074   -0.99832
8.00000   424.00000   0.13036   -1.03224
24.00000   424.00000   -0.69241   -1.12801
40.00000   424.00000   -0.58466   -0.93618
56.00000   424.00000   -0.13919   -0.99741
72.00000   424.00000   -0.26046   -1.07550
88.00000   424.00000   0.08641   -1.03101
8.00000   440.00000   -0.10827   -1.01813
24.00000   440.00000   -0.63309   -1.05057
40.00000   440.00000   -0.15636   -1.08770
56.00000   440.00000   -0.19647   -0.99326
72.00000   440.00000   -0.05738   -1.14530
88.00000   440.00000   -0.08752   -1.00398
8.00000   456.00000   -0.93811   -1.00817
24.00000   456.00000   -0.49982   -1.08099
40.00000   456.00000   -0.72495   -1.00717
56.00000   456.00000   -0.17691   -1.09845
72.00000   456.00000   -0.10467   -1.18894
88.00000   456.00000   -0.07451   -1.06584
8.00000   472.00000   -0.74069   -1.06152
24.00000   472.00000   -0.59106   -1.06440
40.00000   472.00000   -0.20071   -1.20841
56.00000   472.00000   -0.49840   -1.02422
72.00000   472.00000   -0.51186   -1.00425
88.00000   472.00000   -0.20857   -1.15635
8.00000   488.00000   -0.61083   -1.00863
24.00000   488.00000   -0.59625   -1.07007
40.00000   488.00000   -0.55197   -1.04261
56.00000   488.00000   -0.21345   -1.15075
72.00000   488.00000   -0.33710   -1.03588
88.00000   488.00000   -0.10797   -1.07021
8.00000   504.00000   -0.58339   -1.16602
24.00000   504.00000   -0.53903   -1.06191
40.00000   504.00000   -0.40170   -1.10848
56.00000   504.00000   -0.54412   -1.14934
72.00000   504.00000   -0.18941   -1.14212
88.00000   504.00000   -0.14828   -1.05463
8.00000   520.00000   -0.69367   -1.16771
24.00000   520.00000   -0.46337   -1.19704
40.00000   520.00000   -0.30316   -1.29029
56.00000   520.00000   -0.47897   -1.19759
72.00000   520.00000   -0.31724   -1.20466
88.00000   520.00000   -0.40259   -1.20944
8.00000   536.00000   -0.57040   -1.01692
24.00000   536.00000   -0.55590   -1.14449
40.00000   536.00000   -0.24931   -1.18870
56.00000   536.00000   -0.35800   -1.32186
72.00000   536.00000   -0.35872   -1.31664
88.00000   536.00000   -0.41075   -1.26521
