# image 26 and 27 x,y,u,v
8.00000   8.00000   -0.43675   -1.16331
24.00000   8.00000   -0.03144   -1.00487
40.00000   8.00000   -0.01579   -1.04847
56.00000   8.00000   -0.01669   -1.12176
72.00000   8.00000   0.16135   -0.92322
88.00000   8.00000   -0.11715   -0.97521
8.00000   24.00000   -0.51709   -1.10764
24.00000   24.00000   -0.23142   -1.02773
40.00000   24.00000   -0.01579   -1.08757
56.00000   24.00000   0.05600   -1.10026
72.00000   24.00000   -0.12858   -0.93970
88.00000   24.00000   -0.23700   -0.95158
8.00000   40.00000   -0.47672   -1.07894
24.00000   40.00000   -0.18112   -1.06905
40.00000   40.00000   -0.06695   -1.10122
56.00000   40.00000   -0.22824   -1.01945
72.00000   40.00000   -0.22811   -1.04313
88.00000   40.00000   -0.35458   -1.04125
8.00000   56.00000   -0.32355   -1.19486
24.00000   56.00000   -0.15722   -1.12603
40.00000   56.00000   0.10029   -1.01481
56.00000   56.00000   -0.28333   -1.05241
72.00000   56.00000   -0.16775   -0.99031
88.00000   56.00000   0.16009   -0.95935
8.00000   72.00000   -0.01436   -0.99263
24.00000   72.00000   -0.12173   -1.01316
40.00000   72.00000   -0.14390   -0.96904
56.00000   72.00000   0.30996   -1.01031
72.00000   72.00000   -0.09926   -1.00245
88.00000   72.00000   -0.27190   -1.08518
8.00000   88.00000   -0.62064   -1.02216
24.00000   88.00000   -0.10087   -0.96222
40.00000   88.00000   0.01685   -1.09847
56.00000   88.00000   0.08282   -1.02536
72.00000   88.00000   0.09946   -1.13544
88.00000   88.00000   -0.10859   -0.94990
8.00000   104.00000   -0.28537   -0.95006
24.00000   104.00000   0.00639   -1.03039
40.00000   104.00000   -0.13296   -1.11669
56.00000   104.00000   0.04737   -0.99890
72.00000   104.00000   -0.19881   -1.01412
88.00000   104.00000   0.01217   -0.93511
8.00000   120.00000   -0.12704   -1.08429
24.00000   120.00000   0.05564   -1.18965
40.00000   120.00000   -0.11981   -1.16443
56.00000   120.00000   -0.24691   -1.01279
72.00000   120.00000   -0.04753   -0.85189
88.00000   120.00000   -0.07430   -0.95213
8.00000   136.00000   -0.19670   -0.96179
24.00000   136.00000   -0.01542   -1.00660
40.00000   136.00000   -0.21800   -1.02497
56.00000   136.00000   -0.23741   -1.03598
72.00000   136.00000   -0.09030   -1.11522
88.00000   136.00000   0.12820   -1.03371
8.00000   152.00000   -0.09594   -1.01933
24.00000   152.00000   -0.21610   -0.94956
40.00000   152.00000   -0.11823   -0.91429
56.00000   152.00000   -0.25194   -1.02510
72.00000   152.00000   -0.07914   -1.02233
88.00000   152.00000   -0.07802   -1.00130
8.00000   168.00000   -0.32277   -0.96937
24.00000   168.00000   0.34433   -1.05749
40.00000   168.00000   -0.16936   -1.08325
56.00000   168.00000   0.06217   -1.09480
72.00000   168.00000   0.04865   -1.10723
88.00000   168.00000   -0.12049   -1.20476
8.00000   184.00000   -0.00894   -1.02163
24.00000   184.00000   -0.02767   -0.78137
40.00000   184.00000   -0.13189   -1.10283
56.00000   184.00000   -0.07465   -1.06760
72.00000   184.00000   -0.15899   -1.13474
88.00000   184.00000   0.01871   -1.08930
8.00000   200.00000   0.10330   -0.89706
24.00000   200.00000   -0.20578   -0.97715
40.00000   200.00000   0.06083   -0.99761
56.00000   200.00000   0.15216   -1.13522
72.00000   200.00000   0.04347   -1.05942
88.00000   200.00000   -0.21311   -1.05795
8.00000   216.00000   -0.12498   -1.02093
24.00000   216.00000   -0.17509   -0.97917
40.00000   216.00000   0.11588   -1.08234
56.00000   216.00000   0.09774   -0.90592
72.00000   216.00000   -0.05173   -0.97604
88.00000   216.00000   -0.04050   -0.96185
8.00000   232.00000   0.31037   -1.04623
24.00000   232.00000   -0.05071   -1.07120
40.00000   232.00000   -0.20865   -1.04323
56.00000   232.00000   -0.09629   -1.03756
72.00000   232.00000   0.03432   -1.08524
88.00000   232.00000   -0.16552   -0.92563
8.00000   248.00000   -0.15063   -1.01999
24.00000   248.00000   0.19196   -1.00482
40.00000   248.00000   0.10056   -0.93302
56.00000   248.00000   -0.34491   -0.94270
72.00000   248.00000   -0.21793   -1.10710
88.00000   248.00000   -0.32993   -0.94075
8.00000   264.00000   0.13355   -1.00733
24.00000   264.00000   -0.01272   -1.05129
40.00000   264.00000   -0.10051   -0.79493
56.00000   264.00000   -0.11224   -0.84283
72.00000   264.00000   -0.54023   -1.04187
88.00000   264.00000   -0.19740   -0.99114
8.00000   280.00000   -0.17419   -1.13099
24.00000   280.00000   0.07318   -1.10982
40.00000   280.00000   0.14392   -1.05605
56.00000   280.00000   0.12166   -0.82670
72.00000   280.00000   -0.27749   -0.90920
88.00000   280.00000   -0.16532   -0.92903
8.00000   296.00000   -0.17368   -1.04654
24.00000   296.00000   -0.25672   -1.04312
40.00000   296.00000   -0.05783   -0.92089
56.00000   296.00000   0.20241   -0.94069
72.00000   296.00000   -0.14176   -0.96701
88.00000   296.00000   -0.19661   -0.84613
8.00000   312.00000   -0.11073   -1.00866
24.00000   312.00000   0.24584   -1.05859
40.00000   312.00000   0.05382   -1.09734
56.00000   312.00000   -0.16838   -0.87616
72.00000   312.00000   -0.22334   -0.90799
88.00000   312.00000   -0.02485   -1.01227
8.00000   328.00000   0.05921   -1.06243
24.00000   328.00000   -0.19123   -0.89907
40.00000   328.00000   -0.50809   -1.12205
56.00000   328.00000   -0.58566   -0.81756
72.00000   328.00000   -0.16678   -0.85120
88.00000   328.00000   0.01123   -1.05868
8.00000   344.00000   0.04251   -1.02335
24.00000   344.00000   -0.63677   -0.96638
40.00000   344.00000   -0.59254   -0.98772
56.00000   344.00000   -0.31904   -0.90477
72.00000   344.00000   -0.06734   -0.95585
88.00000   344.00000   0.01879   -0.89040
8.00000   360.00000   -0.46890   -0.99382
24.00000   360.00000   -0.50424   -1.21046
40.00000   360.00000   -0.35469   -0.91800
56.00000   360.00000   -0.49647   -0.91190
72.00000   360.00000   -0.33296   -0.91219
88.00000   360.00000   0.01049   -0.82545
8.00000   376.00000   -0.22185   -0.90323
24.00000   376.00000   -0.31905   -1.00461
40.00000   376.00000   -0.56247   -0.89131
56.00000   376.00000   -0.78927   -0.92949
72.00000   376.00000   -0.24911   -0.72030
88.00000   376.00000   -0.06755   -0.85569
8.00000   392.00000   -0.20252   -1.06930
24.00000   392.00000   -0.59986   -1.08970
40.00000   392.00000   -0.81422   -0.97442
56.00000   392.00000   -0.55185   -0.86961
72.00000   392.00000   -0.13510   -1.03273
88.00000   392.00000   -0.01272   -1.09965
8.00000   408.00000   -0.10875   -0.98173
24.00000   408.00000   -0.33561   -0.82997
40.00000   408.00000   -0.53690   -1.02965
56.00000   408.00000   -0.51072   -0.99676
72.00000   408.00000   -0.33614   -1.19576
88.00000   408.00000   -0.07572   -1.12699
8.00000   424.00000   -0.09611   -0.89763
24.00000   424.00000   -0.45105   -1.07156
40.00000   424.00000   -0.67512   -0.97042
56.00000   424.00000   0.01981   -1.10277
72.00000   424.00000   -0.22100   -1.08142
88.00000   424.00000   -0.05225   -1.06547
8.00000   440.00000   -0.17473   -1.14166
24.00000   440.00000   -0.58680   -0.95203
40.00000   440.00000   -0.49368   -1.17485
56.00000   440.00000   -0.15738   -0.95375
72.00000   440.00000   -0.09171   -1.02109
88.00000   440.00000   0.02461   -1.07674
8.00000   456.00000   -0.74121   -1.03472
24.00000   456.00000   -0.15865   -0.86462
40.00000   456.00000   -0.16452   -1.22306
56.00000   456.00000   -0.03560   -1.13568
72.00000   456.00000   -0.13776   -1.16692
88.00000   456.00000   -0.33719   -0.99968
8.00000   472.00000   -0.75923   -1.03642
24.00000   472.00000   -0.60442   -0.98370
40.00000   472.00000   -0.41006   -0.97298
56.00000   472.00000   -0.18515   -1.13281
72.00000   472.00000   -0.37517   -1.09595
88.00000   472.00000   -0.08389   -1.09519
8.00000   488.00000   -0.10535   -1.06017
24.00000   488.00000   -0.38243   -1.00513
40.00000   488.00000   -0.16406   -1.16311
56.00000   488.00000   -0.25188   -1.16828
72.00000   488.00000   -0.23807   -1.25263
88.00000   488.00000   -0.16261   -1.03255
8.00000   504.00000   -0.44406   -1.17471
24.00000   504.00000   -0.67609   -0.91203
40.00000   504.00000   -0.40529   -0.98192
56.00000   504.00000   -0.59037   -1.08275
72.00000   504.00000   -0.28010   -1.12013
88.00000   504.00000   -0.14693   -1.18374
8.00000   520.00000   -0.59355   -1.06153
24.00000   520.00000   -0.29300   -1.21534
40.00000   520.00000   -0.46277   -1.19574
56.00000   520.00000   -0.52884   -1.19574
72.00000   520.00000   -0.30036   -1.14943
88.00000   520.00000   -0.26451   -1.17483
8.00000   536.00000   -1.05480   -1.05246
24.00000   536.00000   -0.35017   -1.22768
40.00000   536.00000   0.14119   -1.30751
56.00000   536.00000   -0.41798   -1.29880
72.00000   536.00000   -0.38961   -1.28958
88.00000   536.00000   -0.14478   -1.22851
