# image 35 and 36 x,y,u,v
8.00000   8.00000   -0.49999   -0.99356
24.00000   8.00000   -0.12127   -1.04640
40.00000   8.00000   0.05387   -1.10961
56.00000   8.00000   -0.04585   -1.03933
72.00000   8.00000   -0.03397   -0.93378
88.00000   8.00000   0.08398   -0.87419
8.00000   24.00000   -0.58717   -1.06452
24.00000   24.00000   -0.41008   -1.05637
40.00000   24.00000   0.40506   -1.07055
56.00000   24.00000   -0.09749   -1.04123
72.00000   24.00000   0.03682   -0.94770
88.00000   24.00000   -0.23261   -0.94107
8.00000   40.00000   -0.55971   -0.97294
24.00000   40.00000   -0.17483   -1.07518
40.00000   40.00000   -0.23473   -1.04400
56.00000   40.00000   -0.32220   -1.15667
72.00000   40.00000   -0.33864   -0.96838
88.00000   40.00000   -0.21004   -0.94154
8.00000   56.00000   -0.41269   -0.96042
24.00000   56.00000   -0.07586   -1.04481
40.00000   56.00000   -0.16961   -1.20727
56.00000   56.00000   -0.13169   -1.08518
72.00000   56.00000   -0.08101   -1.06075
88.00000   56.00000   -0.35489   -0.97436
8.00000   72.00000   -0.45371   -1.06508
24.00000   72.00000   -0.10574   -0.96381
40.00000   72.00000   -0.18685   -0.94133
56.00000   72.00000   0.03959   -0.99857
72.00000   72.00000   -0.10575   -1.08590
88.00000   72.00000   -0.24762   -0.98150
8.00000   88.00000   -0.31802   -0.99723
24.00000   88.00000   -0.02957   -1.03111
40.00000   88.00000   -0.13668   -1.10735
56.00000   88.00000   -0.06664   -1.18851
72.00000   88.00000   -0.19664   -0.99095
88.00000   88.00000   -0.10262   -1.12003
8.00000   104.00000   -0.42820   -1.08724
24.00000   104.00000   0.05148   -1.08115
40.00000   104.00000   0.05891   -1.05710
56.00000   104.00000   0.00959   -0.97714
72.00000   104.00000   -0.35016   -0.90749
88.00000   104.00000   -0.03930   -1.00342
8.00000   120.00000   -0.17537   -0.95566
24.00000   120.00000   0.13566   -1.12996
40.00000   120.00000   -0.06727   -1.08345
56.00000   120.00000   -0.11672   -1.04606
72.00000   120.00000   -0.07611   -1.04062
88.00000   120.00000   -0.09603   -0.87031
8.00000   136.00000   -0.17884   -1.20979
24.00000   136.00000   -0.06058   -1.10205
40.00000   136.00000   -0.23683   -1.06057
56.00000   136.00000   -0.26758   -0.98535
72.00000   136.00000   -0.05441   -1.21926
88.00000   136.00000   -0.21037   -0.99346
8.00000   152.00000   -0.12923   -1.11565
24.00000   152.00000   -0.11727   -0.94710
40.00000   152.00000   0.17395   -0.96179
56.00000   152.00000   0.07353   -1.00291
72.00000   152.00000   0.02682   -0.96422
88.00000   152.00000   -0.07267   -0.88414
8.00000   168.00000   0.04040   -1.11091
24.00000   168.00000   0.11300   -1.04180
40.00000   168.00000   -0.05009   -1.06822
56.00000   168.00000   -0.21287   -1.04161
72.00000   168.00000   -0.08990   -1.09088
88.00000   168.00000   -0.04508   -1.08010
8.00000   184.00000   0.01137   -1.01972
24.00000   184.00000   -0.12669   -0.85687
40.00000   184.00000   -0.11823   -1.03716
56.00000   184.00000   0.04044   -0.95529
72.00000   184.00000   -0.05576   -1.20427
88.00000   184.00000   -0.01256   -1.07496
8.00000   200.00000   -0.13138   -1.00958
24.00000   200.00000   -0.21695   -1.08636
40.00000   200.00000   -0.02814   -0.92449
56.00000   200.00000   0.21827   -0.99460
72.00000   200.00000   -0.14469   -0.98702
88.00000   200.00000   -0.07286   -0.96713
8.00000   216.00000   -0.22975   -0.98387
24.00000   216.00000   -0.18464   -1.04853
40.00000   216.00000   0.07740   -0.99072
56.00000   216.00000   -0.00284   -0.92324
72.00000   216.00000   0.12991   -0.94732
88.00000   216.00000   -0.20675   -1.10367
8.00000   232.00000   -0.23298   -0.87673
24.00000   232.00000   -0.10309   -1.00668
40.00000   232.00000   0.12639   -0.96817
56.00000   232.00000   -0.00199   -0.97228
72.00000   232.00000   -0.01947   -1.01691
88.00000   232.00000   -0.07608   -0.95330
8.00000   248.00000   -0.28246   -0.98891
24.00000   248.00000   -0.00247   -0.95560
40.00000   248.00000   0.02144   -1.06866
56.00000   248.00000   -0.49350   -1.02881
72.00000   248.00000   -0.54162   -1.00080
88.00000   248.00000   -0.26847   -0.95183
8.00000   264.00000   0.02134   -1.24843
24.00000   264.00000   0.06011   -1.09505
40.00000   264.00000   -0.17510   -0.88353
56.00000   264.00000   0.13112   -0.88655
72.00000   264.00000   -0.23372   -1.11865
88.00000   264.00000   -0.28872   -0.96607
8.00000   280.00000   -0.53136   -0.86897
24.00000   280.00000   -0.15103   -1.09847
40.00000   280.00000   0.06737   -1.09148
56.00000   280.00000   0.19026   -1.17241
72.00000   280.00000   -0.09531   -0.97983
88.00000   280.00000   -0.28684   -0.95273
8.00000   296.00000   -0.16160   -0.95298
24.00000   296.00000   0.04174   -1.12413
40.00000   296.00000   -0.21790   -0.93744
56.00000   296.00000   -0.01607   -1.06686
72.00000   296.00000   -0.24326   -0.74709
88.00000   296.00000   -0.17481   -1.00066
8.00000   312.00000   -0.01198   -0.98788
24.00000   312.00000   -0.00248   -1.06083
40.00000   312.00000   -0.26215   -1.09811
56.00000   312.00000   -0.34576   -0.86654
72.00000   312.00000   -0.14611   -0.91139
88.00000   312.00000   -0.13095   -0.97538
8.00000   328.00000   -0.02155   -0.88151
24.00000   328.00000   0.26844   -1.24683
40.00000   328.00000   -0.53981   -1.09224
56.00000   328.00000   -0.50463   -0.97199
72.00000   328.00000   0.02091   -0.92212
88.00000   328.00000   0.07016   -0.90483
8.00000   344.00000   -0.16928   -0.99118
24.00000   344.00000   -0.67115   -0.93631
40.00000   344.00000   -0.24627   -0.91937
56.00000   344.00000   -0.27909   -0.85828
72.00000   344.00000   -0.29620   -0.99156
88.00000   344.00000   0.05537   -0.84924
8.00000   360.00000   -0.54678   -0.77640
24.00000   360.00000   -0.62711   -0.87363
40.00000   360.00000   -0.84127   -0.99097
56.00000   360.00000   -0.32343   -1.03210
72.00000   360.00000   -0.33601   -0.98462
88.00000   360.00000   0.28995   -1.00240
8.00000   376.00000   -0.10033   -0.95195
24.00000   376.00000   -0.64705   -0.95095
40.00000   376.00000   -0.76832   -1.04929
56.00000   376.00000   -0.62191   -1.04510
72.00000   376.00000   -0.40729   -0.84075
88.00000   376.00000   -0.00462   -0.94228
8.00000   392.00000   -0.36813   -0.82246
24.00000   392.00000   -0.39192   -1.13681
40.00000   392.00000   -0.68233   -0.95459
56.00000   392.00000   -0.67197   -1.05654
72.00000   392.00000   -0.17090   -0.92950
88.00000   392.00000   0.00489   -0.95999
8.00000   408.00000   0.00803   -1.06113
24.00000   408.00000   -0.56636   -0.99862
40.00000   408.00000   -0.68402   -1.08571
56.00000   408.00000   -0.51993   -1.03754
72.00000   408.00000   -0.18201   -1.04343
88.00000   408.00000   0.20126   -1.13459
8.00000   424.00000   -0.05739   -0.84398
24.00000   424.00000   -0.72684   -1.10516
40.00000   424.00000   -0.33997   -0.96585
56.00000   424.00000   -0.01864   -1.11568
72.00000   424.00000   -0.16119   -1.12518
88.00000   424.00000   -0.07963   -1.03229
8.00000   440.00000   -0.21276   -1.21648
24.00000   440.00000   -0.61778   -1.19567
40.00000   440.00000   -0.44127   -1.15630
56.00000   440.00000   -0.27503   -1.07858
72.00000   440.00000   -0.24082   -1.06658
88.00000   440.00000   -0.08270   -1.05745
8.00000   456.00000   -0.69584   -1.01504
24.00000   456.00000   -0.22674   -1.13366
40.00000   456.00000   -0.68820   -1.11861
56.00000   456.00000   -0.37967   -1.15370
72.00000   456.00000   -0.30439   -1.26859
88.00000   456.00000   -0.19737   -1.02853
8.00000   472.00000   -0.70757   -0.95528
24.00000   472.00000   -0.35507   -1.00462
40.00000   472.00000   -0.35241   -1.14267
56.00000   472.00000   -0.28098   -1.10818
72.00000   472.00000   -0.32160   -1.05961
88.00000   472.00000   -0.14782   -0.97642
8.00000   488.00000   -0.59597   -1.06171
24.00000   488.00000   -0.27980   -1.04893
40.00000   488.00000   -0.60745   -1.00452
56.00000   488.00000   -0.49054   -1.12364
72.00000   488.00000   -0.31678   -1.21536
88.00000   488.00000   -0.21650   -1.13792
8.00000   504.00000   -0.56466   -1.00102
24.00000   504.00000   -0.82893   -1.12012
40.00000   504.00000   -0.34187   -1.26388
56.00000   504.00000   -0.50799   -1.03993
72.00000   504.00000   -0.42334   -1.03357
88.00000   504.00000   -0.31750   -1.08377
8.00000   520.00000   -0.71172   -1.05881
24.00000   520.00000   -0.72191   -1.11069
40.00000   520.00000   -0.05730   -1.36986
56.00000   520.00000   -0.58507   -1.36986
72.00000   520.00000   -0.35767   -1.17405
88.00000   520.00000   -0.23351   -1.23035
8.00000   536.00000   0.17996   -1.13528
24.00000   536.00000   -0.41476   -1.12423
40.00000   536.00000   -0.09299   -1.30076
56.00000   536.00000   -0.42119   -1.22901
72.00000   536.00000   -0.47309   -1.32753
88.00000   536.00000   -0.35049   -1.20595
