# image 61 and 62 x,y,u,v
8.00000   8.00000   -0.48112   -0.94005
24.00000   8.00000   -0.22269   -1.04614
40.00000   8.00000   0.14585   -1.02190
56.00000   8.00000   0.10998   -0.95159
72.00000   8.00000   -0.04280   -1.04258
88.00000   8.00000   -0.00174   -0.97469
8.00000   24.00000   -0.51986   -1.06375
24.00000   24.00000   -0.33936   -0.99775
40.00000   24.00000   0.19718   -0.97084
56.00000   24.00000   -0.12004   -0.99095
72.00000   24.00000   -0.22152   -1.01707
88.00000   24.00000   -0.23198   -0.94356
8.00000   40.00000   -0.48750   -0.94252
24.00000   40.00000   -0.33293   -1.06175
40.00000   40.00000   -0.40634   -1.00671
56.00000   40.00000   -0.01824   -1.17917
72.00000   40.00000   -0.42673   -0.93773
88.00000   40.00000   -0.35027   -0.92935
8.00000   56.00000   -0.22248   -1.01222
24.00000   56.00000   -0.23839   -1.14801
40.00000   56.00000   -0.29273   -1.11319
56.00000   56.00000   -0.20771   -0.97639
72.00000   56.00000   -0.14582   -1.06241
88.00000   56.00000   -0.34985   -0.99904
8.00000   72.00000   -0.39142   -1.10911
24.00000   72.00000   0.22808   -1.02994
40.00000   72.00000   0.07501   -0.94043
56.00000   72.00000   -0.11208   -0.92157
72.00000   72.00000   0.15156   -1.02759
88.00000   72.00000   -0.17537   -0.91448
8.00000   88.00000   -0.25130   -1.05853
24.00000   88.00000   -0.22392   -0.97929
40.00000   88.00000   0.13821   -1.04279
56.00000   88.00000   -0.29953   -0.92974
72.00000   88.00000   -0.07320   -1.01879
88.00000   88.00000   0.07820   -1.01669
8.00000   104.00000   -0.21685   -1.02856
24.00000   104.00000   -0.16449   -0.98992
40.00000   104.00000   0.08647   -0.91394
56.00000   104.00000   -0.24571   -1.02181
72.00000   104.00000   -0.12082   -0.89129
88.00000   104.00000   -0.09737   -1.01826
8.00000   120.00000   -0.44123   -1.08164
24.00000   120.00000   0.12261   -1.05243
40.00000   120.00000   -0.10778   -0.99051
56.00000   120.00000   -0.10361   -0.97086
72.00000   120.00000   -0.20423   -1.06207
88.00000   120.00000   -0.22035   -0.84333
8.00000   136.00000   -0.00330   -1.08075
24.00000   136.00000   -0.63050   -1.14364
40.00000   136.00000   0.10089   -1.06857
56.00000   136.00000   -0.05168   -1.15820
72.00000   136.00000   -0.33446   -1.00067
88.00000   136.00000   -0.24918   -1.19021
8.00000   152.00000   -0.09545   -1.06448
24.00000   152.00000   -0.18846   -0.93302
40.00000   152.00000   -0.09222   -1.11853
56.00000   152.00000   0.09358   -1.06548
72.00000   152.00000   -0.15068   -1.03967
88.00000   152.00000   -0.22609   -0.98807
8.00000   168.00000   0.10736   -0.89919
24.00000   168.00000   0.26365   -1.10380
40.00000   168.00000   0.01313   -0.98361
56.00000   168.00000   0.02376   -1.06254
72.00000   168.00000   -0.11016   -0.95717
88.00000   168.00000   0.10886   -1.09018
8.00000   184.00000   -0.05770   -1.01643
24.00000   184.00000   -0.22567   -1.07067
40.00000   184.00000   -0.09091   -0.81684
56.00000   184.00000   0.06520   -1.02925
72.00000   184.00000   0.04740   -0.98929
88.00000   184.00000   0.15705   -1.04811
8.00000   200.00000   -0.03526   -1.15535
24.00000   200.00000   -0.20455   -1.01316
40.00000   200.00000   0.17579   -0.96656
56.00000   200.00000   -0.12176   -1.05304
72.00000   200.00000   0.01937   -1.10143
88.00000   200.00000   -0.14018   -1.05679
8.00000   216.00000   -0.05150   -1.05497
24.00000   216.00000   0.10336   -0.97926
40.00000   216.00000   0.00225   -1.06421
56.00000   216.00000   0.15550   -0.84132
72.00000   216.00000   -0.19908   -0.89506
88.00000   216.00000   -0.20877   -0.97631
8.00000   232.00000   -0.15960   -0.92805
24.00000   232.00000   0.00264   -1.00012
40.00000   232.00000   -0.28335   -1.04832
56.00000   232.00000   0.24399   -1.03496
72.00000   232.00000   -0.05808   -0.95371
88.00000   232.00000   -0.07731   -0.99056
8.00000   248.00000   -0.19448   -1.02896
24.00000   248.00000   -0.16304   -0.90058
40.00000   248.00000   0.13597   -1.06842
56.00000   248.00000   -0.22614   -1.13787
72.00000   248.00000   -0.46942   -0.83592
88.00000   248.00000   -0.40260   -0.77003
8.00000   264.00000   -0.25409   -1.12919
24.00000   264.00000   -0.17097   -0.88285
40.00000   264.00000   -0.16231   -0.93537
56.00000   264.00000   -0.09626   -1.01836
72.00000   264.00000   -0.09127   -0.95685
88.00000   264.00000   -0.01786   -0.99416
8.00000   280.00000   0.07140   -1.08770
24.00000   280.00000   -0.10972   -1.09801
40.00000   280.00000   0.45778   -1.18085
56.00000   280.00000   0.19682   -0.96912
72.00000   280.00000   -0.23343   -0.95967
88.00000   280.00000   -0.17006   -0.97207
8.00000   296.00000   -0.10767   -1.00794
24.00000   296.00000   -0.11976   -0.99626
40.00000   296.00000   -0.07862   -1.05934
56.00000   296.00000   -0.08113   -0.86379
72.00000   296.00000   -0.12707   -1.11090
88.00000   296.00000   -0.12656   -0.81245
8.00000   312.00000   0.02056   -1.08225
24.00000   312.00000   -0.44685   -0.97899
40.00000   312.00000   0.00482   -0.91239
56.00000   312.00000   -0.04291   -0.94755
72.00000   312.00000   0.04825   -0.90115
88.00000   312.00000   0.08057   -0.96877
8.00000   328.00000   -0.27188   -0.93322
24.00000   328.00000   -0.17474   -1.06509
40.00000   328.00000   -0.62916   -1.00222
56.00000   328.00000   -0.29199   -0.91186
72.00000   328.00000   -0.36817   -0.73175
88.00000   328.00000   0.07522   -1.03514
8.00000   344.00000   -0.16417   -1.10479
24.00000   344.00000   -0.06271   -1.05395
40.00000   344.00000   -0.73776   -1.00275
56.00000   344.00000   -0.23993   -0.94969
72.00000   344.00000   -0.17777   -0.97894
88.00000   344.00000   0.00085   -0.77681
8.00000   360.00000   -0.21344   -0.91411
24.00000   360.00000   -0.44114   -0.96886
40.00000   360.00000   -0.63045   -1.02010
56.00000   360.00000   -0.45099   -0.98254
72.00000   360.00000   -0.33614   -0.92193
88.00000   360.00000   0.12713   -0.95727
8.00000   376.00000   0.14676   -0.98475
24.00000   376.00000   -0.66607   -0.95463
40.00000   376.00000   -0.61559   -1.01321
56.00000   376.00000   -0.22474   -1.04590
72.00000   376.00000   -0.15017   -1.00821
88.00000   376.00000   -0.11271   -0.82926
8.00000   392.00000   -0.45925   -1.05188
24.00000   392.00000   -0.61398   -0.93055
40.00000   392.00000   -0.76075   -1.01987
56.00000   392.00000   -0.61603   -0.70019
72.00000   392.00000   -0.29062   -0.97590
88.00000   392.00000   -0.09722   -0.78563
8.00000   408.00000   -0.23255   -1.14478
24.00000   408.00000   -0.60878   -0.98650
40.00000   408.00000   -0.64629   -0.95139
56.00000   408.00000   -0.39210   -1.01486
72.00000   408.00000   -0.43957   -1.02334
88.00000   408.00000   0.00883   -0.98690
8.00000   424.00000   -0.35180   -1.08517
24.00000   424.00000   -0.61348   -1.18226
40.00000   424.00000   -0.50460   -1.06299
56.00000   424.00000   -0.49556   -0.98548
72.00000   424.00000   -0.12984   -1.14502
88.00000   424.00000   -0.23387   -1.01513
8.00000   440.00000   -0.38288   -1.01883
24.00000   440.00000   -0.55552   -1.09867
40.00000   440.00000   -0.55029   -1.09814
56.00000   440.00000   -0.14825   -1.18038
72.00000   440.00000   -0.03212   -1.18312
88.00000   440.00000   0.01532   -1.14333
8.00000   456.00000   -0.83292   -0.97164
24.00000   456.00000   -0.55523   -1.01200
40.00000   456.00000   -0.60226   -1.05945
56.00000   456.00000   -0.13114   -1.16571
72.00000   456.00000   -0.10226   -1.14261
88.00000   456.00000   -0.14987   -1.05250
8.00000   472.00000   -0.56656   -0.94301
24.00000   472.00000   -0.39456   -1.21789
40.00000   472.00000   -0.48189   -1.10560
56.00000   472.00000   -0.26343   -0.99971
72.00000   472.00000   -0.33582   -1.04232
88.00000   472.00000   -0.07024   -1.04689
8.00000   488.00000   -0.18527   -0.93304
24.00000   488.00000   -0.66419   -1.08389
40.00000   488.00000   -0.55659   -1.22920
56.00000   488.00000   -0.58006   -1.20855
72.00000   488.00000   -0.53904   -1.18236
88.00000   488.00000   -0.20696   -1.13655
8.00000   504.00000   -0.56734   -1.05357
24.00000   504.00000   -0.65843   -1.15057
40.00000   504.00000   -0.72436   -1.14626
56.00000   504.00000   -0.52544   -0.99108
72.00000   504.00000   -0.50616   -1.04609
88.00000   504.00000   -0.15277   -1.30858
8.00000   520.00000   -0.69261   -0.90234
24.00000   520.00000   -0.56684   -1.17132
40.00000   520.00000   0.02785   -1.11502
56.00000   520.00000   -0.59421   -1.23669
72.00000   520.00000   -0.56645   -1.15741
88.00000   520.00000   -0.09083   -1.21818
8.00000   536.00000   -0.36251   -1.24232
24.00000   536.00000   -0.41783   -1.09379
40.00000   536.00000   -0.48451   -1.47893
56.00000   536.00000   -0.50106   -1.42752
72.00000   536.00000   -0.39144   -1.37524
88.00000   536.00000   -0.17954   -1.27043
