# image 1 and 2 x,y,u,v
8.00000   8.00000   -0.46870   -1.03124
24.00000   8.00000   -0.28034   -1.12744
40.00000   8.00000   -0.00371   -1.14351
56.00000   8.00000   0.16650   -1.11508
72.00000   8.00000   0.08352   -1.10079
88.00000   8.00000   -0.15197   -0.84957
8.00000   24.00000   -0.51480   -0.99389
24.00000   24.00000   -0.17479   -1.03338
40.00000   24.00000   0.06294   -1.13166
56.00000   24.00000   0.12721   -1.13500
72.00000   24.00000   -0.08367   -0.98916
88.00000   24.00000   0.10661   -0.91767
8.00000   40.00000   -0.56032   -0.91357
24.00000   40.00000   -0.10460   -1.04969
40.00000   40.00000   -0.29785   -1.00416
56.00000   40.00000   -0.24446   -1.09482
72.00000   40.00000   -0.15323   -1.05270
88.00000   40.00000   -0.10311   -1.08597
8.00000   56.00000   -0.58129   -1.07078
24.00000   56.00000   -0.11143   -1.01892
40.00000   56.00000   -0.11526   -1.26382
56.00000   56.00000   0.17152   -0.99697
72.00000   56.00000   -0.08780   -1.00218
88.00000   56.00000   -0.19200   -1.03059
8.00000   72.00000   -0.06647   -1.05721
24.00000   72.00000   -0.21274   -0.89924
40.00000   72.00000   -0.14604   -0.83531
56.00000   72.00000   -0.02119   -0.94725
72.00000   72.00000   -0.20171   -1.10131
88.00000   72.00000   -0.12850   -0.97973
8.00000   88.00000   -0.13711   -0.92507
24.00000   88.00000   0.04360   -1.03679
40.00000   88.00000   0.01572   -1.07002
56.00000   88.00000   0.03551   -0.95704
72.00000   88.00000   -0.17540   -1.12350
88.00000   88.00000   -0.02321   -0.90459
8.00000   104.00000   -0.47622   -1.11953
24.00000   104.00000   -0.08130   -1.02359
40.00000   104.00000   -0.01842   -0.89653
56.00000   104.00000   -0.14104   -0.97740
72.00000   104.00000   -0.09046   -0.93204
88.00000   104.00000   -0.02875   -0.92020
8.00000   120.00000   -0.54347   -1.01417
24.00000   120.00000   0.01040   -1.16989
40.00000   120.00000   -0.17276   -1.15162
56.00000   120.00000   -0.10472   -1.03986
72.00000   120.00000   -0.11682   -0.95584
88.00000   120.00000   0.03102   -1.11406
8.00000   136.00000   -0.17260   -1.01891
24.00000   136.00000   -0.33649   -0.94814
40.00000   136.00000   -0.15473   -1.19242
56.00000   136.00000   -0.14655   -1.09628
72.00000   136.00000   -0.12885   -1.00255
88.00000   136.00000   -0.08306   -0.93043
8.00000   152.00000   0.32554   -1.27122
24.00000   152.00000   -0.22591   -1.03511
40.00000   152.00000   -0.46015   -0.84791
56.00000   152.00000   -0.10213   -0.98516
72.00000   152.00000   -0.19792   -0.94995
88.00000   152.00000   -0.15296   -0.95034
8.00000   168.00000   -0.20027   -1.02491
24.00000   168.00000   -0.15734   -1.04660
40.00000   168.00000   -0.16625   -0.99041
56.00000   168.00000   -0.06493   -0.99006
72.00000   168.00000   0.06182   -1.09706
88.00000   168.00000   0.00412   -1.15925
8.00000   184.00000   0.03350   -0.98258
24.00000   184.00000   -0.10507   -0.92887
40.00000   184.00000   0.08803   -1.02818
56.00000   184.00000   0.06377   -0.89089
72.00000   184.00000   -0.07089   -1.13555
88.00000   184.00000   -0.14626   -1.03694
8.00000   200.00000   -0.18274   -0.97032
24.00000   200.00000   0.05739   -1.02810
40.00000   200.00000   0.07227   -0.95069
56.00000   200.00000   -0.13018   -1.05854
72.00000   200.00000   -0.02780   -1.12708
88.00000   200.00000   -0.12798   -1.11500
8.00000   216.00000   -0.05178   -0.99546
24.00000   216.00000   0.27489   -1.11207
40.00000   216.00000   -0.01468   -1.04253
56.00000   216.00000   -0.02245   -0.97146
72.00000   216.00000   -0.20871   -1.03082
88.00000   216.00000   -0.05730   -1.01866
8.00000   232.00000   -0.15243   -1.02784
24.00000   232.00000   0.14675   -1.02933
40.00000   232.00000   -0.29388   -0.99248
56.00000   232.00000   0.00651   -0.99682
72.00000   232.00000   -0.17697   -0.91861
88.00000   232.00000   -0.11344   -0.86738
8.00000   248.00000   -0.12141   -1.02004
24.00000   248.00000   0.00655   -0.88244
40.00000   248.00000   -0.20806   -0.90873
56.00000   248.00000   0.19835   -1.08547
72.00000   248.00000   -0.14870   -1.10902
88.00000   248.00000   -0.22514   -0.96507
8.00000   264.00000   -0.17649   -1.07113
24.00000   264.00000   -0.04203   -1.06155
40.00000   264.00000   0.08162   -0.94388
56.00000   264.00000   0.20129   -1.07246
72.00000   264.00000   -0.32004   -1.05095
88.00000   264.00000   -0.35245   -0.90674
8.00000   280.00000   -0.17415   -1.08178
24.00000   280.00000   0.08855   -0.98635
40.00000   280.00000   0.00580   -0.95279
56.00000   280.00000   0.06878   -1.05827
72.00000   280.00000   -0.70431   -1.10951
88.00000   280.00000   -0.29415   -0.97243
8.00000   296.00000   -0.03878   -1.10222
24.00000   296.00000   -0.04558   -0.98647
40.00000   296.00000   -0.18493   -0.76887
56.00000   296.00000   0.09418   -0.89160
72.00000   296.00000   -0.11696   -0.80011
88.00000   296.00000   -0.45953   -0.87564
8.00000   312.00000   0.08164   -1.04984
24.00000   312.00000   0.08130   -1.07345
40.00000   312.00000   -0.12606   -0.98310
56.00000   312.00000   -0.34255   -1.13039
72.00000   312.00000   -0.21552   -0.94413
88.00000   312.00000   -0.00947   -1.06671
8.00000   328.00000   -0.16009   -1.02522
24.00000   328.00000   -0.11416   -0.95473
40.00000   328.00000   -0.70235   -0.97716
56.00000   328.00000   -0.29086   -1.04114
72.00000   328.00000   -0.21118   -0.98618
88.00000   328.00000   0.25149   -1.00908
8.00000   344.00000   -0.02449   -0.90281
24.00000   344.00000   -0.46411   -0.99748
40.00000   344.00000   -0.42238   -0.94684
56.00000   344.00000   -0.19081   -0.94812
72.00000   344.00000   -0.18109   -0.86784
88.00000   344.00000   0.01764   -0.90680
8.00000   360.00000   -0.16633   -0.98255
24.00000   360.00000   -0.05529   -0.95653
40.00000   360.00000   -0.63585   -1.02153
56.00000   360.00000   -0.46598   -0.86262
72.00000   360.00000   -0.19518   -0.87775
88.00000   360.00000   0.05997   -0.92946
8.00000   376.00000   0.14439   -0.96683
24.00000   376.00000   0.13870   -1.06032
40.00000   376.00000   -0.64367   -0.92817
56.00000   376.00000   -0.47739   -0.98468
72.00000   376.00000   -0.27810   -0.79483
88.00000   376.00000   -0.02392   -0.86694
8.00000   392.00000   0.06757   -1.03792
24.00000   392.00000   -0.31008   -1.10066
40.00000   392.00000   -0.70027   -1.09210
56.00000   392.00000   -0.67093   -1.01405
72.00000   392.00000   -0.34598   -0.86712
88.00000   392.00000   -0.19268   -1.02192
8.00000   408.00000   -0.30607   -1.06292
24.00000   408.00000   0.18323   -0.94466
40.00000   408.00000   -0.53089   -0.99761
56.00000   408.00000   -0.66178   -1.11748
72.00000   408.00000   -0.37790   -1.14400
88.00000   408.00000   -0.11381   -1.11674
8.00000   424.00000   -0.40143   -0.90248
24.00000   424.00000   -0.66021   -0.98528
40.00000   424.00000   -0.73845   -0.90273
56.00000   424.00000   -0.54738   -1.00050
72.00000   424.00000   -0.08143   -1.02007
88.00000   424.00000   -0.13556   -1.08220
8.00000   440.00000   -0.20243   -0.91524
24.00000   440.00000   -0.55808   -1.09520
40.00000   440.00000   -0.12660   -0.94848
56.00000   440.00000   -0.07248   -1.08148
72.00000   440.00000   -0.18470   -0.98020
88.00000   440.00000   0.14296   -1.01089
8.00000   456.00000   -0.75296   -1.01137
24.00000   456.00000   -0.32038   -1.13791
40.00000   456.00000   -0.68904   -0.97115
56.00000   456.00000   -0.26696   -0.94153
72.00000   456.00000   -0.28609   -1.11020
88.00000   456.00000   -0.11586   -1.12085
8.00000   472.00000   -0.53557   -0.89479
24.00000   472.00000   -0.73970   -0.94095
40.00000   472.00000   -0.59368   -1.03487
56.00000   472.00000   -0.18408   -1.14511
72.00000   472.00000   -0.61149   -1.20671
88.00000   472.00000   -0.19054   -1.24071
8.00000   488.00000   -0.40892   -0.84267
24.00000   488.00000   -0.19354   -1.12244
40.00000   488.00000   -0.39919   -1.14541
56.00000   488.00000   -0.40748   -1.04071
72.00000   488.00000   -0.30671   -1.11381
88.00000   488.00000   -0.14734   -1.13059
8.00000   504.00000   -0.57477   -1.17610
24.00000   504.00000   -0.53743   -1.14542
40.00000   504.00000   -0.16594   -1.05701
56.00000   504.00000   -0.25306   -1.22549
72.00000   504.00000   -0.19770   -1.16505
88.00000   504.00000   -0.02963   -1.16534
8.00000   520.00000   -0.62200   -1.13735
24.00000   520.00000   -0.55213   -1.20311
40.00000   520.00000   -0.50675   -1.31616
56.00000   520.00000   -0.48800   -1.31616
72.00000   520.00000   -0.13791   -1.17953
88.00000   520.00000   -0.31907   -1.09479
8.00000   536.00000   -0.20005   -0.95108
24.00000   536.00000   -0.03982   -1.19871
40.00000   536.00000   -0.56786   -1.27295
56.00000   536.00000   -0.47460   -1.28545
72.00000   536.00000   -0.33684   -1.18637
88.00000   536.00000   -0.28694   -1.09045
