# image 44 and 45 x,y,u,v
8.00000   8.00000   -0.66657   -1.02484
24.00000   8.00000   -0.10462   -1.03721
40.00000   8.00000   0.14789   -1.05750
56.00000   8.00000   0.03673   -1.04971
72.00000   8.00000   0.05396   -1.00134
88.00000   8.00000   -0.00026   -0.94166
8.00000   24.00000   -0.45952   -1.09230
24.00000   24.00000   -0.38147   -1.08109
40.00000   24.00000   0.08915   -1.00646
56.00000   24.00000   -0.18927   -0.95596
72.00000   24.00000   -0.06415   -0.96996
88.00000   24.00000   -0.21720   -0.88620
8.00000   40.00000   -0.57704   -1.07346
24.00000   40.00000   -0.21936   -1.09440
40.00000   40.00000   -0.25011   -1.05618
56.00000   40.00000   0.07696   -1.00520
72.00000   40.00000   -0.33121   -1.06415
88.00000   40.00000   -0.47782   -0.94596
8.00000   56.00000   -0.55218   -1.07498
24.00000   56.00000   0.09673   -1.11625
40.00000   56.00000   -0.21587   -1.06834
56.00000   56.00000   -0.11395   -0.95712
72.00000   56.00000   -0.11490   -0.98198
88.00000   56.00000   -0.06213   -0.95102
8.00000   72.00000   -0.49932   -1.05408
24.00000   72.00000   0.03060   -1.06567
40.00000   72.00000   -0.10647   -1.14587
56.00000   72.00000   -0.05830   -0.93836
72.00000   72.00000   -0.02736   -0.90373
88.00000   72.00000   -0.17817   -0.87414
8.00000   88.00000   -0.30833   -0.99756
24.00000   88.00000   0.03786   -1.07364
40.00000   88.00000   -0.02752   -1.04190
56.00000   88.00000   0.00780   -0.92181
72.00000   88.00000   -0.09337   -1.08892
88.00000   88.00000   -0.13099   -0.98081
8.00000   104.00000   -0.04808   -0.94741
24.00000   104.00000   -0.03170   -1.04055
40.00000   104.00000   -0.15314   -0.98588
56.00000   104.00000   -0.31775   -0.96349
72.00000   104.00000   -0.33253   -0.92602
88.00000   104.00000   -0.23120   -0.98377
8.00000   120.00000   -0.07718   -1.02817
24.00000   120.00000   -0.02546   -1.01591
40.00000   120.00000   -0.21870   -1.10259
56.00000   120.00000   -0.35175   -0.99688
72.00000   120.00000   -0.10002   -1.08911
88.00000   120.00000   -0.27304   -0.98565
8.00000   136.00000   -0.08589   -1.06261
24.00000   136.00000   -0.06247   -1.15282
40.00000   136.00000   0.10267   -0.99600
56.00000   136.00000   0.01409   -1.03117
72.00000   136.00000   -0.14821   -1.06764
88.00000   136.00000   -0.18015   -1.07802
8.00000   152.00000   -0.13098   -0.97872
24.00000   152.00000   -0.19048   -0.93030
40.00000   152.00000   0.07381   -1.02875
56.00000   152.00000   -0.14481   -1.03572
72.00000   152.00000   -0.07692   -1.01114
88.00000   152.00000   -0.07799   -0.99160
8.00000   168.00000   0.16179   -1.11867
24.00000   168.00000   -0.26381   -0.98674
40.00000   168.00000   0.03750   -1.07276
56.00000   168.00000   -0.07125   -1.10022
72.00000   168.00000   -0.09400   -1.20605
88.00000   168.00000   -0.10734   -1.00058
8.00000   184.00000   -0.05032   -1.01359
24.00000   184.00000   -0.15490   -1.07824
40.00000   184.00000   0.02884   -1.06223
56.00000   184.00000   0.26677   -0.94157
72.00000   184.00000   -0.02451   -1.07881
88.00000   184.00000   -0.03265   -1.11332
8.00000   200.00000   0.04431   -0.95922
24.00000   200.00000   -0.55248   -0.97764
40.00000   200.00000   0.20126   -0.84244
56.00000   200.00000   -0.09340   -0.97247
72.00000   200.00000   0.04820   -0.95169
88.00000   200.00000   -0.02845   -1.10210
8.00000   216.00000   -0.50458   -1.05079
24.00000   216.00000   -0.17538   -1.02411
40.00000   216.00000   0.23228   -0.95260
56.00000   216.00000   0.08904   -0.99138
72.00000   216.00000   0.11185   -1.02452
88.00000   216.00000   -0.10050   -0.82023
8.00000   232.00000   0.05781   -0.97312
24.00000   232.00000   -0.03869   -1.14287
40.00000   232.00000   -0.12555   -0.99785
56.00000   232.00000   -0.00312   -0.97547
72.00000   232.00000   0.02490   -0.93932
88.00000   232.00000   0.02326   -0.97578
8.00000   248.00000   -0.07832   -1.00837
24.00000   248.00000   0.00552   -0.93459
40.00000   248.00000   0.16421   -1.15400
56.00000   248.00000   0.01466   -1.15325
72.00000   248.00000   -0.57422   -0.88735
88.00000   248.00000   -0.09537   -0.92391
8.00000   264.00000   -0.18744   -1.20699
24.00000   264.00000   -0.12552   -1.09704
40.00000   264.00000   -0.01884   -0.99200
56.00000   264.00000   0.33113   -0.95451
72.00000   264.00000   -0.25725   -0.78228
88.00000   264.00000   -0.49257   -0.94734
8.00000   280.00000   -0.35829   -1.13594
24.00000   280.00000   -0.42323   -1.14231
40.00000   280.00000   -0.01832   -0.93733
56.00000   280.00000   -0.05811   -0.98379
72.00000   280.00000   -0.18022   -0.90202
88.00000   280.00000   -0.14569   -1.05849
8.00000   296.00000   -0.13687   -0.99818
24.00000   296.00000   0.06218   -1.05951
40.00000   296.00000   -0.01114   -0.93170
56.00000   296.00000   -0.15020   -0.74184
72.00000   296.00000   -0.12568   -0.90243
88.00000   296.00000   -0.08530   -0.92804
8.00000   312.00000   -0.17326   -1.08892
24.00000   312.00000   -0.02543   -1.17037
40.00000   312.00000   0.10245   -1.19569
56.00000   312.00000   -0.09725   -0.99910
72.00000   312.00000   -0.00889   -0.87470
88.00000   312.00000   0.13460   -1.02788
8.00000   328.00000   -0.04058   -0.99204
24.00000   328.00000   -0.27404   -0.91950
40.00000   328.00000   -0.64377   -1.05881
56.00000   328.00000   -0.37887   -1.00684
72.00000   328.00000   -0.19409   -1.00207
88.00000   328.00000   0.03164   -0.93191
8.00000   344.00000   -0.18755   -0.94830
24.00000   344.00000   -0.69141   -0.96256
40.00000   344.00000   -0.40365   -1.10354
56.00000   344.00000   -0.08822   -0.96985
72.00000   344.00000   -0.27301   -1.07656
88.00000   344.00000   0.00339   -0.68666
8.00000   360.00000   -0.06147   -1.05305
24.00000   360.00000   -0.36963   -0.85783
40.00000   360.00000   -0.69370   -0.93531
56.00000   360.00000   -0.38158   -0.88582
72.00000   360.00000   -0.32455   -1.05172
88.00000   360.00000   0.18940   -0.95799
8.00000   376.00000   -0.23522   -0.96154
24.00000   376.00000   -0.33826   -1.11735
40.00000   376.00000   -0.80930   -1.13779
56.00000   376.00000   -0.50686   -0.95926
72.00000   376.00000   -0.11604   -0.89289
88.00000   376.00000   -0.09268   -0.84796
8.00000   392.00000   0.12799   -0.99382
24.00000   392.00000   -0.25636   -0.89771
40.00000   392.00000   -0.66668   -0.84915
56.00000   392.00000   -0.49240   -0.93659
72.00000   392.00000   -0.05143   -0.82352
88.00000   392.00000   -0.16649   -0.83735
8.00000   408.00000   -0.26704   -1.13313
24.00000   408.00000   -0.28254   -0.93133
40.00000   408.00000   -0.65168   -1.00486
56.00000   408.00000   -0.26256   -1.03661
72.00000   408.00000   -0.21782   -1.03211
88.00000   408.00000   0.24702   -1.08581
8.00000   424.00000   0.03863   -1.09062
24.00000   424.00000   -0.69458   -1.03360
40.00000   424.00000   -0.59984   -1.03699
56.00000   424.00000   -0.51448   -1.09418
72.00000   424.00000   -0.16212   -1.18379
88.00000   424.00000   -0.19305   -1.09721
8.00000   440.00000   -0.15006   -0.93855
24.00000   440.00000   -0.49385   -0.92361
40.00000   440.00000   -0.57274   -1.28247
56.00000   440.00000   -0.22555   -1.09317
72.00000   440.00000   -0.17690   -1.13788
88.00000   440.00000   0.02907   -1.17110
8.00000   456.00000   -0.78176   -1.02745
24.00000   456.00000   -0.17776   -1.11398
40.00000   456.00000   -0.81462   -1.02858
56.00000   456.00000   -0.30164   -0.99155
72.00000   456.00000   0.01555   -1.04373
88.00000   456.00000   0.01777   -1.04109
8.00000   472.00000   -0.47566   -1.01617
24.00000   472.00000   -0.38770   -1.11124
40.00000   472.00000   -0.49645   -1.11743
56.00000   472.00000   -0.52802   -1.11226
72.00000   472.00000   -0.57090   -1.21127
88.00000   472.00000   -0.02482   -1.04202
8.00000   488.00000   -0.56356   -1.18512
24.00000   488.00000   -0.25398   -1.02504
40.00000   488.00000   -0.43798   -1.00807
56.00000   488.00000   -0.37347   -1.11633
72.00000   488.00000   -0.37349   -0.98308
88.00000   488.00000   -0.28585   -1.07722
8.00000   504.00000   -0.60139   -1.02228
24.00000   504.00000   -0.86718   -1.02537
40.00000   504.00000   -0.18084   -1.15489
56.00000   504.00000   -0.51884   -1.17551
72.00000   504.00000   -0.33777   -1.07288
88.00000   504.00000   -0.15339   -1.05745
8.00000   520.00000   -0.47002   -1.07861
24.00000   520.00000   -0.44034   -1.23014
40.00000   520.00000   -0.65689   -1.15922
56.00000   520.00000   -0.48886   -1.20261
72.00000   520.00000   -0.54007   -1.21757
88.00000   520.00000   -0.16957   -1.27945
8.00000   536.00000   -0.77468   -0.93340
24.00000   536.00000   -0.31176   -1.08681
40.00000   536.00000   -0.13610   -1.12853
56.00000   536.00000   -0.43698   -1.25665
72.00000   536.00000   -0.39346   -1.27534
88.00000   536.00000   -0.20947   -1.07107
