# image 17 and 18 x,y,u,v
8.00000   8.00000   -0.54824   -1.01057
24.00000   8.00000   -0.10153   -0.98188
40.00000   8.00000   -0.14061   -1.09221
56.00000   8.00000   -0.04285   -1.09170
72.00000   8.00000   -0.03289   -1.03446
88.00000   8.00000   -0.08606   -0.94718
8.00000   24.00000   -0.57947   -0.75388
24.00000   24.00000   -0.25002   -0.96018
40.00000   24.00000   0.02011   -1.10572
56.00000   24.00000   -0.06310   -0.83854
72.00000   24.00000   -0.09468   -0.95830
88.00000   24.00000   0.11304   -0.92109
8.00000   40.00000   -0.54999   -1.02413
24.00000   40.00000   -0.24293   -1.19680
40.00000   40.00000   -0.09903   -0.93983
56.00000   40.00000   -0.02736   -0.89361
72.00000   40.00000   -0.32418   -1.03208
88.00000   40.00000   -0.35882   -0.98421
8.00000   56.00000   -0.26952   -1.04690
24.00000   56.00000   -0.29453   -1.02491
40.00000   56.00000   -0.13076   -1.08307
56.00000   56.00000   -0.07460   -1.07602
72.00000   56.00000   -0.12644   -0.97107
88.00000   56.00000   -0.21479   -0.97741
8.00000   72.00000   -0.01885   -0.93148
24.00000   72.00000   -0.17732   -1.09582
40.00000   72.00000   0.17789   -1.04922
56.00000   72.00000   -0.11682   -1.08783
72.00000   72.00000   -0.09623   -0.92278
88.00000   72.00000   0.04266   -1.04652
8.00000   88.00000   -0.43922   -1.03386
24.00000   88.00000   0.07374   -1.00412
40.00000   88.00000   -0.16743   -0.94891
56.00000   88.00000   -0.00806   -1.00889
72.00000   88.00000   0.07289   -1.08316
88.00000   88.00000   -0.17006   -0.90314
8.00000   104.00000   -0.57017   -0.86273
24.00000   104.00000   -0.22070   -0.91395
40.00000   104.00000   -0.17650   -0.97729
56.00000   104.00000   -0.14523   -0.99370
72.00000   104.00000   -0.12005   -0.88259
88.00000   104.00000   0.13076   -0.88822
8.00000   120.00000   -0.14199   -1.06098
24.00000   120.00000   0.01105   -1.01890
40.00000   120.00000   -0.00955   -1.20474
56.00000   120.00000   0.12487   -1.02269
72.00000   120.00000   -0.25432   -0.99782
88.00000   120.00000   -0.01345   -1.13379
8.00000   136.00000   -0.14103   -1.15012
24.00000   136.00000   0.04014   -1.10667
40.00000   136.00000   -0.15892   -1.12295
56.00000   136.00000   -0.30420   -1.04982
72.00000   136.00000   -0.11151   -1.04009
88.00000   136.00000   -0.08871   -0.99941
8.00000   152.00000   -0.24199   -1.04890
24.00000   152.00000   -0.15516   -0.98119
40.00000   152.00000   -0.14968   -0.82099
56.00000   152.00000   -0.23634   -1.12190
72.00000   152.00000   -0.12402   -1.08979
88.00000   152.00000   0.08716   -1.20462
8.00000   168.00000   -0.17886   -0.90153
24.00000   168.00000   -0.27027   -0.90158
40.00000   168.00000   -0.02634   -1.11902
56.00000   168.00000   -0.32173   -1.02651
72.00000   168.00000   0.14088   -1.05666
88.00000   168.00000   0.00730   -1.18501
8.00000   184.00000   0.02440   -0.93404
24.00000   184.00000   0.28930   -0.84763
40.00000   184.00000   0.09263   -1.15775
56.00000   184.00000   0.13136   -1.05435
72.00000   184.00000   0.08939   -1.12055
88.00000   184.00000   -0.11299   -1.01460
8.00000   200.00000   -0.16073   -0.96157
24.00000   200.00000   0.16917   -1.09972
40.00000   200.00000   -0.17015   -0.97634
56.00000   200.00000   0.03321   -0.94926
72.00000   200.00000   -0.23359   -0.95548
88.00000   200.00000   -0.00785   -1.00431
8.00000   216.00000   -0.02734   -1.03261
24.00000   216.00000   -0.00158   -0.95323
40.00000   216.00000   -0.04280   -1.06270
56.00000   216.00000   0.10540   -0.93877
72.00000   216.00000   -0.00421   -0.93247
88.00000   216.00000   -0.09356   -0.98523
8.00000   232.00000   -0.04346   -1.10585
24.00000   232.00000   0.02619   -0.96275
40.00000   232.00000   -0.43710   -1.10771
56.00000   232.00000   0.32721   -1.06110
72.00000   232.00000   0.00420   -1.07382
88.00000   232.00000   -0.20235   -1.00634
8.00000   248.00000   0.08474   -0.98932
24.00000   248.00000   0.19788   -1.03678
40.00000   248.00000   0.13887   -1.05203
56.00000   248.00000   -0.04442   -0.94188
72.00000   248.00000   -0.12583   -0.93175
88.00000   248.00000   -0.15954   -1.03173
8.00000   264.00000   -0.14034   -1.00754
24.00000   264.00000   0.31481   -1.10794
40.00000   264.00000   0.06085   -0.87439
56.00000   264.00000   0.20829   -1.07489
72.00000   264.00000   -0.14589   -1.03008
88.00000   264.00000   -0.19951   -0.98352
8.00000   280.00000   -0.19949   -1.13696
24.00000   280.00000   0.26563   -0.97061
40.00000   280.00000   0.03745   -0.98951
56.00000   280.00000   -0.09954   -0.93565
72.00000   280.00000   -0.23257   -0.83458
88.00000   280.00000   -0.25262   -1.00803
8.00000   296.00000   -0.14306   -1.09873
24.00000   296.00000   0.14200   -1.11703
40.00000   296.00000   -0.37930   -1.00719
56.00000   296.00000   0.07684   -0.85864
72.00000   296.00000   -0.14658   -0.95510
88.00000   296.00000   -0.16096   -0.98438
8.00000   312.00000   -0.32064   -0.96071
24.00000   312.00000   -0.01092   -0.96439
40.00000   312.00000   0.00058   -1.07010
56.00000   312.00000   -0.17188   -0.90089
72.00000   312.00000   -0.21205   -0.87272
88.00000   312.00000   -0.18520   -0.79727
8.00000   328.00000   -0.04377   -0.93587
24.00000   328.00000   0.06170   -1.02190
40.00000   328.00000   -0.64535   -1.00841
56.00000   328.00000   -0.48914   -0.77384
72.00000   328.00000   -0.05911   -0.95924
88.00000   328.00000   0.05735   -1.11166
8.00000   344.00000   0.03594   -0.82878
24.00000   344.00000   -0.03867   -0.82248
40.00000   344.00000   -0.62961   -0.93399
56.00000   344.00000   -0.52183   -0.86275
72.00000   344.00000   -0.21129   -0.86722
88.00000   344.00000   -0.05941   -0.89817
8.00000   360.00000   0.00899   -0.93327
24.00000   360.00000   -0.22691   -0.79262
40.00000   360.00000   -0.53550   -0.90584
56.00000   360.00000   -0.07912   -0.97892
72.00000   360.00000   -0.11093   -0.90978
88.00000   360.00000   0.02819   -0.93075
8.00000   376.00000   0.08235   -1.05134
24.00000   376.00000   -0.51350   -0.88473
40.00000   376.00000   -0.59643   -0.92209
56.00000   376.00000   -0.62715   -0.90148
72.00000   376.00000   -0.14094   -0.75420
88.00000   376.00000   0.10471   -0.79880
8.00000   392.00000   -0.37033   -0.88984
24.00000   392.00000   -0.51722   -0.94720
40.00000   392.00000   -0.77775   -1.01512
56.00000   392.00000   -0.44610   -0.90489
72.00000   392.00000   -0.23928   -1.02696
88.00000   392.00000   0.00644   -0.97746
8.00000   408.00000   -0.13332   -0.97307
24.00000   408.00000   -0.67208   -0.96091
40.00000   408.00000   -0.75160   -0.96099
56.00000   408.00000   -0.60697   -0.93205
72.00000   408.00000   -0.31361   -1.07201
88.00000   408.00000   -0.09309   -1.15417
8.00000   424.00000   -0.23524   -0.84651
24.00000   424.00000   -0.36058   -0.83523
40.00000   424.00000   -0.80747   -0.96032
56.00000   424.00000   -0.09931   -1.15069
72.00000   424.00000   -0.09469   -1.12599
88.00000   424.00000   -0.18670   -1.13704
8.00000   440.00000   -0.35434   -1.05962
24.00000   440.00000   -0.78635   -1.04283
40.00000   440.00000   -0.38443   -1.06690
56.00000   440.00000   0.09870   -1.00771
72.00000   440.00000   -0.22890   -1.03915
88.00000   440.00000   -0.00147   -1.21156
8.00000   456.00000   -0.70525   -1.02846
24.00000   456.00000   -0.19242   -1.20981
40.00000   456.00000   -0.48257   -0.94259
56.00000   456.00000   -0.45116   -0.99715
72.00000   456.00000   -0.24101   -1.03142
88.00000   456.00000   -0.06637   -1.04753
8.00000   472.00000   -0.60069   -1.04121
24.00000   472.00000   -0.58278   -0.98590
40.00000   472.00000   -0.25210   -1.01033
56.00000   472.00000   -0.17242   -1.15265
72.00000   472.00000   -0.50225   -1.01675
88.00000   472.00000   -0.15294   -1.06998
8.00000   488.00000   -0.57827   -1.18487
24.00000   488.00000   0.00928   -1.06840
40.00000   488.00000   -0.44215   -1.13377
56.00000   488.00000   -0.45920   -0.88613
72.00000   488.00000   -0.18945   -1.12315
88.00000   488.00000   -0.18369   -1.20123
8.00000   504.00000   -0.58781   -0.98134
24.00000   504.00000   -0.72963   -1.00828
40.00000   504.00000   0.01986   -1.22428
56.00000   504.00000   -0.39243   -1.24201
72.00000   504.00000   -0.26225   -1.16981
88.00000   504.00000   -0.08292   -1.20191
8.00000   520.00000   -0.65504   -1.10756
24.00000   520.00000   -0.50227   -1.11628
40.00000   520.00000   -0.28386   -1.23434
56.00000   520.00000   -0.63518   -1.14980
72.00000   520.00000   -0.28044   -1.20770
88.00000   520.00000   -0.32363   -1.20752
8.00000   536.00000   -0.50118   -0.94375
24.00000   536.00000   -0.32322   -1.21771
40.00000   536.00000   0.03519   -1.16973
56.00000   536.00000   -0.37443   -1.18204
72.00000   536.00000   -0.35857   -1.23442
88.00000   536.00000   -0.38054   -1.18070
