# image 79 and 80 x,y,u,v
8.00000   8.00000   -0.54946   -1.04744
24.00000   8.00000   -0.30113   -0.97929
40.00000   8.00000   -0.00781   -1.10484
56.00000   8.00000   0.21173   -1.16081
72.00000   8.00000   0.00007   -1.11939
88.00000   8.00000   -0.11520   -0.89646
8.00000   24.00000   -0.42953   -0.98276
24.00000   24.00000   -0.27499   -1.07840
40.00000   24.00000   -0.09159   -1.23876
56.00000   24.00000   -0.11738   -1.06023
72.00000   24.00000   -0.30199   -0.97954
88.00000   24.00000   -0.23137   -0.94809
8.00000   40.00000   -0.40960   -1.04151
24.00000   40.00000   0.02136   -1.07895
40.00000   40.00000   -0.11715   -1.24963
56.00000   40.00000   -0.23667   -0.93176
72.00000   40.00000   -0.30211   -0.96146
88.00000   40.00000   -0.25828   -1.00663
8.00000   56.00000   -0.26578   -1.00737
24.00000   56.00000   -0.21128   -1.01759
40.00000   56.00000   -0.05328   -1.09049
56.00000   56.00000   -0.22814   -0.89893
72.00000   56.00000   -0.06922   -1.01285
88.00000   56.00000   0.27086   -0.88155
8.00000   72.00000   -0.60069   -1.10935
24.00000   72.00000   0.24043   -0.97042
40.00000   72.00000   0.15862   -1.11208
56.00000   72.00000   -0.29616   -1.03134
72.00000   72.00000   0.26170   -0.94618
88.00000   72.00000   -0.07840   -0.95628
8.00000   88.00000   -0.16578   -0.97962
24.00000   88.00000   0.03336   -0.99469
40.00000   88.00000   -0.08341   -0.97594
56.00000   88.00000   -0.40366   -0.96938
72.00000   88.00000   -0.24453   -1.07587
88.00000   88.00000   -0.11156   -1.05333
8.00000   104.00000   -0.01140   -1.00354
24.00000   104.00000   -0.21984   -1.17136
40.00000   104.00000   0.27588   -0.97666
56.00000   104.00000   -0.19785   -1.02555
72.00000   104.00000   -0.23517   -1.08432
88.00000   104.00000   -0.06085   -0.96624
8.00000   120.00000   -0.01994   -1.11292
24.00000   120.00000   0.05786   -1.07250
40.00000   120.00000   0.08956   -1.06987
56.00000   120.00000   0.04103   -1.07392
72.00000   120.00000   -0.25451   -1.02864
88.00000   120.00000   -0.08299   -0.99003
8.00000   136.00000   -0.22770   -0.96894
24.00000   136.00000   -0.03139   -1.24537
40.00000   136.00000   0.14124   -1.24296
56.00000   136.00000   -0.01100   -0.94150
72.00000   136.00000   0.00165   -0.98103
88.00000   136.00000   -0.16693   -1.18767
8.00000   152.00000   0.25347   -1.09101
24.00000   152.00000   0.31677   -1.11116
40.00000   152.00000   -0.18836   -0.89644
56.00000   152.00000   0.11638   -1.03410
72.00000   152.00000   -0.00094   -1.00740
88.00000   152.00000   -0.28591   -1.10529
8.00000   168.00000   -0.07157   -0.97730
24.00000   168.00000   0.21032   -0.99353
40.00000   168.00000   -0.01743   -0.83402
56.00000   168.00000   -0.24770   -1.00378
72.00000   168.00000   -0.09556   -0.92216
88.00000   168.00000   0.06400   -1.09560
8.00000   184.00000   -0.24047   -0.91179
24.00000   184.00000   -0.12413   -1.02744
40.00000   184.00000   -0.25356   -1.09582
56.00000   184.00000   0.13354   -1.18758
72.00000   184.00000   -0.12033   -1.19305
88.00000   184.00000   0.07617   -1.19043
8.00000   200.00000   -0.12385   -1.11703
24.00000   200.00000   -0.14202   -0.80058
40.00000   200.00000   0.55730   -0.91652
56.00000   200.00000   -0.06569   -1.01157
72.00000   200.00000   0.12559   -1.10957
88.00000   200.00000   -0.03853   -1.09759
8.00000   216.00000   -0.21404   -0.94025
24.00000   216.00000   -0.39384   -1.03291
40.00000   216.00000   -0.01349   -0.91409
56.00000   216.00000   0.25710   -1.10500
72.00000   216.00000   -0.04650   -1.03681
88.00000   216.00000   -0.27667   -0.93541
8.00000   232.00000   -0.21691   -1.08112
24.00000   232.00000   -0.50315   -1.00998
40.00000   232.00000   -0.02733   -1.11841
56.00000   232.00000   0.03943   -1.07180
72.00000   232.00000   0.02861   -0.96272
88.00000   232.00000   -0.17942   -0.88643
8.00000   248.00000   -0.48047   -1.00916
24.00000   248.00000   0.14200   -1.00937
40.00000   248.00000   0.48411   -0.94261
56.00000   248.00000   0.00531   -0.84308
72.00000   248.00000   -0.56932   -0.86961
88.00000   248.00000   -0.36087   -0.84416
8.00000   264.00000   -0.20749   -1.14877
24.00000   264.00000   -0.29002   -1.13325
40.00000   264.00000   0.31469   -0.91290
56.00000   264.00000   -0.10701   -0.86183
72.00000   264.00000   -0.12359   -0.87527
88.00000   264.00000   -0.15979   -0.95683
8.00000   280.00000   -0.43265   -1.24003
24.00000   280.00000   -0.17978   -1.03316
40.00000   280.00000   0.14140   -0.94907
56.00000   280.00000   -0.12296   -0.83900
72.00000   280.00000   0.07263   -0.94941
88.00000   280.00000   -0.36819   -0.95356
8.00000   296.00000   -0.20682   -1.05096
24.00000   296.00000   -0.05009   -0.90386
40.00000   296.00000   -0.29320   -0.99087
56.00000   296.00000   0.02715   -1.15915
72.00000   296.00000   -0.20288   -1.05476
88.00000   296.00000   -0.09136   -0.99942
8.00000   312.00000   0.13362   -1.08403
24.00000   312.00000   -0.15969   -1.04259
40.00000   312.00000   -0.39650   -1.07918
56.00000   312.00000   -0.68957   -1.12415
72.00000   312.00000   -0.09290   -0.92947
88.00000   312.00000   -0.04297   -0.88161
8.00000   328.00000   0.08684   -1.05444
24.00000   328.00000   -0.22888   -1.12990
40.00000   328.00000   -0.85350   -1.13822
56.00000   328.00000   -0.10010   -1.03336
72.00000   328.00000   -0.17600   -0.88548
88.00000   328.00000   0.05110   -0.95844
8.00000   344.00000   0.09940   -0.99367
24.00000   344.00000   -0.51703   -0.98866
40.00000   344.00000   -0.53107   -0.88936
56.00000   344.00000   -0.10010   -0.93234
72.00000   344.00000   -0.14509   -0.91313
88.00000   344.00000   0.03008   -0.89218
8.00000   360.00000   -0.31787   -0.91648
24.00000   360.00000   -0.44634   -0.98183
40.00000   360.00000   -0.65979   -1.08583
56.00000   360.00000   -0.37885   -0.79864
72.00000   360.00000   -0.15037   -0.83610
88.00000   360.00000   0.09513   -0.87598
8.00000   376.00000   -0.01506   -0.90278
24.00000   376.00000   -0.74737   -1.01389
40.00000   376.00000   -0.64541   -1.05047
56.00000   376.00000   -0.51366   -1.04152
72.00000   376.00000   -0.18009   -0.77907
88.00000   376.00000   -0.12655   -0.82152
8.00000   392.00000   -0.66332   -0.92411
24.00000   392.00000   -0.22881   -0.80711
40.00000   392.00000   -0.73035   -0.94641
56.00000   392.00000   -0.13913   -0.97934
72.00000   392.00000   -0.04593   -0.84007
88.00000   392.00000   0.03362   -0.94671
8.00000   408.00000   -0.71048   -1.01928
24.00000   408.00000   -0.35985   -0.98224
40.00000   408.00000   -0.69047   -0.86448
56.00000   408.00000   -0.32392   -1.03419
72.00000   408.00000   -0.13495   -1.00575
88.00000   408.00000   -0.09628   -0.80753
8.00000   424.00000   -0.56932   -1.16052
24.00000   424.00000   -0.37961   -1.14629
40.00000   424.00000   -0.76717   -1.07853
56.00000   424.00000   -0.48985   -1.29207
72.00000   424.00000   -0.15021   -1.10914
88.00000   424.00000   -0.19524   -1.09600
8.00000   440.00000   -0.28070   -0.91268
24.00000   440.00000   -0.50991   -1.03992
40.00000   440.00000   -0.51039   -0.99248
56.00000   440.00000   -0.19935   -1.23067
72.00000   440.00000   -0.32882   -1.31317
88.00000   440.00000   0.09441   -1.07074
8.00000   456.00000   -0.65468   -1.05141
24.00000   456.00000   -0.11318   -1.11889
40.00000   456.00000   -0.86927   -1.11593
56.00000   456.00000   -0.15939   -1.09705
72.00000   456.00000   -0.29095   -1.09865
88.00000   456.00000   -0.12678   -1.15226
8.00000   472.00000   -0.69398   -1.00597
24.00000   472.00000   -0.76481   -1.14651
40.00000   472.00000   -0.50021   -1.19932
56.00000   472.00000   -0.45889   -1.06560
72.00000   472.00000   -0.44692   -1.18155
88.00000   472.00000   -0.09946   -1.06430
8.00000   488.00000   -0.57191   -1.06756
24.00000   488.00000   -0.35926   -1.18450
40.00000   488.00000   -0.62139   -1.03227
56.00000   488.00000   -0.54329   -1.11960
72.00000   488.00000   -0.49870   -1.14210
88.00000   488.00000   -0.51268   -0.99131
8.00000   504.00000   -0.14171   -1.05585
24.00000   504.00000   -0.46197   -0.95739
40.00000   504.00000   -0.65792   -1.09257
56.00000   504.00000   -0.53273   -1.11683
72.00000   504.00000   -0.47509   -1.16695
88.00000   504.00000   -0.24156   -1.04787
8.00000   520.00000   -0.49204   -1.29805
24.00000   520.00000   -0.51754   -1.26370
40.00000   520.00000   -0.23033   -1.00692
56.00000   520.00000   -0.18943   -1.00508
72.00000   520.00000   -0.65916   -1.09451
88.00000   520.00000   -0.32483   -1.18935
8.00000   536.00000   -0.36436   -0.74875
24.00000   536.00000   -0.24499   -1.14150
40.00000   536.00000   -0.33051   -1.13319
56.00000   536.00000   -0.16327   -1.15723
72.00000   536.00000   -0.45161   -1.41174
88.00000   536.00000   -0.33122   -1.11418
