# image 83 and 84 x,y,u,v
8.00000   8.00000   -0.63103   -1.08758
24.00000   8.00000   -0.17833   -1.10053
40.00000   8.00000   0.01810   -1.01603
56.00000   8.00000   0.14951   -1.00212
72.00000   8.00000   -0.08157   -0.92635
88.00000   8.00000   -0.10671   -0.86051
8.00000   24.00000   -0.44859   -1.00054
24.00000   24.00000   -0.18015   -0.98518
40.00000   24.00000   0.01823   -1.10119
56.00000   24.00000   -0.17536   -1.13999
72.00000   24.00000   -0.20817   -0.92487
88.00000   24.00000   -0.13287   -1.05634
8.00000   40.00000   -0.21582   -0.94927
24.00000   40.00000   -0.42152   -1.17128
40.00000   40.00000   -0.27310   -1.14622
56.00000   40.00000   -0.22833   -1.02179
72.00000   40.00000   -0.35898   -1.05558
88.00000   40.00000   -0.23738   -0.91754
8.00000   56.00000   -0.09206   -1.04173
24.00000   56.00000   -0.15517   -1.02317
40.00000   56.00000   -0.14436   -1.04206
56.00000   56.00000   -0.27830   -0.94963
72.00000   56.00000   0.03426   -1.01012
88.00000   56.00000   0.01352   -0.93825
8.00000   72.00000   -0.12887   -1.10755
24.00000   72.00000   0.36407   -1.04986
40.00000   72.00000   -0.03450   -1.09652
56.00000   72.00000   -0.22911   -0.92077
72.00000   72.00000   0.00745   -0.93514
88.00000   72.00000   -0.32671   -1.00649
8.00000   88.00000   -0.21854   -1.01999
24.00000   88.00000   -0.16160   -0.91056
40.00000   88.00000   0.44135   -0.95298
56.00000   88.00000   -0.22494   -1.07239
72.00000   88.00000   -0.17766   -1.03760
88.00000   88.00000   -0.09320   -0.98638
8.00000   104.00000   -0.23920   -1.04627
24.00000   104.00000   -0.38683   -1.02601
40.00000   104.00000   0.10777   -0.99620
56.00000   104.00000   -0.14365   -1.00745
72.00000   104.00000   -0.34910   -1.15838
88.00000   104.00000   -0.15335   -1.02944
8.00000   120.00000   0.04642   -1.00478
24.00000   120.00000   0.01912   -1.12759
40.00000   120.00000   0.17132   -1.11247
56.00000   120.00000   -0.02002   -1.04551
72.00000   120.00000   -0.29054   -1.02092
88.00000   120.00000   -0.14907   -1.06065
8.00000   136.00000   -0.21550   -1.02526
24.00000   136.00000   -0.23536   -1.16433
40.00000   136.00000   0.00605   -0.97826
56.00000   136.00000   0.03360   -1.13186
72.00000   136.00000   -0.13383   -1.12928
88.00000   136.00000   -0.29197   -1.15420
8.00000   152.00000   0.13905   -1.08384
24.00000   152.00000   0.32433   -1.01149
40.00000   152.00000   -0.33839   -0.98366
56.00000   152.00000   -0.11074   -0.95819
72.00000   152.00000   -0.09970   -1.05578
88.00000   152.00000   -0.16648   -1.01785
8.00000   168.00000   0.04539   -0.99914
24.00000   168.00000   -0.03986   -0.84333
40.00000   168.00000   0.06272   -0.90945
56.00000   168.00000   0.04271   -0.99528
72.00000   168.00000   0.05706   -0.92892
88.00000   168.00000   0.02040   -1.06830
8.00000   184.00000   -0.31509   -1.05006
24.00000   184.00000   0.00892   -0.86070
40.00000   184.00000   -0.16175   -0.97157
56.00000   184.00000   0.23374   -0.90411
72.00000   184.00000   -0.10744   -1.13623
88.00000   184.00000   -0.15636   -1.10604
8.00000   200.00000   -0.03424   -1.02466
24.00000   200.00000   -0.25103   -0.95655
40.00000   200.00000   0.08257   -0.91857
56.00000   200.00000   0.03338   -0.94705
72.00000   200.00000   0.04192   -1.10202
88.00000   200.00000   -0.13404   -1.08925
8.00000   216.00000   -0.17450   -1.01034
24.00000   216.00000   -0.22591   -1.04683
40.00000   216.00000   -0.17806   -1.09427
56.00000   216.00000   0.05435   -1.00686
72.00000   216.00000   -0.02323   -1.02161
88.00000   216.00000   -0.18871   -0.86133
8.00000   232.00000   -0.32872   -0.91810
24.00000   232.00000   -0.32549   -1.00061
40.00000   232.00000   0.23693   -1.14325
56.00000   232.00000   0.16647   -1.00564
72.00000   232.00000   -0.02996   -0.85940
88.00000   232.00000   -0.24526   -0.98925
8.00000   248.00000   -0.17635   -1.10782
24.00000   248.00000   0.00164   -0.98900
40.00000   248.00000   0.23693   -1.17246
56.00000   248.00000   0.08015   -0.97297
72.00000   248.00000   -0.40982   -0.93176
88.00000   248.00000   -0.37664   -0.81470
8.00000   264.00000   0.01366   -1.08382
24.00000   264.00000   -0.24302   -1.03674
40.00000   264.00000   -0.05379   -1.06320
56.00000   264.00000   0.16243   -1.06668
72.00000   264.00000   -0.04325   -0.82820
88.00000   264.00000   -0.06348   -0.99905
8.00000   280.00000   -0.32439   -1.10849
24.00000   280.00000   -0.24978   -0.97801
40.00000   280.00000   0.13312   -0.89847
56.00000   280.00000   -0.21767   -0.91365
72.00000   280.00000   -0.16760   -0.82412
88.00000   280.00000   -0.29133   -1.04950
8.00000   296.00000   -0.08316   -1.07836
24.00000   296.00000   -0.18593   -1.20476
40.00000   296.00000   -0.15011   -1.05595
56.00000   296.00000   -0.43246   -0.97483
72.00000   296.00000   0.12105   -1.00003
88.00000   296.00000   -0.03418   -0.93943
8.00000   312.00000   -0.27246   -1.06557
24.00000   312.00000   0.12153   -0.92640
40.00000   312.00000   -0.16272   -1.02555
56.00000   312.00000   -0.18106   -1.32319
72.00000   312.00000   -0.28814   -0.77948
88.00000   312.00000   0.22637   -0.98312
8.00000   328.00000   0.04026   -1.01441
24.00000   328.00000   -0.27879   -1.11653
40.00000   328.00000   -0.79514   -1.04353
56.00000   328.00000   -0.37471   -0.97683
72.00000   328.00000   -0.31039   -0.93994
88.00000   328.00000   0.15839   -0.98815
8.00000   344.00000   0.12674   -0.89417
24.00000   344.00000   -0.46076   -0.99783
40.00000   344.00000   -0.42648   -0.91979
56.00000   344.00000   0.19234   -1.25004
72.00000   344.00000   -0.16533   -0.99531
88.00000   344.00000   -0.06155   -0.87076
8.00000   360.00000   0.01285   -0.99906
24.00000   360.00000   -0.29691   -1.00874
40.00000   360.00000   -0.73545   -1.01113
56.00000   360.00000   -0.29290   -0.85853
72.00000   360.00000   -0.30974   -0.77587
88.00000   360.00000   -0.02962   -0.88024
8.00000   376.00000   -0.29455   -0.91687
24.00000   376.00000   -0.67937   -0.76509
40.00000   376.00000   -0.72006   -1.06801
56.00000   376.00000   -0.54237   -0.89809
72.00000   376.00000   -0.15809   -0.74651
88.00000   376.00000   -0.16296   -0.93670
8.00000   392.00000   -0.31947   -1.00333
24.00000   392.00000   -0.18541   -0.98383
40.00000   392.00000   -0.84423   -0.96649
56.00000   392.00000   -0.43830   -0.89581
72.00000   392.00000   0.02530   -1.05812
88.00000   392.00000   -0.11753   -0.72271
8.00000   408.00000   -0.39307   -1.04167
24.00000   408.00000   -0.39054   -0.88277
40.00000   408.00000   -0.70191   -0.96560
56.00000   408.00000   -0.08433   -0.99716
72.00000   408.00000   -0.29659   -0.95973
88.00000   408.00000   -0.11416   -0.86809
8.00000   424.00000   -0.47043   -0.88115
24.00000   424.00000   -0.41717   -0.98954
40.00000   424.00000   -0.72883   -0.87775
56.00000   424.00000   -0.50610   -0.89092
72.00000   424.00000   -0.15837   -1.14883
88.00000   424.00000   -0.06971   -1.02072
8.00000   440.00000   -0.16579   -0.94976
24.00000   440.00000   -0.53541   -1.18951
40.00000   440.00000   0.56586   -0.99386
56.00000   440.00000   -0.00825   -1.16576
72.00000   440.00000   -0.15426   -1.07010
88.00000   440.00000   -0.03484   -0.99696
8.00000   456.00000   -0.68765   -1.04732
24.00000   456.00000   -0.39748   -1.15231
40.00000   456.00000   -0.76079   -1.13235
56.00000   456.00000   -0.55805   -1.08476
72.00000   456.00000   -0.32685   -1.22912
88.00000   456.00000   -0.15970   -0.98910
8.00000   472.00000   -0.72380   -1.08349
24.00000   472.00000   -0.83388   -1.10539
40.00000   472.00000   -0.41204   -1.13008
56.00000   472.00000   -0.51975   -1.07099
72.00000   472.00000   -0.50581   -1.20094
88.00000   472.00000   -0.22457   -0.95307
8.00000   488.00000   -0.35459   -1.12775
24.00000   488.00000   -0.41443   -1.09958
40.00000   488.00000   0.25679   -0.99528
56.00000   488.00000   -0.26413   -1.11266
72.00000   488.00000   -0.31150   -1.15379
88.00000   488.00000   -0.32036   -0.98259
8.00000   504.00000   -0.09511   -1.19604
24.00000   504.00000   -0.74719   -0.99603
40.00000   504.00000   -0.55085   -1.14850
56.00000   504.00000   -0.40647   -1.14792
72.00000   504.00000   -0.62545   -1.03167
88.00000   504.00000   -0.29987   -1.28770
8.00000   520.00000   -0.56960   -1.05825
24.00000   520.00000   -0.56516   -1.20767
40.00000   520.00000   -0.28431   -1.26881
56.00000   520.00000   -0.46371   -1.17143
72.00000   520.00000   -0.67620   -1.10386
88.00000   520.00000   -0.12901   -1.15514
8.00000   536.00000   -0.50036   -0.96353
24.00000   536.00000   -0.28335   -1.07032
40.00000   536.00000   -0.31405   -1.09211
56.00000   536.00000   -0.20481   -1.03850
72.00000   536.00000   -0.71255   -1.29661
88.00000   536.00000   -0.39249   -1.20830
