# image 77 and 78 x,y,u,v
8.00000   8.00000   -0.58143   -1.23264
24.00000   8.00000   -0.32107   -0.93534
40.00000   8.00000   0.00204   -1.13173
56.00000   8.00000   0.27306   -0.99081
72.00000   8.00000   0.07318   -1.19371
88.00000   8.00000   -0.12269   -0.98658
8.00000   24.00000   -0.46977   -1.08913
24.00000   24.00000   -0.18716   -1.05335
40.00000   24.00000   0.07706   -1.12644
56.00000   24.00000   -0.15918   -1.10797
72.00000   24.00000   -0.36043   -0.98082
88.00000   24.00000   -0.13381   -1.03619
8.00000   40.00000   -0.34104   -1.00658
24.00000   40.00000   -0.10263   -1.14970
40.00000   40.00000   -0.06167   -1.14012
56.00000   40.00000   -0.27334   -0.87838
72.00000   40.00000   -0.22589   -1.03420
88.00000   40.00000   -0.14165   -0.95282
8.00000   56.00000   -0.29705   -1.11442
24.00000   56.00000   -0.06613   -1.01832
40.00000   56.00000   0.04696   -1.21120
56.00000   56.00000   -0.09633   -1.01404
72.00000   56.00000   0.03475   -1.00658
88.00000   56.00000   0.09457   -0.98534
8.00000   72.00000   -0.27842   -0.93226
24.00000   72.00000   -0.09829   -0.85889
40.00000   72.00000   -0.03516   -1.06113
56.00000   72.00000   -0.11738   -0.95391
72.00000   72.00000   0.20104   -1.00863
88.00000   72.00000   0.04316   -0.91711
8.00000   88.00000   -0.24013   -1.07361
24.00000   88.00000   0.02423   -1.07399
40.00000   88.00000   -0.12014   -0.91139
56.00000   88.00000   -0.35261   -1.08667
72.00000   88.00000   -0.14667   -1.04342
88.00000   88.00000   -0.23699   -0.99444
8.00000   104.00000   -0.09333   -1.08945
24.00000   104.00000   -0.14902   -1.05327
40.00000   104.00000   0.20146   -0.96134
56.00000   104.00000   -0.22348   -0.97715
72.00000   104.00000   -0.16259   -0.97003
88.00000   104.00000   -0.10755   -0.95761
8.00000   120.00000   0.04497   -1.11215
24.00000   120.00000   -0.21327   -0.91708
40.00000   120.00000   -0.13937   -1.14512
56.00000   120.00000   -0.11921   -1.07554
72.00000   120.00000   -0.24360   -1.04605
88.00000   120.00000   -0.08448   -1.03767
8.00000   136.00000   -0.17714   -1.06923
24.00000   136.00000   -0.12924   -1.07507
40.00000   136.00000   -0.14225   -1.21634
56.00000   136.00000   0.04317   -1.11145
72.00000   136.00000   -0.05266   -1.05635
88.00000   136.00000   -0.19842   -1.10275
8.00000   152.00000   0.26054   -0.89821
24.00000   152.00000   0.18835   -1.05504
40.00000   152.00000   -0.31159   -0.98523
56.00000   152.00000   0.15876   -1.06223
72.00000   152.00000   0.03440   -0.94692
88.00000   152.00000   -0.12426   -0.97631
8.00000   168.00000   -0.05955   -0.87290
24.00000   168.00000   0.11758   -1.02386
40.00000   168.00000   -0.08980   -0.97406
56.00000   168.00000   -0.18525   -0.96507
72.00000   168.00000   -0.07870   -0.89118
88.00000   168.00000   0.00980   -1.08881
8.00000   184.00000   -0.30619   -0.89493
24.00000   184.00000   -0.27237   -0.85409
40.00000   184.00000   0.16214   -1.06296
56.00000   184.00000   -0.02099   -1.20130
72.00000   184.00000   -0.01393   -1.19646
88.00000   184.00000   0.05914   -1.03934
8.00000   200.00000   -0.28753   -0.92816
24.00000   200.00000   -0.16241   -0.95720
40.00000   200.00000   -0.01290   -0.95855
56.00000   200.00000   0.19526   -1.12517
72.00000   200.00000   0.03250   -1.08251
88.00000   200.00000   -0.05121   -1.04675
8.00000   216.00000   -0.33479   -1.00110
24.00000   216.00000   -0.32145   -1.01629
40.00000   216.00000   0.16817   -1.19327
56.00000   216.00000   0.18929   -1.03033
72.00000   216.00000   -0.02822   -1.00215
88.00000   216.00000   -0.25691   -0.82866
8.00000   232.00000   -0.14496   -1.02865
24.00000   232.00000   -0.25372   -1.01455
40.00000   232.00000   -0.00318   -1.09125
56.00000   232.00000   -0.06806   -1.12158
72.00000   232.00000   -0.03163   -0.89579
88.00000   232.00000   -0.09643   -0.82921
8.00000   248.00000   -0.13751   -1.00022
24.00000   248.00000   0.22175   -0.96968
40.00000   248.00000   0.34396   -0.95398
56.00000   248.00000   0.20366   -1.17732
72.00000   248.00000   -0.38601   -0.81130
88.00000   248.00000   -0.45481   -0.93319
8.00000   264.00000   -0.09309   -1.07907
24.00000   264.00000   -0.28431   -1.07088
40.00000   264.00000   0.05430   -0.90153
56.00000   264.00000   -0.09836   -0.94138
72.00000   264.00000   -0.11963   -0.91801
88.00000   264.00000   -0.11515   -1.00986
8.00000   280.00000   0.05240   -1.04669
24.00000   280.00000   -0.18649   -1.13277
40.00000   280.00000   0.14027   -0.97908
56.00000   280.00000   -0.16630   -0.70657
72.00000   280.00000   -0.01198   -0.90234
88.00000   280.00000   -0.15269   -0.93412
8.00000   296.00000   -0.11063   -0.97434
24.00000   296.00000   -0.18115   -1.00084
40.00000   296.00000   -0.33655   -0.89118
56.00000   296.00000   -0.14287   -0.79588
72.00000   296.00000   -0.17099   -0.91088
88.00000   296.00000   -0.12019   -0.99180
8.00000   312.00000   -0.06052   -1.10895
24.00000   312.00000   0.04282   -1.09404
40.00000   312.00000   -0.08694   -0.99971
56.00000   312.00000   -0.40415   -1.15334
72.00000   312.00000   0.00336   -0.95360
88.00000   312.00000   -0.01432   -1.00006
8.00000   328.00000   0.04791   -1.05674
24.00000   328.00000   -0.04441   -1.13471
40.00000   328.00000   -0.81747   -1.12955
56.00000   328.00000   -0.06359   -1.15733
72.00000   328.00000   -0.22879   -0.90476
88.00000   328.00000   -0.04862   -0.93633
8.00000   344.00000   -0.04305   -0.89193
24.00000   344.00000   -0.60138   -1.06416
40.00000   344.00000   -0.53283   -1.07460
56.00000   344.00000   0.02931   -0.88977
72.00000   344.00000   -0.23778   -0.95836
88.00000   344.00000   0.11988   -0.86137
8.00000   360.00000   -0.28094   -0.93205
24.00000   360.00000   -0.20383   -0.87298
40.00000   360.00000   -0.62833   -0.81555
56.00000   360.00000   -0.56220   -0.84952
72.00000   360.00000   -0.24432   -0.89507
88.00000   360.00000   0.09122   -0.79671
8.00000   376.00000   0.07403   -0.85069
24.00000   376.00000   -0.62322   -0.92041
40.00000   376.00000   -0.65150   -0.83377
56.00000   376.00000   -0.52037   -0.86394
72.00000   376.00000   -0.28268   -0.72005
88.00000   376.00000   0.11258   -0.93243
8.00000   392.00000   -0.28267   -0.87565
24.00000   392.00000   -0.07924   -0.95944
40.00000   392.00000   -0.69420   -0.90169
56.00000   392.00000   -0.53411   -1.03343
72.00000   392.00000   -0.24717   -0.84264
88.00000   392.00000   -0.00020   -0.83723
8.00000   408.00000   -0.50464   -1.04933
24.00000   408.00000   -0.29085   -0.90659
40.00000   408.00000   -0.72460   -1.02554
56.00000   408.00000   -0.15121   -0.92291
72.00000   408.00000   -0.26083   -1.09928
88.00000   408.00000   -0.17366   -1.01318
8.00000   424.00000   -0.54116   -0.91219
24.00000   424.00000   -0.47272   -1.03292
40.00000   424.00000   -0.57928   -1.13010
56.00000   424.00000   -0.19192   -0.93520
72.00000   424.00000   -0.06990   -1.18829
88.00000   424.00000   -0.11760   -1.09736
8.00000   440.00000   -0.38229   -0.99343
24.00000   440.00000   -0.54281   -1.04442
40.00000   440.00000   -0.51668   -1.11066
56.00000   440.00000   -0.29993   -1.27041
72.00000   440.00000   -0.31744   -1.22748
88.00000   440.00000   0.06076   -1.05019
8.00000   456.00000   -0.61386   -1.07653
24.00000   456.00000   -0.30344   -1.09504
40.00000   456.00000   -0.57436   -1.10934
56.00000   456.00000   0.03534   -1.20609
72.00000   456.00000   -0.49528   -0.92486
88.00000   456.00000   -0.12209   -1.04154
8.00000   472.00000   -0.86646   -1.25780
24.00000   472.00000   -0.81269   -1.05049
40.00000   472.00000   -0.62521   -1.31385
56.00000   472.00000   -0.64406   -1.23701
72.00000   472.00000   -0.46314   -1.06427
88.00000   472.00000   -0.24722   -1.12272
8.00000   488.00000   -0.34604   -1.12637
24.00000   488.00000   -0.50686   -1.03604
40.00000   488.00000   -0.62093   -1.26031
56.00000   488.00000   -0.28511   -1.22102
72.00000   488.00000   -0.40021   -1.18260
88.00000   488.00000   -0.47020   -0.97406
8.00000   504.00000   -0.51485   -1.04497
24.00000   504.00000   -0.37163   -0.85156
40.00000   504.00000   -0.42280   -1.14275
56.00000   504.00000   -0.52263   -1.32005
72.00000   504.00000   -0.55334   -1.06653
88.00000   504.00000   -0.09280   -1.16467
8.00000   520.00000   -0.37415   -0.97741
24.00000   520.00000   -0.68708   -1.04424
40.00000   520.00000   -0.14549   -1.10660
56.00000   520.00000   -0.40106   -1.05749
72.00000   520.00000   -0.61773   -1.30660
88.00000   520.00000   -0.31874   -1.14603
8.00000   536.00000   -0.05202   -1.05202
24.00000   536.00000   -0.31439   -1.25051
40.00000   536.00000   -0.54860   -1.29173
56.00000   536.00000   -0.28821   -1.17632
72.00000   536.00000   -0.68055   -1.46924
88.00000   536.00000   -0.27468   -1.22439
