# image 85 and 86 x,y,u,v
8.00000   8.00000   -0.54116   -1.00355
24.00000   8.00000   -0.24708   -0.99025
40.00000   8.00000   -0.03355   -1.02457
56.00000   8.00000   -0.01457   -1.05053
72.00000   8.00000   -0.05469   -0.95406
88.00000   8.00000   -0.05382   -0.90834
8.00000   24.00000   -0.52131   -1.01827
24.00000   24.00000   -0.29113   -1.07168
40.00000   24.00000   0.32708   -1.08817
56.00000   24.00000   -0.10617   -1.12510
72.00000   24.00000   -0.31674   -1.03669
88.00000   24.00000   -0.23083   -1.03028
8.00000   40.00000   -0.48650   -1.08079
24.00000   40.00000   -0.32137   -1.01259
40.00000   40.00000   -0.18368   -1.07391
56.00000   40.00000   -0.06184   -0.88204
72.00000   40.00000   -0.20611   -0.90058
88.00000   40.00000   -0.13683   -0.88507
8.00000   56.00000   -0.16076   -1.06365
24.00000   56.00000   -0.22837   -0.97724
40.00000   56.00000   -0.07126   -1.02866
56.00000   56.00000   -0.29434   -0.95910
72.00000   56.00000   0.17730   -1.02600
88.00000   56.00000   -0.01578   -0.93217
8.00000   72.00000   -0.31578   -1.20515
24.00000   72.00000   0.02364   -1.13414
40.00000   72.00000   -0.02890   -1.02011
56.00000   72.00000   -0.22264   -1.01984
72.00000   72.00000   -0.04030   -1.01689
88.00000   72.00000   -0.21739   -0.79089
8.00000   88.00000   -0.26746   -0.95080
24.00000   88.00000   0.02522   -1.02360
40.00000   88.00000   0.39217   -1.05743
56.00000   88.00000   -0.11651   -1.09717
72.00000   88.00000   -0.18815   -1.13179
88.00000   88.00000   -0.06118   -0.98442
8.00000   104.00000   0.02387   -1.14821
24.00000   104.00000   -0.38005   -1.01311
40.00000   104.00000   0.07832   -0.79376
56.00000   104.00000   -0.12009   -1.01501
72.00000   104.00000   -0.56513   -1.08520
88.00000   104.00000   -0.14493   -1.01735
8.00000   120.00000   0.02089   -1.09049
24.00000   120.00000   -0.04573   -1.10812
40.00000   120.00000   0.05866   -1.04294
56.00000   120.00000   -0.09479   -1.07166
72.00000   120.00000   -0.15725   -1.02692
88.00000   120.00000   -0.25327   -1.05039
8.00000   136.00000   -0.07949   -1.05424
24.00000   136.00000   0.06277   -1.19865
40.00000   136.00000   0.09949   -1.14666
56.00000   136.00000   0.27246   -1.09606
72.00000   136.00000   -0.18761   -1.23807
88.00000   136.00000   -0.23952   -1.11327
8.00000   152.00000   0.32016   -0.95236
24.00000   152.00000   0.15066   -1.09657
40.00000   152.00000   -0.34700   -1.02249
56.00000   152.00000   -0.11816   -1.04058
72.00000   152.00000   -0.05318   -1.03602
88.00000   152.00000   -0.10160   -1.05697
8.00000   168.00000   -0.27188   -0.99792
24.00000   168.00000   -0.30449   -0.97405
40.00000   168.00000   0.11146   -1.04123
56.00000   168.00000   0.05072   -1.08426
72.00000   168.00000   -0.09764   -0.96637
88.00000   168.00000   0.05245   -1.07467
8.00000   184.00000   -0.12381   -1.02679
24.00000   184.00000   -0.33294   -0.84813
40.00000   184.00000   -0.06844   -0.93236
56.00000   184.00000   0.12047   -0.93204
72.00000   184.00000   -0.18453   -1.08935
88.00000   184.00000   0.04865   -1.12100
8.00000   200.00000   -0.05106   -1.07017
24.00000   200.00000   -0.15632   -0.98702
40.00000   200.00000   -0.02045   -0.95831
56.00000   200.00000   0.08944   -0.99519
72.00000   200.00000   0.19812   -1.01079
88.00000   200.00000   -0.09930   -1.17283
8.00000   216.00000   -0.24202   -1.10681
24.00000   216.00000   -0.31362   -1.01881
40.00000   216.00000   0.23122   -0.98903
56.00000   216.00000   0.20936   -0.98120
72.00000   216.00000   0.09693   -0.98401
88.00000   216.00000   -0.23877   -0.85221
8.00000   232.00000   -0.00658   -0.99100
24.00000   232.00000   -0.11450   -1.02649
40.00000   232.00000   0.08295   -1.11576
56.00000   232.00000   0.24156   -0.94057
72.00000   232.00000   -0.16319   -0.97844
88.00000   232.00000   -0.10837   -0.97497
8.00000   248.00000   -0.41812   -1.02420
24.00000   248.00000   -0.13546   -1.14203
40.00000   248.00000   0.13765   -1.18979
56.00000   248.00000   0.06485   -0.90590
72.00000   248.00000   -0.51431   -1.01666
88.00000   248.00000   -0.25671   -0.81823
8.00000   264.00000   -0.09264   -1.22265
24.00000   264.00000   -0.02482   -1.14300
40.00000   264.00000   0.18496   -1.07369
56.00000   264.00000   -0.03391   -0.99555
72.00000   264.00000   -0.36104   -0.77604
88.00000   264.00000   -0.14403   -1.01783
8.00000   280.00000   -0.32858   -1.09428
24.00000   280.00000   -0.16730   -0.84147
40.00000   280.00000   -0.05054   -0.96647
56.00000   280.00000   -0.29411   -1.02087
72.00000   280.00000   -0.23163   -0.91738
88.00000   280.00000   -0.03078   -0.90549
8.00000   296.00000   0.05147   -1.05836
24.00000   296.00000   0.32139   -0.99571
40.00000   296.00000   -0.17294   -0.98187
56.00000   296.00000   -0.33495   -0.84518
72.00000   296.00000   0.14358   -0.86082
88.00000   296.00000   -0.48405   -1.09041
8.00000   312.00000   -0.32511   -1.04334
24.00000   312.00000   0.20635   -0.91747
40.00000   312.00000   -0.33317   -1.02940
56.00000   312.00000   -0.04604   -1.30983
72.00000   312.00000   -0.19871   -0.77753
88.00000   312.00000   -0.00116   -1.04059
8.00000   328.00000   -0.16104   -0.87522
24.00000   328.00000   0.06401   -0.87455
40.00000   328.00000   -0.78353   -1.13140
56.00000   328.00000   0.06331   -0.99770
72.00000   328.00000   -0.29627   -1.03673
88.00000   328.00000   0.14800   -0.97419
8.00000   344.00000   0.11444   -1.08768
24.00000   344.00000   -0.51815   -1.01124
40.00000   344.00000   -0.42080   -1.04350
56.00000   344.00000   0.01196   -1.15523
72.00000   344.00000   -0.07227   -0.98455
88.00000   344.00000   -0.00584   -0.91362
8.00000   360.00000   -0.02736   -1.10611
24.00000   360.00000   -0.57641   -0.89823
40.00000   360.00000   -0.74532   -0.78841
56.00000   360.00000   -0.28203   -0.77099
72.00000   360.00000   -0.34691   -0.82849
88.00000   360.00000   0.10835   -0.97092
8.00000   376.00000   -0.59601   -0.83886
24.00000   376.00000   -0.49870   -0.80646
40.00000   376.00000   -0.61934   -0.87564
56.00000   376.00000   -0.30871   -0.87118
72.00000   376.00000   -0.14402   -0.84820
88.00000   376.00000   0.06724   -0.97524
8.00000   392.00000   -0.12049   -0.88540
24.00000   392.00000   -0.04950   -0.87018
40.00000   392.00000   -0.84721   -0.94789
56.00000   392.00000   -0.48036   -0.93702
72.00000   392.00000   -0.08979   -1.17532
88.00000   392.00000   -0.19495   -0.72706
8.00000   408.00000   -0.59279   -0.99768
24.00000   408.00000   -0.16516   -0.88860
40.00000   408.00000   -0.53567   -0.94080
56.00000   408.00000   -0.07842   -0.98342
72.00000   408.00000   -0.20795   -1.05463
88.00000   408.00000   -0.14493   -0.83203
8.00000   424.00000   -0.74335   -1.05405
24.00000   424.00000   -0.57191   -1.12256
40.00000   424.00000   -0.71837   -1.00533
56.00000   424.00000   -0.32597   -1.04254
72.00000   424.00000   -0.17164   -1.04040
88.00000   424.00000   0.06514   -1.07118
8.00000   440.00000   -0.23139   -0.88907
24.00000   440.00000   -0.50446   -1.21798
40.00000   440.00000   -0.70443   -0.97143
56.00000   440.00000   -0.14171   -1.07736
72.00000   440.00000   -0.21463   -1.06687
88.00000   440.00000   0.09554   -0.98953
8.00000   456.00000   -0.78722   -1.05656
24.00000   456.00000   -0.59109   -1.12978
40.00000   456.00000   -0.72210   -0.97486
56.00000   456.00000   -0.37624   -1.04427
72.00000   456.00000   -0.23737   -1.14697
88.00000   456.00000   -0.12236   -1.11136
8.00000   472.00000   -0.77899   -1.14353
24.00000   472.00000   -0.58475   -1.22359
40.00000   472.00000   -0.69118   -1.20000
56.00000   472.00000   -0.59254   -1.10762
72.00000   472.00000   -0.45142   -1.21030
88.00000   472.00000   -0.23943   -1.02541
8.00000   488.00000   -0.40651   -1.02020
24.00000   488.00000   -0.53079   -0.94550
40.00000   488.00000   0.12237   -1.09021
56.00000   488.00000   -0.04877   -1.17621
72.00000   488.00000   -0.47989   -1.04948
88.00000   488.00000   -0.44345   -1.01156
8.00000   504.00000   -0.18256   -1.04888
24.00000   504.00000   -0.57495   -1.14717
40.00000   504.00000   -0.60360   -1.22819
56.00000   504.00000   -0.17806   -1.10976
72.00000   504.00000   -0.52131   -1.25224
88.00000   504.00000   -0.19616   -1.13914
8.00000   520.00000   -0.73738   -0.98849
24.00000   520.00000   -0.61032   -1.16943
40.00000   520.00000   -0.40264   -1.22321
56.00000   520.00000   -0.33527   -1.12483
72.00000   520.00000   -0.61459   -1.18733
88.00000   520.00000   -0.29702   -1.22775
8.00000   536.00000   -0.61673   -0.90386
24.00000   536.00000   -0.15985   -1.14468
40.00000   536.00000   -0.34317   -1.14368
56.00000   536.00000   -0.50193   -0.93082
72.00000   536.00000   -0.42243   -1.38877
88.00000   536.00000   -0.44052   -1.21869
