# image 70 and 71 x,y,u,v
8.00000   8.00000   -0.63327   -1.06758
24.00000   8.00000   -0.29141   -0.96578
40.00000   8.00000   -0.01211   -1.09675
56.00000   8.00000   0.12880   -0.97219
72.00000   8.00000   -0.02226   -1.04404
88.00000   8.00000   0.02522   -0.84583
8.00000   24.00000   -0.50614   -1.07184
24.00000   24.00000   -0.24101   -1.02652
40.00000   24.00000   -0.14238   -1.06873
56.00000   24.00000   0.23044   -1.07271
72.00000   24.00000   -0.29295   -0.96223
88.00000   24.00000   -0.26412   -1.02992
8.00000   40.00000   -0.38554   -1.07979
24.00000   40.00000   -0.31741   -1.15434
40.00000   40.00000   -0.10642   -0.98500
56.00000   40.00000   -0.29543   -0.88966
72.00000   40.00000   -0.41126   -1.01070
88.00000   40.00000   -0.25023   -0.97036
8.00000   56.00000   -0.25082   -1.00699
24.00000   56.00000   0.36084   -1.13510
40.00000   56.00000   0.05723   -1.08891
56.00000   56.00000   -0.23470   -0.90898
72.00000   56.00000   -0.14927   -0.86538
88.00000   56.00000   -0.01108   -0.95260
8.00000   72.00000   -0.33566   -1.05031
24.00000   72.00000   -0.03921   -0.95329
40.00000   72.00000   -0.17630   -0.97492
56.00000   72.00000   -0.24953   -0.89768
72.00000   72.00000   -0.12400   -1.01193
88.00000   72.00000   0.14417   -1.09344
8.00000   88.00000   -0.37920   -0.93446
24.00000   88.00000   -0.19918   -1.15431
40.00000   88.00000   0.02777   -1.07752
56.00000   88.00000   -0.29917   -1.02217
72.00000   88.00000   -0.01003   -1.01152
88.00000   88.00000   -0.12446   -1.06573
8.00000   104.00000   -0.29250   -1.12308
24.00000   104.00000   0.16302   -1.02686
40.00000   104.00000   -0.04015   -0.94689
56.00000   104.00000   -0.18121   -0.93578
72.00000   104.00000   -0.21975   -1.02572
88.00000   104.00000   -0.14186   -1.09968
8.00000   120.00000   -0.06815   -1.13035
24.00000   120.00000   -0.15811   -1.00965
40.00000   120.00000   0.11588   -1.02459
56.00000   120.00000   -0.17600   -0.99710
72.00000   120.00000   -0.26949   -1.04798
88.00000   120.00000   -0.21208   -0.92859
8.00000   136.00000   -0.08914   -1.03061
24.00000   136.00000   -0.08104   -1.11855
40.00000   136.00000   -0.13808   -1.13412
56.00000   136.00000   -0.03814   -1.09907
72.00000   136.00000   -0.15634   -1.09552
88.00000   136.00000   -0.20806   -1.14338
8.00000   152.00000   -0.20877   -0.93032
24.00000   152.00000   -0.11892   -0.91180
40.00000   152.00000   0.00494   -1.12574
56.00000   152.00000   -0.04153   -1.14664
72.00000   152.00000   0.15058   -1.30658
88.00000   152.00000   -0.03139   -0.98936
8.00000   168.00000   0.08171   -1.03284
24.00000   168.00000   0.25141   -0.85600
40.00000   168.00000   -0.08003   -1.05138
56.00000   168.00000   -0.02149   -1.11262
72.00000   168.00000   -0.13402   -1.02373
88.00000   168.00000   0.02043   -1.07751
8.00000   184.00000   0.07064   -0.97274
24.00000   184.00000   -0.04658   -0.85107
40.00000   184.00000   -0.00843   -0.98628
56.00000   184.00000   0.07024   -1.01536
72.00000   184.00000   -0.14841   -1.00139
88.00000   184.00000   0.19983   -1.21502
8.00000   200.00000   -0.13902   -1.01116
24.00000   200.00000   -0.23591   -0.82613
40.00000   200.00000   0.37613   -1.06297
56.00000   200.00000   0.14395   -0.96230
72.00000   200.00000   -0.12959   -0.99565
88.00000   200.00000   -0.04083   -1.09387
8.00000   216.00000   -0.18043   -1.05692
24.00000   216.00000   -0.35156   -0.97169
40.00000   216.00000   0.00671   -0.90892
56.00000   216.00000   0.22141   -1.00847
72.00000   216.00000   0.21713   -1.11201
88.00000   216.00000   -0.01016   -0.89052
8.00000   232.00000   -0.21987   -1.01798
24.00000   232.00000   -0.25613   -1.09745
40.00000   232.00000   0.00238   -1.08243
56.00000   232.00000   0.10188   -1.05897
72.00000   232.00000   -0.22674   -0.96009
88.00000   232.00000   -0.24198   -0.87499
8.00000   248.00000   -0.00757   -1.10192
24.00000   248.00000   -0.19396   -1.06967
40.00000   248.00000   0.01053   -1.06037
56.00000   248.00000   -0.21722   -0.95597
72.00000   248.00000   -0.24204   -0.92528
88.00000   248.00000   -0.13601   -0.93871
8.00000   264.00000   0.07836   -1.09126
24.00000   264.00000   0.09703   -1.13610
40.00000   264.00000   0.08118   -1.06682
56.00000   264.00000   0.42036   -1.05695
72.00000   264.00000   -0.45907   -0.87340
88.00000   264.00000   0.00085   -0.98701
8.00000   280.00000   0.06990   -1.04236
24.00000   280.00000   -0.09602   -1.04612
40.00000   280.00000   0.11898   -0.81490
56.00000   280.00000   -0.03807   -0.81132
72.00000   280.00000   -0.05032   -0.85257
88.00000   280.00000   -0.18085   -0.94338
8.00000   296.00000   -0.14886   -1.14368
24.00000   296.00000   -0.10043   -1.18639
40.00000   296.00000   0.14517   -1.05610
56.00000   296.00000   -0.34101   -0.91378
72.00000   296.00000   -0.22943   -1.01969
88.00000   296.00000   -0.33050   -0.96249
8.00000   312.00000   -0.12445   -0.98331
24.00000   312.00000   0.16189   -1.11224
40.00000   312.00000   -0.25939   -0.79802
56.00000   312.00000   -0.54290   -1.14092
72.00000   312.00000   -0.18214   -0.81399
88.00000   312.00000   0.07729   -0.93284
8.00000   328.00000   -0.05907   -1.00006
24.00000   328.00000   -0.31755   -0.99768
40.00000   328.00000   -0.71321   -0.90404
56.00000   328.00000   -0.26573   -0.98460
72.00000   328.00000   -0.00648   -0.92487
88.00000   328.00000   0.02479   -0.89168
8.00000   344.00000   -0.05807   -0.97416
24.00000   344.00000   -0.26918   -0.91248
40.00000   344.00000   -0.65420   -0.91835
56.00000   344.00000   -0.38323   -1.02327
72.00000   344.00000   -0.27110   -0.97784
88.00000   344.00000   0.12043   -0.97285
8.00000   360.00000   -0.04694   -1.00945
24.00000   360.00000   -0.16976   -0.93090
40.00000   360.00000   -0.38483   -0.75654
56.00000   360.00000   -0.33100   -0.97145
72.00000   360.00000   -0.04576   -0.86320
88.00000   360.00000   0.15883   -0.85500
8.00000   376.00000   -0.13821   -0.82064
24.00000   376.00000   -0.76102   -1.02457
40.00000   376.00000   -0.48057   -1.05627
56.00000   376.00000   -0.46182   -0.87391
72.00000   376.00000   -0.11638   -0.89197
88.00000   376.00000   0.00485   -0.93973
8.00000   392.00000   -0.05556   -0.89937
24.00000   392.00000   -0.64716   -0.77757
40.00000   392.00000   -0.62060   -1.03359
56.00000   392.00000   -0.75873   -1.14645
72.00000   392.00000   -0.13950   -0.96412
88.00000   392.00000   0.11348   -0.83581
8.00000   408.00000   -0.49814   -1.07929
24.00000   408.00000   -0.51420   -0.92122
40.00000   408.00000   -0.64806   -0.98594
56.00000   408.00000   0.00593   -0.96190
72.00000   408.00000   -0.22103   -1.04258
88.00000   408.00000   -0.02163   -0.91700
8.00000   424.00000   -0.66450   -0.98494
24.00000   424.00000   -0.70629   -1.20531
40.00000   424.00000   -0.81215   -1.17521
56.00000   424.00000   -0.16719   -1.21015
72.00000   424.00000   -0.19857   -1.02909
88.00000   424.00000   -0.19421   -1.02150
8.00000   440.00000   -0.20266   -0.95477
24.00000   440.00000   -0.42649   -1.05978
40.00000   440.00000   -0.35507   -1.14278
56.00000   440.00000   -0.51359   -1.00281
72.00000   440.00000   -0.21016   -1.09868
88.00000   440.00000   -0.03558   -1.14131
8.00000   456.00000   -0.68998   -1.15413
24.00000   456.00000   -0.38689   -0.95952
40.00000   456.00000   -0.61998   -1.12463
56.00000   456.00000   -0.30629   -1.09016
72.00000   456.00000   -0.32564   -1.05913
88.00000   456.00000   -0.28695   -0.98716
8.00000   472.00000   -0.59286   -1.14845
24.00000   472.00000   -0.68258   -0.91231
40.00000   472.00000   -0.52399   -1.01075
56.00000   472.00000   -0.18514   -1.31327
72.00000   472.00000   -0.63374   -1.00997
88.00000   472.00000   0.01857   -1.10368
8.00000   488.00000   -0.61741   -1.08795
24.00000   488.00000   -0.55935   -1.05693
40.00000   488.00000   -0.51898   -1.13223
56.00000   488.00000   -0.43983   -1.04932
72.00000   488.00000   -0.53936   -1.09385
88.00000   488.00000   -0.38918   -1.04803
8.00000   504.00000   -0.15281   -1.03647
24.00000   504.00000   -0.47767   -1.19886
40.00000   504.00000   -0.24204   -1.15817
56.00000   504.00000   -0.70543   -1.00076
72.00000   504.00000   -0.30086   -1.02586
88.00000   504.00000   -0.11703   -1.15854
8.00000   520.00000   -0.86274   -0.96589
24.00000   520.00000   -0.63757   -1.17619
40.00000   520.00000   0.01686   -1.04729
56.00000   520.00000   -0.56177   -1.22657
72.00000   520.00000   -0.58658   -1.29142
88.00000   520.00000   -0.22566   -1.23912
8.00000   536.00000   -0.30204   -0.77269
24.00000   536.00000   -0.42082   -1.30586
40.00000   536.00000   -0.43763   -1.33237
56.00000   536.00000   -0.41418   -1.27045
72.00000   536.00000   -0.45379   -1.24282
88.00000   536.00000   -0.31162   -1.20536
