# image 88 and 89 x,y,u,v
8.00000   8.00000   -0.56596   -0.93238
24.00000   8.00000   -0.44491   -1.06138
40.00000   8.00000   0.02121   -1.07535
56.00000   8.00000   -0.00795   -1.04609
72.00000   8.00000   -0.08120   -1.04139
88.00000   8.00000   -0.03796   -0.95555
8.00000   24.00000   -0.40742   -1.04261
24.00000   24.00000   -0.14287   -1.03197
40.00000   24.00000   0.20137   -1.07012
56.00000   24.00000   -0.03007   -1.02570
72.00000   24.00000   -0.11241   -1.07334
88.00000   24.00000   -0.13963   -0.96994
8.00000   40.00000   -0.29287   -0.89638
24.00000   40.00000   -0.45963   -1.03911
40.00000   40.00000   -0.11427   -1.05938
56.00000   40.00000   -0.07627   -1.00677
72.00000   40.00000   -0.16461   -0.82492
88.00000   40.00000   -0.25916   -0.95634
8.00000   56.00000   -0.29269   -1.03960
24.00000   56.00000   0.12140   -1.11848
40.00000   56.00000   -0.13199   -1.05482
56.00000   56.00000   -0.22772   -0.91435
72.00000   56.00000   0.09537   -0.99722
88.00000   56.00000   0.06409   -0.93348
8.00000   72.00000   -0.34770   -1.09801
24.00000   72.00000   -0.00860   -1.06548
40.00000   72.00000   0.28155   -0.95236
56.00000   72.00000   -0.32728   -0.96152
72.00000   72.00000   -0.13414   -0.93448
88.00000   72.00000   -0.20767   -0.96508
8.00000   88.00000   -0.02607   -1.18725
24.00000   88.00000   -0.28270   -0.85384
40.00000   88.00000   0.19353   -0.84113
56.00000   88.00000   -0.03738   -1.14272
72.00000   88.00000   0.00844   -1.18507
88.00000   88.00000   -0.09557   -1.08052
8.00000   104.00000   -0.21807   -1.08943
24.00000   104.00000   -0.18527   -1.08448
40.00000   104.00000   0.51053   -0.88332
56.00000   104.00000   0.06467   -1.05422
72.00000   104.00000   -0.36170   -0.98282
88.00000   104.00000   -0.10506   -1.04016
8.00000   120.00000   -0.21284   -1.13985
24.00000   120.00000   -0.01748   -1.13665
40.00000   120.00000   0.15317   -0.99954
56.00000   120.00000   -0.04125   -1.09776
72.00000   120.00000   -0.13678   -0.94214
88.00000   120.00000   -0.08666   -1.01206
8.00000   136.00000   0.05676   -1.10337
24.00000   136.00000   0.04976   -1.13442
40.00000   136.00000   -0.20020   -1.12704
56.00000   136.00000   0.21779   -1.25579
72.00000   136.00000   -0.19058   -1.06880
88.00000   136.00000   -0.14583   -1.18632
8.00000   152.00000   0.11641   -0.89846
24.00000   152.00000   -0.10324   -1.03488
40.00000   152.00000   -0.13107   -0.97464
56.00000   152.00000   -0.15678   -1.00691
72.00000   152.00000   -0.23912   -0.90625
88.00000   152.00000   -0.05667   -0.93138
8.00000   168.00000   -0.27028   -1.07100
24.00000   168.00000   0.08768   -0.93015
40.00000   168.00000   -0.17642   -0.91654
56.00000   168.00000   0.13131   -1.06144
72.00000   168.00000   0.00777   -0.91295
88.00000   168.00000   -0.01299   -1.05790
8.00000   184.00000   -0.00164   -0.99703
24.00000   184.00000   -0.32244   -0.82939
40.00000   184.00000   -0.07806   -0.90426
56.00000   184.00000   -0.01714   -0.92706
72.00000   184.00000   -0.19028   -0.99842
88.00000   184.00000   -0.06555   -1.28993
8.00000   200.00000   -0.38403   -1.01430
24.00000   200.00000   -0.15189   -1.04599
40.00000   200.00000   -0.00854   -0.94335
56.00000   200.00000   -0.08412   -0.91906
72.00000   200.00000   0.06534   -1.03801
88.00000   200.00000   -0.05949   -1.14310
8.00000   216.00000   -0.05880   -1.03574
24.00000   216.00000   -0.36244   -1.04073
40.00000   216.00000   0.17882   -0.97505
56.00000   216.00000   0.24050   -1.05873
72.00000   216.00000   0.03947   -0.99180
88.00000   216.00000   -0.00440   -0.88004
8.00000   232.00000   -0.13762   -1.05474
24.00000   232.00000   0.03879   -1.07496
40.00000   232.00000   -0.17512   -1.15541
56.00000   232.00000   0.24082   -0.87311
72.00000   232.00000   -0.46249   -0.92433
88.00000   232.00000   -0.22599   -0.86435
8.00000   248.00000   -0.18530   -1.07301
24.00000   248.00000   -0.13569   -1.07050
40.00000   248.00000   0.26469   -0.95091
56.00000   248.00000   0.19403   -1.10897
72.00000   248.00000   -0.32492   -1.04762
88.00000   248.00000   -0.28995   -0.85162
8.00000   264.00000   -0.19801   -1.10374
24.00000   264.00000   0.04517   -1.10068
40.00000   264.00000   -0.03631   -1.01973
56.00000   264.00000   -0.01839   -0.87089
72.00000   264.00000   -0.16827   -0.88934
88.00000   264.00000   -0.26353   -1.01139
8.00000   280.00000   -0.18364   -1.10895
24.00000   280.00000   -0.08738   -0.95516
40.00000   280.00000   0.15884   -1.06564
56.00000   280.00000   0.00566   -0.99016
72.00000   280.00000   -0.14360   -0.77995
88.00000   280.00000   0.01072   -1.08215
8.00000   296.00000   0.02808   -1.04479
24.00000   296.00000   0.17335   -1.09791
40.00000   296.00000   -0.18962   -0.98167
56.00000   296.00000   -0.32082   -1.12827
72.00000   296.00000   -0.08447   -0.82698
88.00000   296.00000   -0.21760   -1.13187
8.00000   312.00000   -0.11529   -0.92770
24.00000   312.00000   -0.17945   -1.11666
40.00000   312.00000   -0.26738   -0.84996
56.00000   312.00000   -0.01756   -1.02029
72.00000   312.00000   -0.13154   -0.88109
88.00000   312.00000   -0.04045   -1.01128
8.00000   328.00000   0.02659   -0.92320
24.00000   328.00000   0.08368   -1.07182
40.00000   328.00000   -0.70202   -0.99988
56.00000   328.00000   -0.28542   -1.06590
72.00000   328.00000   -0.22667   -1.06397
88.00000   328.00000   0.06655   -0.98171
8.00000   344.00000   0.15425   -1.12429
24.00000   344.00000   -0.60374   -1.00710
40.00000   344.00000   -0.60089   -0.96459
56.00000   344.00000   -0.09813   -1.01623
72.00000   344.00000   -0.15463   -0.90812
88.00000   344.00000   0.11333   -0.96362
8.00000   360.00000   0.09799   -1.06387
24.00000   360.00000   -0.40152   -0.82946
40.00000   360.00000   -0.78640   -1.03964
56.00000   360.00000   -0.52317   -1.03416
72.00000   360.00000   -0.18813   -0.76674
88.00000   360.00000   0.05353   -0.95522
8.00000   376.00000   -0.54864   -1.16753
24.00000   376.00000   -0.50162   -0.73836
40.00000   376.00000   -0.79080   -0.94100
56.00000   376.00000   -0.63404   -0.95013
72.00000   376.00000   -0.03618   -0.74908
88.00000   376.00000   -0.02987   -0.78130
8.00000   392.00000   -0.26993   -0.95260
24.00000   392.00000   -0.32663   -0.86232
40.00000   392.00000   -0.81235   -1.02137
56.00000   392.00000   -0.50197   -1.16232
72.00000   392.00000   -0.23263   -0.82748
88.00000   392.00000   -0.07174   -0.76479
8.00000   408.00000   -0.52257   -1.03025
24.00000   408.00000   -0.26536   -1.01527
40.00000   408.00000   -0.77815   -0.87978
56.00000   408.00000   -0.39920   -1.07424
72.00000   408.00000   -0.25436   -1.16706
88.00000   408.00000   0.05366   -0.91052
8.00000   424.00000   -0.43683   -1.00435
24.00000   424.00000   -0.37860   -1.19016
40.00000   424.00000   -0.37930   -1.18391
56.00000   424.00000   -0.28601   -1.11683
72.00000   424.00000   -0.07934   -1.02152
88.00000   424.00000   0.05795   -1.07918
8.00000   440.00000   -0.44003   -1.02676
24.00000   440.00000   -0.38103   -1.21986
40.00000   440.00000   -0.65221   -1.20230
56.00000   440.00000   -0.33888   -1.16252
72.00000   440.00000   -0.10624   -1.20908
88.00000   440.00000   -0.01743   -1.03185
8.00000   456.00000   -0.86414   -0.99087
24.00000   456.00000   -0.24291   -1.09488
40.00000   456.00000   -0.57931   -1.11864
56.00000   456.00000   -0.44154   -1.26607
72.00000   456.00000   -0.31624   -1.05107
88.00000   456.00000   -0.13156   -1.23979
8.00000   472.00000   -0.62959   -1.17959
24.00000   472.00000   -0.73399   -1.03636
40.00000   472.00000   -0.53833   -1.12362
56.00000   472.00000   -0.47133   -1.21689
72.00000   472.00000   -0.49277   -1.02930
88.00000   472.00000   -0.17291   -1.03919
8.00000   488.00000   -0.10290   -1.14100
24.00000   488.00000   -0.45364   -0.98796
40.00000   488.00000   -0.29436   -1.08963
56.00000   488.00000   -0.19221   -1.02545
72.00000   488.00000   -0.53671   -1.15959
88.00000   488.00000   -0.51947   -1.05065
8.00000   504.00000   -0.31668   -0.99048
24.00000   504.00000   -0.60563   -1.07168
40.00000   504.00000   -0.67809   -1.20464
56.00000   504.00000   -0.25730   -1.17571
72.00000   504.00000   -0.31299   -1.18810
88.00000   504.00000   -0.20863   -1.08783
8.00000   520.00000   -0.48868   -1.05521
24.00000   520.00000   -0.47666   -1.26572
40.00000   520.00000   -0.33770   -1.21027
56.00000   520.00000   -0.59596   -1.10086
72.00000   520.00000   -0.40417   -1.12608
88.00000   520.00000   -0.15286   -1.21526
8.00000   536.00000   -0.98097   -1.21635
24.00000   536.00000   -0.38438   -1.05275
40.00000   536.00000   -0.51973   -1.28529
56.00000   536.00000   -0.28595   -1.03535
72.00000   536.00000   -0.35948   -1.27169
88.00000   536.00000   -0.30643   -1.15511
