# image 75 and 76 x,y,u,v
8.00000   8.00000   -0.51867   -1.10360
24.00000   8.00000   -0.34115   -0.90046
40.00000   8.00000   0.09820   -1.00350
56.00000   8.00000   0.23754   -0.94749
72.00000   8.00000   0.03991   -1.11379
88.00000   8.00000   -0.14554   -1.06314
8.00000   24.00000   -0.56165   -0.95263
24.00000   24.00000   -0.22966   -0.99287
40.00000   24.00000   -0.17099   -1.05899
56.00000   24.00000   -0.00174   -0.94299
72.00000   24.00000   -0.41929   -0.92695
88.00000   24.00000   -0.19440   -0.91984
8.00000   40.00000   -0.50426   -1.06959
24.00000   40.00000   -0.15845   -1.08161
40.00000   40.00000   -0.16880   -1.14793
56.00000   40.00000   -0.23817   -1.05826
72.00000   40.00000   -0.16985   -0.98342
88.00000   40.00000   -0.48900   -0.93024
8.00000   56.00000   -0.38972   -1.17651
24.00000   56.00000   0.06626   -1.10468
40.00000   56.00000   -0.08753   -0.99768
56.00000   56.00000   -0.13327   -0.98287
72.00000   56.00000   -0.06445   -1.04714
88.00000   56.00000   -0.06789   -0.99740
8.00000   72.00000   -0.37239   -0.96733
24.00000   72.00000   -0.06763   -0.97185
40.00000   72.00000   0.18043   -1.17475
56.00000   72.00000   -0.20854   -1.03805
72.00000   72.00000   0.17427   -1.02684
88.00000   72.00000   -0.12459   -0.93516
8.00000   88.00000   -0.27284   -1.01335
24.00000   88.00000   -0.03203   -0.88275
40.00000   88.00000   -0.17626   -1.17067
56.00000   88.00000   -0.28061   -1.07439
72.00000   88.00000   -0.22216   -0.98760
88.00000   88.00000   -0.17473   -0.99996
8.00000   104.00000   -0.05256   -1.07535
24.00000   104.00000   0.00025   -1.05847
40.00000   104.00000   0.32279   -0.85995
56.00000   104.00000   -0.15661   -0.95552
72.00000   104.00000   -0.27654   -1.00288
88.00000   104.00000   -0.03571   -1.03064
8.00000   120.00000   -0.10970   -0.94136
24.00000   120.00000   -0.17208   -0.97762
40.00000   120.00000   -0.12815   -1.22207
56.00000   120.00000   -0.05334   -0.98067
72.00000   120.00000   -0.36499   -1.05199
88.00000   120.00000   -0.26222   -0.98847
8.00000   136.00000   -0.21995   -1.00654
24.00000   136.00000   -0.23113   -1.08778
40.00000   136.00000   0.09469   -1.04964
56.00000   136.00000   0.02809   -1.05606
72.00000   136.00000   -0.07628   -1.08142
88.00000   136.00000   -0.23009   -1.06978
8.00000   152.00000   -0.09201   -1.10512
24.00000   152.00000   0.00132   -1.04092
40.00000   152.00000   -0.31307   -1.12516
56.00000   152.00000   0.07663   -1.11618
72.00000   152.00000   -0.14814   -0.99391
88.00000   152.00000   -0.03570   -0.98516
8.00000   168.00000   -0.01042   -0.96133
24.00000   168.00000   0.22311   -0.91889
40.00000   168.00000   0.10675   -0.92591
56.00000   168.00000   -0.09118   -0.80422
72.00000   168.00000   -0.12375   -0.90683
88.00000   168.00000   0.14708   -1.07292
8.00000   184.00000   -0.20706   -0.93547
24.00000   184.00000   -0.15650   -0.82532
40.00000   184.00000   0.04501   -0.92370
56.00000   184.00000   -0.00088   -0.98679
72.00000   184.00000   -0.07117   -1.15092
88.00000   184.00000   0.05410   -1.16622
8.00000   200.00000   0.11675   -0.93323
24.00000   200.00000   -0.01789   -0.94526
40.00000   200.00000   -0.11508   -1.14447
56.00000   200.00000   0.08350   -1.13156
72.00000   200.00000   0.08923   -1.08667
88.00000   200.00000   -0.01059   -1.12491
8.00000   216.00000   -0.18073   -1.06471
24.00000   216.00000   -0.33323   -0.96389
40.00000   216.00000   0.19591   -1.12760
56.00000   216.00000   0.02422   -1.15752
72.00000   216.00000   0.12755   -0.97090
88.00000   216.00000   -0.11483   -0.94680
8.00000   232.00000   -0.11196   -1.05378
24.00000   232.00000   -0.51588   -0.98308
40.00000   232.00000   -0.05424   -1.15940
56.00000   232.00000   0.00443   -1.15387
72.00000   232.00000   -0.10035   -0.88339
88.00000   232.00000   -0.21206   -0.95118
8.00000   248.00000   -0.05852   -1.11418
24.00000   248.00000   -0.03343   -1.05877
40.00000   248.00000   0.45423   -1.00213
56.00000   248.00000   0.28646   -0.96874
72.00000   248.00000   -0.51455   -1.01136
88.00000   248.00000   -0.24981   -0.85554
8.00000   264.00000   -0.17856   -1.20637
24.00000   264.00000   -0.07236   -1.04197
40.00000   264.00000   0.30726   -1.10613
56.00000   264.00000   -0.10992   -0.91088
72.00000   264.00000   -0.38474   -0.74988
88.00000   264.00000   -0.18872   -0.88104
8.00000   280.00000   -0.34509   -1.11780
24.00000   280.00000   -0.12617   -0.97722
40.00000   280.00000   0.04615   -0.98843
56.00000   280.00000   0.00735   -1.03191
72.00000   280.00000   -0.00025   -0.80198
88.00000   280.00000   -0.14704   -0.97115
8.00000   296.00000   -0.09183   -0.99714
24.00000   296.00000   -0.15612   -1.04635
40.00000   296.00000   0.03253   -1.02532
56.00000   296.00000   -0.30289   -1.09498
72.00000   296.00000   -0.11032   -1.02502
88.00000   296.00000   -0.31043   -0.92758
8.00000   312.00000   0.02830   -1.12341
24.00000   312.00000   0.22374   -0.88717
40.00000   312.00000   -0.30431   -1.00138
56.00000   312.00000   -0.43280   -1.05683
72.00000   312.00000   -0.04352   -0.96438
88.00000   312.00000   0.15178   -0.90604
8.00000   328.00000   -0.24626   -1.04238
24.00000   328.00000   -0.07484   -1.04085
40.00000   328.00000   -0.72836   -1.03209
56.00000   328.00000   -0.21397   -1.05000
72.00000   328.00000   -0.36637   -0.94157
88.00000   328.00000   -0.02178   -0.90615
8.00000   344.00000   0.01983   -0.98386
24.00000   344.00000   -0.69173   -1.00248
40.00000   344.00000   -0.56900   -0.90213
56.00000   344.00000   -0.08095   -0.97613
72.00000   344.00000   -0.16718   -0.89737
88.00000   344.00000   0.03225   -0.90266
8.00000   360.00000   -0.22940   -0.91284
24.00000   360.00000   0.00786   -0.87677
40.00000   360.00000   -0.38846   -0.85202
56.00000   360.00000   -0.12944   -0.97885
72.00000   360.00000   -0.38941   -0.99374
88.00000   360.00000   0.04269   -0.88880
8.00000   376.00000   -0.50257   -0.79380
24.00000   376.00000   -0.73936   -0.96744
40.00000   376.00000   -0.68047   -0.94460
56.00000   376.00000   -0.50015   -0.93959
72.00000   376.00000   -0.17821   -0.91387
88.00000   376.00000   -0.08075   -0.68533
8.00000   392.00000   -0.52481   -0.93325
24.00000   392.00000   -0.35742   -0.94695
40.00000   392.00000   -0.73767   -0.94203
56.00000   392.00000   -0.00709   -1.18219
72.00000   392.00000   -0.42886   -0.71548
88.00000   392.00000   -0.03481   -0.86153
8.00000   408.00000   -0.44514   -0.96539
24.00000   408.00000   -0.15313   -1.06379
40.00000   408.00000   -0.69326   -0.92471
56.00000   408.00000   -0.14005   -0.98104
72.00000   408.00000   -0.16582   -1.06135
88.00000   408.00000   -0.03747   -1.04542
8.00000   424.00000   -0.54683   -0.98466
24.00000   424.00000   -0.36413   -1.12257
40.00000   424.00000   -0.55902   -1.05600
56.00000   424.00000   -0.12731   -1.14530
72.00000   424.00000   -0.04912   -1.13147
88.00000   424.00000   -0.10603   -1.05016
8.00000   440.00000   -0.42631   -0.94395
24.00000   440.00000   -0.51139   -1.05751
40.00000   440.00000   -0.56559   -1.02183
56.00000   440.00000   -0.27501   -1.12462
72.00000   440.00000   -0.20280   -1.16298
88.00000   440.00000   0.07332   -1.07631
8.00000   456.00000   -0.74132   -0.97955
24.00000   456.00000   -0.38352   -1.00331
40.00000   456.00000   -0.62077   -0.95934
56.00000   456.00000   -0.45342   -1.25434
72.00000   456.00000   -0.36262   -1.09605
88.00000   456.00000   -0.22931   -1.04089
8.00000   472.00000   -0.78041   -1.10450
24.00000   472.00000   -0.69751   -1.21586
40.00000   472.00000   -0.52603   -1.13956
56.00000   472.00000   -0.54826   -1.17731
72.00000   472.00000   -0.30228   -1.05891
88.00000   472.00000   0.02165   -1.04332
8.00000   488.00000   -0.25452   -1.13792
24.00000   488.00000   0.16728   -0.98860
40.00000   488.00000   -0.62242   -1.12753
56.00000   488.00000   -0.34908   -1.02296
72.00000   488.00000   -0.41651   -1.14957
88.00000   488.00000   -0.38591   -0.91758
8.00000   504.00000   -0.43894   -1.07367
24.00000   504.00000   -0.40689   -1.04221
40.00000   504.00000   -0.68625   -1.04431
56.00000   504.00000   -0.59172   -1.03518
72.00000   504.00000   -0.36536   -1.20089
88.00000   504.00000   -0.20932   -1.14371
8.00000   520.00000   -0.18297   -1.15060
24.00000   520.00000   -0.76560   -1.13116
40.00000   520.00000   0.09267   -1.22965
56.00000   520.00000   -0.67773   -1.08298
72.00000   520.00000   -0.58851   -1.20278
88.00000   520.00000   -0.21220   -1.16451
8.00000   536.00000   -0.18630   -0.81917
24.00000   536.00000   -0.37924   -1.15402
40.00000   536.00000   -0.61439   -1.15688
56.00000   536.00000   -0.36471   -1.28603
72.00000   536.00000   -0.64650   -1.30301
88.00000   536.00000   -0.20754   -1.28890
