# image 94 and 95 x,y,u,v
8.00000   8.00000   -0.45431   -0.90785
24.00000   8.00000   -0.27255   -0.97200
40.00000   8.00000   0.23849   -1.10818
56.00000   8.00000   0.23896   -0.97256
72.00000   8.00000   -0.09444   -0.99107
88.00000   8.00000   0.17946   -1.02330
8.00000   24.00000   -0.41486   -0.98120
24.00000   24.00000   -0.29441   -1.10556
40.00000   24.00000   0.04136   -1.16164
56.00000   24.00000   -0.11119   -0.98942
72.00000   24.00000   -0.27018   -1.03549
88.00000   24.00000   -0.23984   -0.95295
8.00000   40.00000   -0.38120   -1.02969
24.00000   40.00000   -0.23089   -0.98419
40.00000   40.00000   -0.11314   -1.02153
56.00000   40.00000   -0.17732   -1.05936
72.00000   40.00000   -0.02846   -0.87291
88.00000   40.00000   -0.42448   -1.11421
8.00000   56.00000   -0.35576   -1.01527
24.00000   56.00000   -0.01433   -1.06449
40.00000   56.00000   -0.04071   -1.02666
56.00000   56.00000   -0.28626   -1.11700
72.00000   56.00000   -0.04029   -1.01331
88.00000   56.00000   -0.14734   -0.88230
8.00000   72.00000   -0.58244   -0.92732
24.00000   72.00000   -0.05811   -1.08465
40.00000   72.00000   0.28311   -1.04535
56.00000   72.00000   -0.09525   -1.14642
72.00000   72.00000   -0.16714   -0.97711
88.00000   72.00000   -0.18636   -0.84856
8.00000   88.00000   -0.05491   -1.14369
24.00000   88.00000   -0.14610   -0.91349
40.00000   88.00000   0.22628   -1.06693
56.00000   88.00000   -0.14452   -1.02167
72.00000   88.00000   -0.35733   -1.13549
88.00000   88.00000   -0.22485   -1.04240
8.00000   104.00000   0.08632   -1.00865
24.00000   104.00000   -0.21805   -1.11835
40.00000   104.00000   0.16535   -0.91669
56.00000   104.00000   0.08689   -1.09664
72.00000   104.00000   -0.24175   -1.03925
88.00000   104.00000   -0.03837   -1.11621
8.00000   120.00000   -0.21854   -0.93135
24.00000   120.00000   -0.03152   -1.02211
40.00000   120.00000   0.19910   -0.99014
56.00000   120.00000   -0.18714   -1.03075
72.00000   120.00000   -0.31810   -0.91120
88.00000   120.00000   -0.23327   -0.92033
8.00000   136.00000   -0.12612   -1.08684
24.00000   136.00000   0.17616   -1.24345
40.00000   136.00000   -0.14834   -0.93927
56.00000   136.00000   -0.12962   -1.15912
72.00000   136.00000   -0.20632   -1.18781
88.00000   136.00000   -0.24583   -1.12802
8.00000   152.00000   -0.27861   -1.07845
24.00000   152.00000   0.18529   -1.01377
40.00000   152.00000   0.02011   -1.00573
56.00000   152.00000   0.07131   -0.93800
72.00000   152.00000   -0.15334   -1.04803
88.00000   152.00000   0.12535   -1.02515
8.00000   168.00000   -0.15459   -1.06683
24.00000   168.00000   -0.05335   -0.74398
40.00000   168.00000   -0.12529   -1.03119
56.00000   168.00000   -0.05463   -0.98282
72.00000   168.00000   -0.04208   -0.98569
88.00000   168.00000   0.04593   -1.01693
8.00000   184.00000   0.05394   -0.96033
24.00000   184.00000   -0.12353   -1.02084
40.00000   184.00000   0.15840   -1.01705
56.00000   184.00000   0.04926   -0.94882
72.00000   184.00000   0.09561   -1.12422
88.00000   184.00000   0.09000   -1.09220
8.00000   200.00000   -0.32415   -0.98662
24.00000   200.00000   -0.22548   -0.93800
40.00000   200.00000   0.09233   -0.88459
56.00000   200.00000   0.19696   -0.86871
72.00000   200.00000   0.12512   -1.02804
88.00000   200.00000   -0.11634   -1.02594
8.00000   216.00000   -0.23119   -0.93827
24.00000   216.00000   -0.10588   -1.10029
40.00000   216.00000   0.34542   -1.02705
56.00000   216.00000   0.36193   -0.93518
72.00000   216.00000   -0.17749   -1.02193
88.00000   216.00000   -0.25733   -0.92224
8.00000   232.00000   -0.21416   -1.15965
24.00000   232.00000   -0.15960   -1.00263
40.00000   232.00000   -0.09455   -1.00376
56.00000   232.00000   0.36193   -1.07899
72.00000   232.00000   -0.07478   -1.01247
88.00000   232.00000   -0.27221   -0.85732
8.00000   248.00000   -0.09264   -1.03171
24.00000   248.00000   0.14562   -1.10268
40.00000   248.00000   0.27331   -1.13428
56.00000   248.00000   -0.08838   -0.92848
72.00000   248.00000   -0.12599   -0.82852
88.00000   248.00000   -0.09149   -0.97684
8.00000   264.00000   0.00441   -1.08085
24.00000   264.00000   -0.15608   -1.03489
40.00000   264.00000   0.09461   -0.95888
56.00000   264.00000   -0.04930   -1.01720
72.00000   264.00000   -0.45611   -0.89976
88.00000   264.00000   -0.26683   -0.83617
8.00000   280.00000   -0.33823   -1.06048
24.00000   280.00000   0.20704   -0.98266
40.00000   280.00000   0.06399   -1.11214
56.00000   280.00000   -0.22554   -1.08982
72.00000   280.00000   0.12721   -0.88682
88.00000   280.00000   -0.07046   -0.93977
8.00000   296.00000   -0.10395   -1.03222
24.00000   296.00000   -0.20587   -1.01865
40.00000   296.00000   -0.27316   -1.02334
56.00000   296.00000   0.44641   -1.06161
72.00000   296.00000   -0.26185   -0.95713
88.00000   296.00000   -0.14632   -1.00359
8.00000   312.00000   -0.07511   -0.94973
24.00000   312.00000   -0.28508   -1.03162
40.00000   312.00000   -0.22458   -0.95151
56.00000   312.00000   -0.47616   -0.79482
72.00000   312.00000   -0.09403   -0.94070
88.00000   312.00000   0.19902   -0.95142
8.00000   328.00000   0.05439   -1.04392
24.00000   328.00000   -0.42437   -1.00132
40.00000   328.00000   -0.76053   -0.99864
56.00000   328.00000   -0.29177   -1.07163
72.00000   328.00000   -0.17661   -1.04242
88.00000   328.00000   -0.01978   -0.99595
8.00000   344.00000   -0.15285   -0.96422
24.00000   344.00000   -0.64718   -1.07548
40.00000   344.00000   -0.50853   -1.00489
56.00000   344.00000   -0.47097   -0.88586
72.00000   344.00000   -0.22328   -0.92341
88.00000   344.00000   -0.00067   -0.94291
8.00000   360.00000   -0.16933   -0.91842
24.00000   360.00000   -0.18496   -1.00141
40.00000   360.00000   -0.55040   -0.95648
56.00000   360.00000   -0.21596   -0.91373
72.00000   360.00000   -0.26000   -0.91651
88.00000   360.00000   0.04375   -0.82616
8.00000   376.00000   -0.68086   -1.00489
24.00000   376.00000   -0.56102   -0.92049
40.00000   376.00000   -0.85958   -1.03497
56.00000   376.00000   -0.42949   -1.01141
72.00000   376.00000   -0.09112   -0.82357
88.00000   376.00000   -0.01388   -0.82357
8.00000   392.00000   -0.35762   -0.83816
24.00000   392.00000   -0.29977   -0.75733
40.00000   392.00000   -0.51997   -0.94043
56.00000   392.00000   -0.37859   -0.92697
72.00000   392.00000   -0.18334   -0.80431
88.00000   392.00000   -0.14388   -0.87297
8.00000   408.00000   -0.62191   -1.09816
24.00000   408.00000   -0.37413   -0.94275
40.00000   408.00000   -0.63020   -0.92198
56.00000   408.00000   -0.13751   -1.04881
72.00000   408.00000   -0.36672   -0.90345
88.00000   408.00000   -0.16746   -1.03826
8.00000   424.00000   -0.07882   -1.03803
24.00000   424.00000   -0.67688   -1.07086
40.00000   424.00000   -0.70780   -1.05319
56.00000   424.00000   -0.34933   -1.18705
72.00000   424.00000   -0.02017   -1.22140
88.00000   424.00000   -0.10061   -1.12210
8.00000   440.00000   -0.36277   -1.12006
24.00000   440.00000   -0.55178   -1.07886
40.00000   440.00000   -0.67497   -0.95167
56.00000   440.00000   -0.03749   -1.09774
72.00000   440.00000   -0.23663   -1.18555
88.00000   440.00000   -0.12244   -0.90919
8.00000   456.00000   -0.86891   -1.01544
24.00000   456.00000   -0.51823   -1.13691
40.00000   456.00000   -0.46121   -1.03840
56.00000   456.00000   -0.28812   -1.33365
72.00000   456.00000   -0.04931   -1.23433
88.00000   456.00000   -0.11940   -1.11152
8.00000   472.00000   -0.65975   -0.92785
24.00000   472.00000   -0.70170   -1.02046
40.00000   472.00000   -0.38760   -1.06262
56.00000   472.00000   -0.33820   -1.02340
72.00000   472.00000   -0.37060   -1.17099
88.00000   472.00000   -0.20361   -1.12932
8.00000   488.00000   0.02935   -0.98625
24.00000   488.00000   -0.37649   -1.15197
40.00000   488.00000   -0.26411   -1.11991
56.00000   488.00000   -0.45287   -1.18062
72.00000   488.00000   -0.37140   -1.17651
88.00000   488.00000   -0.60492   -1.17483
8.00000   504.00000   -0.42888   -1.17718
24.00000   504.00000   -0.41862   -1.04537
40.00000   504.00000   -0.50579   -1.06091
56.00000   504.00000   -0.58791   -1.19276
72.00000   504.00000   -0.50907   -1.27857
88.00000   504.00000   -0.24381   -1.22079
8.00000   520.00000   -0.53435   -1.02332
24.00000   520.00000   -0.60564   -1.25970
40.00000   520.00000   -0.51529   -1.14141
56.00000   520.00000   -0.11081   -1.08794
72.00000   520.00000   -0.68092   -1.21722
88.00000   520.00000   -0.21630   -1.13490
8.00000   536.00000   -0.79233   -1.02912
24.00000   536.00000   -0.20165   -1.17914
40.00000   536.00000   -0.44781   -1.14095
56.00000   536.00000   -0.44767   -1.13197
72.00000   536.00000   -0.38233   -1.24817
88.00000   536.00000   -0.18376   -1.23321
