# image 58 and 59 x,y,u,v
8.00000   8.00000   -0.39187   -0.96230
24.00000   8.00000   -0.29299   -1.01959
40.00000   8.00000   0.22368   -0.89945
56.00000   8.00000   0.11653   -0.80166
72.00000   8.00000   -0.04431   -1.06488
88.00000   8.00000   0.04087   -1.01429
8.00000   24.00000   -0.36197   -1.08826
24.00000   24.00000   -0.31976   -1.00217
40.00000   24.00000   0.13588   -0.99225
56.00000   24.00000   -0.29250   -0.94425
72.00000   24.00000   -0.22449   -0.90385
88.00000   24.00000   -0.29852   -0.87574
8.00000   40.00000   -0.61737   -1.08309
24.00000   40.00000   -0.21620   -1.12562
40.00000   40.00000   -0.15197   -1.00479
56.00000   40.00000   -0.13686   -0.95668
72.00000   40.00000   -0.34572   -0.90413
88.00000   40.00000   -0.29114   -0.95634
8.00000   56.00000   -0.34543   -0.97798
24.00000   56.00000   -0.07511   -1.03095
40.00000   56.00000   -0.08759   -1.09318
56.00000   56.00000   -0.07835   -0.83178
72.00000   56.00000   -0.11525   -1.05580
88.00000   56.00000   -0.11074   -0.95400
8.00000   72.00000   -0.32968   -1.05924
24.00000   72.00000   0.25680   -0.97855
40.00000   72.00000   -0.11171   -0.94342
56.00000   72.00000   -0.00559   -1.04904
72.00000   72.00000   0.06124   -1.02501
88.00000   72.00000   -0.12154   -0.92714
8.00000   88.00000   -0.05654   -1.05753
24.00000   88.00000   -0.01220   -1.04305
40.00000   88.00000   0.10730   -1.16136
56.00000   88.00000   -0.23342   -1.03095
72.00000   88.00000   -0.14910   -1.02958
88.00000   88.00000   0.17730   -0.92601
8.00000   104.00000   -0.20220   -1.16793
24.00000   104.00000   -0.36306   -1.03402
40.00000   104.00000   0.19716   -0.98543
56.00000   104.00000   -0.25922   -1.05744
72.00000   104.00000   -0.16078   -0.96794
88.00000   104.00000   -0.10018   -0.92617
8.00000   120.00000   -0.16680   -0.90971
24.00000   120.00000   -0.02628   -1.10788
40.00000   120.00000   -0.10479   -1.11349
56.00000   120.00000   -0.28488   -0.98839
72.00000   120.00000   -0.16297   -1.06844
88.00000   120.00000   -0.07365   -0.96498
8.00000   136.00000   0.05888   -1.14466
24.00000   136.00000   -0.28500   -1.09603
40.00000   136.00000   0.00536   -0.96938
56.00000   136.00000   -0.09257   -1.00314
72.00000   136.00000   -0.29783   -1.09083
88.00000   136.00000   -0.18926   -1.02565
8.00000   152.00000   -0.20573   -0.98735
24.00000   152.00000   -0.13541   -1.06485
40.00000   152.00000   -0.00415   -1.08191
56.00000   152.00000   -0.00388   -1.18773
72.00000   152.00000   -0.21584   -1.12784
88.00000   152.00000   -0.34745   -1.01874
8.00000   168.00000   0.06540   -1.09470
24.00000   168.00000   -0.07201   -1.06943
40.00000   168.00000   -0.03977   -0.96622
56.00000   168.00000   0.06521   -0.96722
72.00000   168.00000   -0.03785   -1.04577
88.00000   168.00000   0.04030   -0.98264
8.00000   184.00000   0.03743   -1.06560
24.00000   184.00000   -0.02937   -0.94874
40.00000   184.00000   0.23473   -1.08673
56.00000   184.00000   0.02935   -1.08639
72.00000   184.00000   -0.05014   -0.95020
88.00000   184.00000   0.06147   -1.07753
8.00000   200.00000   -0.15489   -1.03034
24.00000   200.00000   -0.15738   -1.02823
40.00000   200.00000   -0.01119   -0.90792
56.00000   200.00000   0.07439   -1.06298
72.00000   200.00000   -0.03369   -1.06404
88.00000   200.00000   -0.17118   -1.11485
8.00000   216.00000   -0.18335   -0.95943
24.00000   216.00000   0.02873   -0.89390
40.00000   216.00000   0.11813   -0.95489
56.00000   216.00000   0.11394   -0.92084
72.00000   216.00000   -0.17411   -0.94534
88.00000   216.00000   0.01672   -0.96236
8.00000   232.00000   0.00921   -1.00216
24.00000   232.00000   -0.13575   -0.99733
40.00000   232.00000   -0.11382   -1.06231
56.00000   232.00000   -0.02681   -1.11308
72.00000   232.00000   -0.08641   -0.99395
88.00000   232.00000   -0.05018   -0.98966
8.00000   248.00000   -0.19985   -1.02753
24.00000   248.00000   -0.15003   -1.08412
40.00000   248.00000   0.26436   -1.03884
56.00000   248.00000   -0.04813   -0.97977
72.00000   248.00000   -0.56314   -0.89662
88.00000   248.00000   -0.43170   -0.84754
8.00000   264.00000   -0.13234   -1.10785
24.00000   264.00000   -0.25157   -1.05027
40.00000   264.00000   0.09931   -1.01043
56.00000   264.00000   0.03293   -0.88119
72.00000   264.00000   -0.13505   -0.87811
88.00000   264.00000   -0.10301   -0.90417
8.00000   280.00000   0.01643   -1.10784
24.00000   280.00000   -0.07343   -1.24149
40.00000   280.00000   0.45588   -1.05797
56.00000   280.00000   -0.08236   -0.99439
72.00000   280.00000   -0.29591   -0.97910
88.00000   280.00000   -0.11853   -1.03212
8.00000   296.00000   -0.12544   -0.79309
24.00000   296.00000   -0.15885   -0.85781
40.00000   296.00000   0.01925   -1.04122
56.00000   296.00000   0.00155   -0.85699
72.00000   296.00000   -0.17065   -0.84097
88.00000   296.00000   -0.04499   -1.02043
8.00000   312.00000   -0.13101   -1.24250
24.00000   312.00000   0.07778   -1.15349
40.00000   312.00000   0.06698   -1.03593
56.00000   312.00000   -0.15039   -1.12642
72.00000   312.00000   -0.07730   -0.81192
88.00000   312.00000   0.03892   -0.88591
8.00000   328.00000   -0.18066   -1.05928
24.00000   328.00000   -0.48451   -1.00159
40.00000   328.00000   -0.54334   -1.02513
56.00000   328.00000   -0.33418   -0.96258
72.00000   328.00000   -0.31471   -0.91701
88.00000   328.00000   0.11022   -0.87748
8.00000   344.00000   -0.12347   -0.96817
24.00000   344.00000   -0.22555   -0.91777
40.00000   344.00000   -0.65813   -1.00796
56.00000   344.00000   -0.21932   -0.85965
72.00000   344.00000   -0.32009   -1.06843
88.00000   344.00000   0.06086   -1.04652
8.00000   360.00000   -0.27569   -0.94062
24.00000   360.00000   -0.21003   -0.77118
40.00000   360.00000   -0.57969   -0.90317
56.00000   360.00000   -0.68533   -0.87034
72.00000   360.00000   -0.17417   -0.83847
88.00000   360.00000   -0.05086   -0.83334
8.00000   376.00000   0.05600   -1.06480
24.00000   376.00000   -0.51819   -0.90791
40.00000   376.00000   -0.64365   -0.95185
56.00000   376.00000   -0.52267   -0.88258
72.00000   376.00000   -0.15539   -0.90523
88.00000   376.00000   -0.02923   -0.86865
8.00000   392.00000   -0.16394   -1.04175
24.00000   392.00000   -0.33103   -0.91129
40.00000   392.00000   -0.59133   -0.83268
56.00000   392.00000   -0.26641   -0.92637
72.00000   392.00000   0.03484   -0.95279
88.00000   392.00000   -0.02110   -1.03908
8.00000   408.00000   -0.03886   -1.15796
24.00000   408.00000   -0.69845   -1.11187
40.00000   408.00000   -0.61897   -0.98705
56.00000   408.00000   -0.42156   -1.10290
72.00000   408.00000   -0.13099   -0.99135
88.00000   408.00000   -0.03690   -0.99493
8.00000   424.00000   -0.31180   -1.09266
24.00000   424.00000   -0.47344   -1.12872
40.00000   424.00000   -0.58595   -0.95492
56.00000   424.00000   -0.61932   -1.14949
72.00000   424.00000   -0.18383   -1.15794
88.00000   424.00000   -0.12198   -1.01462
8.00000   440.00000   -0.28550   -0.95150
24.00000   440.00000   -0.63436   -1.01741
40.00000   440.00000   -0.46072   -1.14135
56.00000   440.00000   -0.35023   -1.17452
72.00000   440.00000   -0.25914   -1.17452
88.00000   440.00000   -0.06060   -1.02750
8.00000   456.00000   -0.87029   -1.04856
24.00000   456.00000   -0.32277   -1.14731
40.00000   456.00000   -0.55748   -1.02142
56.00000   456.00000   -0.08882   -1.08211
72.00000   456.00000   -0.42413   -1.16710
88.00000   456.00000   -0.13033   -1.06726
8.00000   472.00000   -0.59224   -0.95718
24.00000   472.00000   -0.65953   -1.04991
40.00000   472.00000   -0.67518   -1.02517
56.00000   472.00000   -0.56662   -1.12576
72.00000   472.00000   -0.47990   -1.17607
88.00000   472.00000   -0.12460   -1.15934
8.00000   488.00000   -0.48258   -0.94975
24.00000   488.00000   -0.53268   -1.17308
40.00000   488.00000   -0.36945   -1.22426
56.00000   488.00000   -0.53639   -1.09429
72.00000   488.00000   -0.37018   -1.06495
88.00000   488.00000   -0.33541   -1.02022
8.00000   504.00000   -0.50036   -1.00626
24.00000   504.00000   -0.52085   -1.13108
40.00000   504.00000   -0.68032   -1.14716
56.00000   504.00000   -0.60225   -1.13172
72.00000   504.00000   -0.46719   -1.06843
88.00000   504.00000   -0.08347   -1.19076
8.00000   520.00000   -0.56862   -1.02336
24.00000   520.00000   -0.21680   -1.17510
40.00000   520.00000   -0.16808   -1.11071
56.00000   520.00000   -0.67145   -1.16476
72.00000   520.00000   -0.55925   -1.19991
88.00000   520.00000   -0.11490   -1.13625
8.00000   536.00000   -0.72413   -1.02353
24.00000   536.00000   -0.26923   -1.21894
40.00000   536.00000   -0.15636   -1.03867
56.00000   536.00000   -0.38773   -1.33459
72.00000   536.00000   -0.29963   -1.24279
88.00000   536.00000   -0.30960   -1.19288
