# image 19 and 20 x,y,u,v
8.00000   8.00000   -0.58540   -1.04032
24.00000   8.00000   -0.10682   -1.06281
40.00000   8.00000   -0.00647   -1.04062
56.00000   8.00000   0.01102   -1.02626
72.00000   8.00000   -0.09363   -0.89554
88.00000   8.00000   0.10837   -0.83243
8.00000   24.00000   -0.58060   -0.95101
24.00000   24.00000   -0.38129   -1.08192
40.00000   24.00000   0.06757   -0.98839
56.00000   24.00000   -0.08964   -0.93235
72.00000   24.00000   -0.05469   -0.99601
88.00000   24.00000   -0.03709   -0.96397
8.00000   40.00000   -0.65841   -1.12456
24.00000   40.00000   -0.31443   -1.02721
40.00000   40.00000   -0.00145   -1.07421
56.00000   40.00000   -0.10692   -0.95912
72.00000   40.00000   -0.27019   -1.04746
88.00000   40.00000   -0.36851   -0.93415
8.00000   56.00000   -0.48409   -1.13803
24.00000   56.00000   -0.06936   -1.02975
40.00000   56.00000   -0.13864   -0.90572
56.00000   56.00000   -0.18322   -0.94789
72.00000   56.00000   -0.19084   -0.93075
88.00000   56.00000   -0.23707   -0.89137
8.00000   72.00000   -0.33104   -1.05292
24.00000   72.00000   -0.12258   -1.04576
40.00000   72.00000   0.07281   -0.96813
56.00000   72.00000   -0.08024   -0.84379
72.00000   72.00000   -0.16245   -0.97602
88.00000   72.00000   -0.07054   -0.98639
8.00000   88.00000   -0.41703   -1.03592
24.00000   88.00000   -0.19373   -0.94911
40.00000   88.00000   -0.13974   -1.01204
56.00000   88.00000   0.06616   -1.12248
72.00000   88.00000   -0.12141   -0.94987
88.00000   88.00000   -0.27947   -0.95258
8.00000   104.00000   -0.36708   -0.99164
24.00000   104.00000   -0.13408   -0.87356
40.00000   104.00000   -0.24242   -0.99929
56.00000   104.00000   -0.00339   -0.94028
72.00000   104.00000   -0.15432   -0.88118
88.00000   104.00000   -0.01004   -0.90349
8.00000   120.00000   -0.33984   -0.98715
24.00000   120.00000   -0.01388   -0.98483
40.00000   120.00000   -0.18345   -1.13644
56.00000   120.00000   -0.18742   -0.94905
72.00000   120.00000   -0.31515   -0.90725
88.00000   120.00000   -0.12500   -0.97170
8.00000   136.00000   0.01336   -1.10631
24.00000   136.00000   -0.03787   -1.17226
40.00000   136.00000   -0.28441   -1.05119
56.00000   136.00000   -0.21578   -1.08635
72.00000   136.00000   -0.21585   -1.03853
88.00000   136.00000   -0.04587   -0.98120
8.00000   152.00000   -0.02399   -1.12707
24.00000   152.00000   -0.15809   -0.96153
40.00000   152.00000   -0.35399   -0.96146
56.00000   152.00000   -0.23892   -0.94736
72.00000   152.00000   -0.17534   -1.08416
88.00000   152.00000   0.05412   -1.09401
8.00000   168.00000   -0.19977   -0.90478
24.00000   168.00000   -0.33541   -1.02784
40.00000   168.00000   -0.05263   -1.01679
56.00000   168.00000   -0.47587   -1.07740
72.00000   168.00000   -0.03110   -0.97581
88.00000   168.00000   -0.11964   -1.01765
8.00000   184.00000   0.13043   -0.93471
24.00000   184.00000   -0.18957   -0.86436
40.00000   184.00000   -0.23398   -1.08951
56.00000   184.00000   0.00425   -1.14268
72.00000   184.00000   0.16844   -1.11008
88.00000   184.00000   -0.12224   -1.10035
8.00000   200.00000   -0.26137   -0.97432
24.00000   200.00000   -0.18957   -1.01123
40.00000   200.00000   -0.00772   -0.91522
56.00000   200.00000   -0.00169   -1.04236
72.00000   200.00000   -0.00095   -1.19404
88.00000   200.00000   -0.18733   -1.01999
8.00000   216.00000   -0.38679   -0.98413
24.00000   216.00000   -0.22095   -1.01214
40.00000   216.00000   -0.09990   -0.94307
56.00000   216.00000   -0.08743   -0.80010
72.00000   216.00000   -0.12932   -0.92899
88.00000   216.00000   -0.09133   -1.00187
8.00000   232.00000   0.07445   -1.00834
24.00000   232.00000   -0.28312   -1.05956
40.00000   232.00000   -0.27671   -0.94110
56.00000   232.00000   -0.00493   -1.02647
72.00000   232.00000   -0.08764   -1.06965
88.00000   232.00000   -0.18266   -0.97805
8.00000   248.00000   0.04021   -0.94329
24.00000   248.00000   0.21409   -1.03942
40.00000   248.00000   -0.06627   -1.00926
56.00000   248.00000   -0.18992   -0.99812
72.00000   248.00000   -0.00491   -1.03840
88.00000   248.00000   0.11233   -0.86542
8.00000   264.00000   0.02260   -1.11062
24.00000   264.00000   -0.18212   -0.97008
40.00000   264.00000   0.07184   -0.99990
56.00000   264.00000   -0.04244   -0.99075
72.00000   264.00000   -0.25810   -1.04001
88.00000   264.00000   -0.36563   -1.00017
8.00000   280.00000   -0.12867   -1.01910
24.00000   280.00000   0.22403   -1.10272
40.00000   280.00000   0.06180   -1.02603
56.00000   280.00000   -0.16943   -0.77640
72.00000   280.00000   -0.42328   -0.86980
88.00000   280.00000   -0.48403   -1.04836
8.00000   296.00000   -0.40077   -1.13347
24.00000   296.00000   -0.07948   -0.96430
40.00000   296.00000   -0.44394   -0.91092
56.00000   296.00000   -0.07577   -0.92072
72.00000   296.00000   -0.17634   -0.82692
88.00000   296.00000   -0.21779   -1.04574
8.00000   312.00000   -0.21868   -0.95333
24.00000   312.00000   -0.16626   -0.98398
40.00000   312.00000   0.01048   -1.01966
56.00000   312.00000   -0.13888   -0.99690
72.00000   312.00000   -0.18329   -0.97814
88.00000   312.00000   -0.20096   -1.01266
8.00000   328.00000   -0.14120   -0.93788
24.00000   328.00000   -0.00181   -1.03009
40.00000   328.00000   -0.64595   -0.89875
56.00000   328.00000   -0.51298   -1.06970
72.00000   328.00000   -0.15381   -0.76186
88.00000   328.00000   0.05205   -0.87604
8.00000   344.00000   0.06958   -1.05587
24.00000   344.00000   0.02954   -1.07341
40.00000   344.00000   -0.76117   -0.89095
56.00000   344.00000   -0.38690   -0.81178
72.00000   344.00000   -0.15179   -0.93720
88.00000   344.00000   -0.12173   -0.88886
8.00000   360.00000   -0.15535   -1.00515
24.00000   360.00000   -0.53969   -0.88506
40.00000   360.00000   -0.35506   -0.88567
56.00000   360.00000   -0.27009   -0.99428
72.00000   360.00000   -0.18951   -0.95542
88.00000   360.00000   0.10670   -0.90637
8.00000   376.00000   -0.20362   -1.20098
24.00000   376.00000   -0.25458   -1.02841
40.00000   376.00000   -0.58134   -0.80845
56.00000   376.00000   -0.78142   -0.79083
72.00000   376.00000   -0.11548   -0.76362
88.00000   376.00000   -0.25168   -0.91868
8.00000   392.00000   -0.37634   -1.03562
24.00000   392.00000   -0.81679   -1.03488
40.00000   392.00000   -0.77550   -0.94881
56.00000   392.00000   -0.72984   -0.97526
72.00000   392.00000   -0.23299   -1.08081
88.00000   392.00000   -0.01414   -1.10027
8.00000   408.00000   -0.01559   -0.98684
24.00000   408.00000   -0.34295   -0.94164
40.00000   408.00000   -0.69732   -1.08765
56.00000   408.00000   -0.48432   -1.01291
72.00000   408.00000   -0.29430   -1.04684
88.00000   408.00000   0.01008   -1.10369
8.00000   424.00000   -0.38347   -0.90092
24.00000   424.00000   -0.48144   -1.01223
40.00000   424.00000   -0.54641   -1.12142
56.00000   424.00000   -0.11998   -1.02956
72.00000   424.00000   -0.28410   -1.07726
88.00000   424.00000   -0.11368   -1.06082
8.00000   440.00000   -0.21460   -0.92904
24.00000   440.00000   -0.76907   -0.86039
40.00000   440.00000   -0.40590   -1.02562
56.00000   440.00000   -0.15502   -0.97882
72.00000   440.00000   -0.30389   -0.96408
88.00000   440.00000   -0.02563   -1.17339
8.00000   456.00000   -0.76864   -1.06609
24.00000   456.00000   -0.15778   -1.19199
40.00000   456.00000   -0.19133   -1.13374
56.00000   456.00000   -0.37667   -1.13571
72.00000   456.00000   -0.22084   -1.06869
88.00000   456.00000   -0.19122   -1.04352
8.00000   472.00000   -0.56237   -1.03822
24.00000   472.00000   -0.57858   -1.03329
40.00000   472.00000   -0.55079   -0.91531
56.00000   472.00000   -0.09951   -1.02886
72.00000   472.00000   -0.41160   -1.10866
88.00000   472.00000   -0.15762   -1.14294
8.00000   488.00000   -0.55223   -0.93395
24.00000   488.00000   -0.17406   -0.99530
40.00000   488.00000   -0.41044   -1.18213
56.00000   488.00000   -0.53971   -0.93653
72.00000   488.00000   -0.42659   -1.02555
88.00000   488.00000   -0.04494   -1.09416
8.00000   504.00000   -0.65490   -1.11109
24.00000   504.00000   -0.62202   -1.05535
40.00000   504.00000   -0.21219   -1.05519
56.00000   504.00000   -0.13394   -1.18785
72.00000   504.00000   -0.25346   -1.21389
88.00000   504.00000   -0.13757   -1.00976
8.00000   520.00000   -0.84063   -1.09477
24.00000   520.00000   -0.34710   -1.27895
40.00000   520.00000   -0.21244   -1.14535
56.00000   520.00000   -0.73506   -1.27929
72.00000   520.00000   -0.40928   -1.21719
88.00000   520.00000   -0.35866   -1.18615
8.00000   536.00000   -0.34473   -0.97166
24.00000   536.00000   -0.37580   -1.16121
40.00000   536.00000   -0.22993   -1.20075
56.00000   536.00000   -0.28500   -1.26269
72.00000   536.00000   -0.43249   -1.21120
88.00000   536.00000   -0.34514   -1.18070
