# image 2 and 3 x,y,u,v
8.00000   8.00000   -0.62829   -1.04601
24.00000   8.00000   -0.23785   -1.12890
40.00000   8.00000   -0.03577   -1.17771
56.00000   8.00000   0.01616   -1.03533
72.00000   8.00000   0.08396   -1.01088
88.00000   8.00000   -0.04795   -0.93857
8.00000   24.00000   -0.49517   -1.14175
24.00000   24.00000   -0.28942   -1.14682
40.00000   24.00000   0.27568   -1.18387
56.00000   24.00000   -0.01918   -1.04807
72.00000   24.00000   -0.07673   -1.06415
88.00000   24.00000   -0.17701   -0.85931
8.00000   40.00000   -0.35206   -1.04227
24.00000   40.00000   -0.26426   -1.20590
40.00000   40.00000   -0.44484   -1.19486
56.00000   40.00000   -0.25212   -0.98244
72.00000   40.00000   -0.11830   -1.04211
88.00000   40.00000   -0.22475   -0.96116
8.00000   56.00000   -0.55475   -1.08347
24.00000   56.00000   0.07622   -1.03409
40.00000   56.00000   -0.08878   -1.11701
56.00000   56.00000   0.13748   -1.00498
72.00000   56.00000   -0.06351   -1.07351
88.00000   56.00000   -0.26612   -0.97181
8.00000   72.00000   -0.17253   -0.88751
24.00000   72.00000   -0.15303   -1.02084
40.00000   72.00000   0.26143   -1.21803
56.00000   72.00000   0.04404   -0.98860
72.00000   72.00000   -0.12129   -1.01980
88.00000   72.00000   -0.11421   -0.99226
8.00000   88.00000   -0.16899   -0.99306
24.00000   88.00000   -0.04185   -0.87058
40.00000   88.00000   -0.01097   -0.99200
56.00000   88.00000   0.13620   -0.89104
72.00000   88.00000   -0.12302   -1.01676
88.00000   88.00000   -0.08002   -0.93644
8.00000   104.00000   -0.42545   -0.96486
24.00000   104.00000   -0.05395   -0.96976
40.00000   104.00000   -0.15587   -0.96796
56.00000   104.00000   -0.17375   -0.96443
72.00000   104.00000   -0.06950   -0.89867
88.00000   104.00000   0.17035   -1.02518
8.00000   120.00000   -0.34339   -0.86492
24.00000   120.00000   -0.07699   -1.13104
40.00000   120.00000   -0.15545   -1.17897
56.00000   120.00000   -0.20763   -0.88006
72.00000   120.00000   -0.11010   -0.92744
88.00000   120.00000   -0.07498   -1.11222
8.00000   136.00000   -0.15613   -1.10546
24.00000   136.00000   -0.16531   -0.92740
40.00000   136.00000   -0.31422   -1.09707
56.00000   136.00000   -0.11586   -1.10904
72.00000   136.00000   -0.16070   -1.00910
88.00000   136.00000   -0.07646   -0.89383
8.00000   152.00000   0.27267   -1.11166
24.00000   152.00000   -0.37856   -1.11270
40.00000   152.00000   -0.43006   -0.89123
56.00000   152.00000   -0.08089   -0.85823
72.00000   152.00000   -0.20016   -1.04249
88.00000   152.00000   0.09383   -1.08037
8.00000   168.00000   -0.22851   -1.14546
24.00000   168.00000   -0.18417   -0.97721
40.00000   168.00000   -0.04383   -1.01184
56.00000   168.00000   -0.29073   -1.03624
72.00000   168.00000   -0.06661   -1.25085
88.00000   168.00000   -0.01067   -1.04727
8.00000   184.00000   -0.02999   -1.00151
24.00000   184.00000   -0.10184   -0.94005
40.00000   184.00000   -0.14668   -1.09264
56.00000   184.00000   -0.27235   -1.13949
72.00000   184.00000   -0.13644   -1.12820
88.00000   184.00000   -0.21281   -1.03781
8.00000   200.00000   -0.03686   -1.00137
24.00000   200.00000   -0.10991   -1.00996
40.00000   200.00000   -0.05743   -0.88603
56.00000   200.00000   -0.01231   -1.03004
72.00000   200.00000   -0.03827   -1.02320
88.00000   200.00000   -0.08488   -1.08478
8.00000   216.00000   -0.03807   -0.93659
24.00000   216.00000   0.12749   -1.12475
40.00000   216.00000   -0.01650   -1.11811
56.00000   216.00000   0.05654   -0.92505
72.00000   216.00000   -0.14198   -1.01316
88.00000   216.00000   -0.17972   -0.97351
8.00000   232.00000   -0.14333   -1.00749
24.00000   232.00000   0.14710   -0.97631
40.00000   232.00000   -0.14788   -0.87347
56.00000   232.00000   -0.15522   -1.07212
72.00000   232.00000   -0.19833   -1.06933
88.00000   232.00000   -0.08920   -1.05246
8.00000   248.00000   -0.29797   -0.97256
24.00000   248.00000   0.12522   -0.90044
40.00000   248.00000   -0.07490   -0.77877
56.00000   248.00000   0.11690   -0.99668
72.00000   248.00000   -0.07355   -0.90491
88.00000   248.00000   -0.29942   -0.95356
8.00000   264.00000   -0.22362   -1.11050
24.00000   264.00000   -0.18222   -0.85770
40.00000   264.00000   0.09536   -1.00368
56.00000   264.00000   0.41649   -0.99859
72.00000   264.00000   -0.18007   -1.13633
88.00000   264.00000   -0.59226   -1.08422
8.00000   280.00000   -0.17079   -1.20497
24.00000   280.00000   0.25688   -1.07726
40.00000   280.00000   -0.01912   -1.04127
56.00000   280.00000   0.03435   -0.97230
72.00000   280.00000   -0.08841   -0.87022
88.00000   280.00000   -0.20851   -0.91378
8.00000   296.00000   -0.00236   -1.10033
24.00000   296.00000   -0.16873   -1.11340
40.00000   296.00000   -0.21926   -0.96308
56.00000   296.00000   0.05466   -0.84959
72.00000   296.00000   -0.07279   -0.84028
88.00000   296.00000   -0.35913   -0.91837
8.00000   312.00000   0.18353   -1.00084
24.00000   312.00000   0.15307   -1.03112
40.00000   312.00000   -0.36584   -0.98741
56.00000   312.00000   -0.51871   -0.95613
72.00000   312.00000   -0.05015   -0.76918
88.00000   312.00000   -0.08155   -1.10009
8.00000   328.00000   -0.12448   -0.97820
24.00000   328.00000   -0.23043   -0.94961
40.00000   328.00000   -0.60955   -1.11707
56.00000   328.00000   -0.50423   -1.02565
72.00000   328.00000   -0.18467   -0.92604
88.00000   328.00000   0.27399   -0.94119
8.00000   344.00000   -0.10471   -0.96139
24.00000   344.00000   -0.32898   -0.85735
40.00000   344.00000   -0.57509   -1.05359
56.00000   344.00000   -0.20507   -0.92318
72.00000   344.00000   -0.30049   -0.91750
88.00000   344.00000   0.01732   -0.81614
8.00000   360.00000   -0.18684   -0.98503
24.00000   360.00000   0.03953   -0.94523
40.00000   360.00000   -0.57288   -0.92767
56.00000   360.00000   -0.43058   -0.77655
72.00000   360.00000   -0.20554   -0.82999
88.00000   360.00000   0.02496   -0.98329
8.00000   376.00000   0.09120   -0.97880
24.00000   376.00000   -0.06763   -0.88179
40.00000   376.00000   -0.58485   -1.07411
56.00000   376.00000   -0.65220   -0.97508
72.00000   376.00000   -0.15572   -0.92751
88.00000   376.00000   0.01664   -0.81722
8.00000   392.00000   -0.19033   -1.12163
24.00000   392.00000   -0.32328   -1.04037
40.00000   392.00000   -0.61519   -1.15984
56.00000   392.00000   -0.59450   -1.08139
72.00000   392.00000   -0.26546   -1.00471
88.00000   392.00000   -0.06075   -1.05784
8.00000   408.00000   -0.29859   -1.03329
24.00000   408.00000   -0.09909   -0.92285
40.00000   408.00000   -0.23397   -1.19608
56.00000   408.00000   -0.48942   -1.07930
72.00000   408.00000   -0.29631   -1.05092
88.00000   408.00000   -0.06013   -1.11895
8.00000   424.00000   -0.36904   -0.88178
24.00000   424.00000   -0.51710   -0.94984
40.00000   424.00000   -0.53895   -0.96719
56.00000   424.00000   -0.30178   -1.10488
72.00000   424.00000   -0.07652   -1.13644
88.00000   424.00000   -0.12966   -1.19142
8.00000   440.00000   -0.13460   -0.93510
24.00000   440.00000   -0.70208   -1.03949
40.00000   440.00000   -0.54560   -1.11515
56.00000   440.00000   -0.14256   -1.00579
72.00000   440.00000   -0.18962   -1.08243
88.00000   440.00000   -0.03292   -1.00713
8.00000   456.00000   -0.60365   -0.95213
24.00000   456.00000   -0.25260   -1.21811
40.00000   456.00000   -0.59051   -1.03880
56.00000   456.00000   0.05434   -1.00126
72.00000   456.00000   -0.28852   -1.05336
88.00000   456.00000   -0.07372   -1.07987
8.00000   472.00000   -0.48697   -1.05888
24.00000   472.00000   -0.63102   -1.07751
40.00000   472.00000   -0.62183   -1.16728
56.00000   472.00000   -0.24487   -1.06970
72.00000   472.00000   -0.56356   -1.01716
88.00000   472.00000   -0.04430   -1.09543
8.00000   488.00000   -0.56621   -1.35250
24.00000   488.00000   -0.62883   -1.10820
40.00000   488.00000   -0.46575   -1.21935
56.00000   488.00000   -0.34669   -1.03842
72.00000   488.00000   -0.18688   -1.15965
88.00000   488.00000   -0.04948   -1.17062
8.00000   504.00000   -0.08266   -1.03368
24.00000   504.00000   -0.32368   -1.12986
40.00000   504.00000   -0.52057   -1.06290
56.00000   504.00000   -0.39798   -1.18670
72.00000   504.00000   -0.19353   -1.22408
88.00000   504.00000   -0.01520   -1.35471
8.00000   520.00000   -0.70808   -1.10110
24.00000   520.00000   -0.49939   -1.15441
40.00000   520.00000   -0.59482   -1.30955
56.00000   520.00000   -0.52336   -1.27644
72.00000   520.00000   -0.27665   -1.22232
88.00000   520.00000   -0.42157   -1.09699
8.00000   536.00000   -0.46293   -1.50712
24.00000   536.00000   -0.03441   -1.02870
40.00000   536.00000   -0.43448   -1.27625
56.00000   536.00000   -0.34166   -1.18354
72.00000   536.00000   -0.31281   -1.10455
88.00000   536.00000   -0.33146   -1.08389
