# image 16 and 17 x,y,u,v
8.00000   8.00000   -0.27084   -1.07369
24.00000   8.00000   -0.09116   -0.98818
40.00000   8.00000   -0.06592   -1.08676
56.00000   8.00000   -0.14165   -1.15166
72.00000   8.00000   0.06182   -1.04784
88.00000   8.00000   0.09552   -0.95339
8.00000   24.00000   -0.40871   -0.98564
24.00000   24.00000   -0.28250   -0.93931
40.00000   24.00000   0.03276   -1.12103
56.00000   24.00000   0.06095   -0.99966
72.00000   24.00000   -0.14465   -0.90889
88.00000   24.00000   -0.02324   -0.96092
8.00000   40.00000   -0.59612   -0.97019
24.00000   40.00000   -0.16911   -1.21486
40.00000   40.00000   -0.12366   -0.96515
56.00000   40.00000   -0.04717   -0.87132
72.00000   40.00000   -0.34326   -1.01990
88.00000   40.00000   -0.33881   -1.02556
8.00000   56.00000   -0.30559   -1.03571
24.00000   56.00000   -0.30310   -1.15976
40.00000   56.00000   -0.03644   -1.02034
56.00000   56.00000   -0.04564   -0.99541
72.00000   56.00000   -0.15160   -0.97086
88.00000   56.00000   -0.30560   -0.99041
8.00000   72.00000   0.20393   -0.98542
24.00000   72.00000   -0.12373   -1.01079
40.00000   72.00000   0.18988   -1.01257
56.00000   72.00000   -0.03505   -0.99431
72.00000   72.00000   -0.11714   -0.91766
88.00000   72.00000   0.08489   -0.99378
8.00000   88.00000   -0.37549   -0.87764
24.00000   88.00000   -0.01398   -1.08027
40.00000   88.00000   -0.05914   -1.01000
56.00000   88.00000   0.04682   -0.95620
72.00000   88.00000   0.06722   -1.06155
88.00000   88.00000   -0.03082   -0.85578
8.00000   104.00000   -0.29845   -0.90268
24.00000   104.00000   -0.13525   -0.99514
40.00000   104.00000   -0.10341   -1.04077
56.00000   104.00000   -0.13115   -1.01860
72.00000   104.00000   -0.09975   -0.83693
88.00000   104.00000   0.15689   -1.01093
8.00000   120.00000   -0.43147   -1.11574
24.00000   120.00000   0.10067   -1.08451
40.00000   120.00000   -0.03618   -1.19384
56.00000   120.00000   -0.10734   -0.97954
72.00000   120.00000   -0.33565   -0.97970
88.00000   120.00000   -0.07260   -1.06110
8.00000   136.00000   0.00703   -1.10805
24.00000   136.00000   0.08034   -1.23131
40.00000   136.00000   -0.27653   -1.30460
56.00000   136.00000   -0.27378   -1.04537
72.00000   136.00000   -0.21636   -1.03733
88.00000   136.00000   -0.20305   -0.99620
8.00000   152.00000   -0.07665   -1.24467
24.00000   152.00000   -0.06285   -1.05337
40.00000   152.00000   -0.29243   -0.84680
56.00000   152.00000   -0.21125   -1.05602
72.00000   152.00000   -0.05231   -1.29771
88.00000   152.00000   0.06808   -1.15203
8.00000   168.00000   -0.14360   -0.91793
24.00000   168.00000   -0.29834   -0.87736
40.00000   168.00000   0.01231   -1.11872
56.00000   168.00000   -0.19741   -1.07029
72.00000   168.00000   0.04151   -1.06812
88.00000   168.00000   0.00427   -1.23534
8.00000   184.00000   -0.27466   -0.89754
24.00000   184.00000   0.32957   -1.17438
40.00000   184.00000   0.05199   -1.10313
56.00000   184.00000   0.14210   -1.11822
72.00000   184.00000   0.13452   -1.11775
88.00000   184.00000   -0.09943   -1.00513
8.00000   200.00000   -0.22117   -0.96654
24.00000   200.00000   0.25574   -1.04261
40.00000   200.00000   -0.20226   -0.94462
56.00000   200.00000   -0.00201   -0.95216
72.00000   200.00000   -0.21897   -0.87360
88.00000   200.00000   0.05492   -1.09275
8.00000   216.00000   0.01351   -0.95797
24.00000   216.00000   -0.07376   -1.15087
40.00000   216.00000   -0.05220   -0.96988
56.00000   216.00000   0.24869   -1.04595
72.00000   216.00000   -0.05412   -0.95382
88.00000   216.00000   -0.26604   -1.00364
8.00000   232.00000   -0.03678   -1.01026
24.00000   232.00000   0.14531   -0.93607
40.00000   232.00000   -0.52188   -1.08716
56.00000   232.00000   0.16135   -0.98185
72.00000   232.00000   -0.05414   -0.95314
88.00000   232.00000   -0.17732   -0.95934
8.00000   248.00000   0.14443   -0.94875
24.00000   248.00000   -0.08019   -0.84867
40.00000   248.00000   0.12902   -0.88399
56.00000   248.00000   -0.09597   -0.93975
72.00000   248.00000   -0.01447   -1.03799
88.00000   248.00000   -0.10737   -1.05323
8.00000   264.00000   -0.13121   -0.94414
24.00000   264.00000   0.17355   -0.87660
40.00000   264.00000   0.05633   -0.89079
56.00000   264.00000   0.32205   -0.93239
72.00000   264.00000   -0.40998   -1.07593
88.00000   264.00000   -0.02890   -1.09913
8.00000   280.00000   -0.09882   -1.19060
24.00000   280.00000   0.28320   -1.08923
40.00000   280.00000   0.21456   -0.93662
56.00000   280.00000   -0.07913   -0.91660
72.00000   280.00000   -0.46533   -0.99199
88.00000   280.00000   -0.57707   -0.99895
8.00000   296.00000   0.06732   -0.89840
24.00000   296.00000   -0.02723   -1.16079
40.00000   296.00000   -0.26453   -0.95971
56.00000   296.00000   0.02407   -1.01341
72.00000   296.00000   -0.20370   -0.94975
88.00000   296.00000   -0.18364   -0.97793
8.00000   312.00000   -0.06050   -0.83965
24.00000   312.00000   0.07241   -1.03089
40.00000   312.00000   -0.00766   -1.04854
56.00000   312.00000   -0.09597   -0.88032
72.00000   312.00000   -0.04059   -0.82718
88.00000   312.00000   -0.13174   -0.90860
8.00000   328.00000   -0.04574   -0.96640
24.00000   328.00000   -0.01952   -1.03499
40.00000   328.00000   -0.61210   -1.09796
56.00000   328.00000   -0.53981   -0.69665
72.00000   328.00000   -0.08161   -0.97974
88.00000   328.00000   -0.06006   -1.03055
8.00000   344.00000   0.01585   -0.91702
24.00000   344.00000   -0.18319   -0.95091
40.00000   344.00000   -0.65368   -0.91862
56.00000   344.00000   -0.32167   -0.77403
72.00000   344.00000   -0.02121   -0.88138
88.00000   344.00000   -0.03593   -0.86036
8.00000   360.00000   -0.12194   -0.91301
24.00000   360.00000   -0.66005   -0.97800
40.00000   360.00000   -0.57028   -0.94294
56.00000   360.00000   -0.19966   -0.97405
72.00000   360.00000   -0.13258   -0.83849
88.00000   360.00000   0.04867   -0.86142
8.00000   376.00000   0.18484   -1.03153
24.00000   376.00000   -0.55679   -1.10628
40.00000   376.00000   -0.25231   -1.05724
56.00000   376.00000   -0.75430   -0.90107
72.00000   376.00000   -0.12778   -0.89974
88.00000   376.00000   0.03798   -0.84313
8.00000   392.00000   -0.03875   -0.84433
24.00000   392.00000   -0.45393   -0.88680
40.00000   392.00000   -0.79186   -0.93426
56.00000   392.00000   -0.54403   -0.96566
72.00000   392.00000   -0.17597   -1.02308
88.00000   392.00000   0.03447   -1.03357
8.00000   408.00000   -0.04789   -0.91126
24.00000   408.00000   -0.67592   -1.05956
40.00000   408.00000   -0.66174   -1.00598
56.00000   408.00000   -0.39673   -0.92123
72.00000   408.00000   -0.24081   -0.96557
88.00000   408.00000   0.03207   -1.15212
8.00000   424.00000   -0.12788   -1.00486
24.00000   424.00000   -0.74452   -1.02682
40.00000   424.00000   -0.61547   -1.03151
56.00000   424.00000   -0.13780   -1.23297
72.00000   424.00000   -0.11964   -1.02299
88.00000   424.00000   -0.14172   -1.09326
8.00000   440.00000   -0.30827   -1.14263
24.00000   440.00000   -0.71194   -0.93681
40.00000   440.00000   -0.38575   -1.00150
56.00000   440.00000   0.20938   -1.00500
72.00000   440.00000   -0.16555   -1.21269
88.00000   440.00000   -0.07855   -1.10670
8.00000   456.00000   -0.50961   -0.87397
24.00000   456.00000   -0.09092   -1.10643
40.00000   456.00000   -0.45475   -0.96091
56.00000   456.00000   -0.37440   -1.03180
72.00000   456.00000   -0.14854   -1.02880
88.00000   456.00000   0.04032   -0.98210
8.00000   472.00000   -0.55995   -0.95666
24.00000   472.00000   -0.47711   -0.95994
40.00000   472.00000   -0.45881   -0.99366
56.00000   472.00000   -0.02127   -1.04654
72.00000   472.00000   -0.38665   -0.99717
88.00000   472.00000   -0.07927   -0.98691
8.00000   488.00000   -0.09665   -0.79010
24.00000   488.00000   -0.17131   -1.12487
40.00000   488.00000   -0.28982   -1.13948
56.00000   488.00000   -0.28644   -1.10951
72.00000   488.00000   -0.07715   -1.17432
88.00000   488.00000   -0.11865   -1.11998
8.00000   504.00000   -0.59237   -0.98150
24.00000   504.00000   -0.49562   -1.12090
40.00000   504.00000   -0.15401   -1.19201
56.00000   504.00000   -0.60486   -1.07930
72.00000   504.00000   -0.00396   -1.16344
88.00000   504.00000   -0.24620   -1.20829
8.00000   520.00000   -0.55961   -1.04815
24.00000   520.00000   -0.22353   -1.21181
40.00000   520.00000   -0.55285   -1.35860
56.00000   520.00000   -0.56053   -1.20634
72.00000   520.00000   -0.40221   -1.24713
88.00000   520.00000   -0.32066   -1.25869
8.00000   536.00000   -0.82997   -1.33209
24.00000   536.00000   -0.45659   -1.16943
40.00000   536.00000   -0.05310   -1.24091
56.00000   536.00000   -0.34296   -1.26184
72.00000   536.00000   -0.34267   -1.19121
88.00000   536.00000   -0.36622   -1.16748
