# image 91 and 92 x,y,u,v
8.00000   8.00000   -0.51557   -1.02215
24.00000   8.00000   -0.21652   -1.11647
40.00000   8.00000   0.01158   -1.03377
56.00000   8.00000   -0.08404   -1.03353
72.00000   8.00000   -0.11678   -0.97519
88.00000   8.00000   -0.04266   -0.97707
8.00000   24.00000   -0.45958   -1.02072
24.00000   24.00000   -0.27859   -1.02227
40.00000   24.00000   0.08568   -1.04485
56.00000   24.00000   -0.07054   -1.07328
72.00000   24.00000   -0.12995   -1.12186
88.00000   24.00000   -0.18266   -0.90102
8.00000   40.00000   -0.17396   -1.13558
24.00000   40.00000   -0.31966   -1.15463
40.00000   40.00000   -0.09634   -1.06342
56.00000   40.00000   -0.14391   -0.87180
72.00000   40.00000   -0.12014   -0.88237
88.00000   40.00000   -0.35677   -0.84871
8.00000   56.00000   -0.49142   -0.91332
24.00000   56.00000   -0.01861   -1.04694
40.00000   56.00000   0.00963   -1.15916
56.00000   56.00000   -0.48882   -0.84295
72.00000   56.00000   -0.22393   -1.00415
88.00000   56.00000   -0.05062   -0.95254
8.00000   72.00000   -0.43787   -1.05784
24.00000   72.00000   -0.31259   -1.11880
40.00000   72.00000   0.06072   -0.99364
56.00000   72.00000   -0.22133   -0.93040
72.00000   72.00000   -0.13496   -1.04295
88.00000   72.00000   -0.24654   -0.83272
8.00000   88.00000   -0.14638   -1.01188
24.00000   88.00000   -0.21470   -0.93734
40.00000   88.00000   0.06219   -0.94733
56.00000   88.00000   -0.01531   -0.99521
72.00000   88.00000   0.00481   -1.18046
88.00000   88.00000   -0.17485   -0.99827
8.00000   104.00000   -0.06332   -1.10605
24.00000   104.00000   -0.32386   -1.03995
40.00000   104.00000   0.06458   -1.04575
56.00000   104.00000   -0.05422   -1.01995
72.00000   104.00000   -0.33325   -0.98114
88.00000   104.00000   -0.05799   -1.10226
8.00000   120.00000   -0.14115   -1.02776
24.00000   120.00000   0.02999   -1.09117
40.00000   120.00000   0.09040   -1.07939
56.00000   120.00000   -0.14471   -1.03737
72.00000   120.00000   -0.35791   -1.10993
88.00000   120.00000   -0.14596   -0.99015
8.00000   136.00000   -0.02543   -0.97663
24.00000   136.00000   0.30938   -1.08819
40.00000   136.00000   -0.28322   -1.05206
56.00000   136.00000   0.06475   -1.25994
72.00000   136.00000   -0.27634   -1.13368
88.00000   136.00000   -0.04184   -1.06498
8.00000   152.00000   -0.01831   -1.13430
24.00000   152.00000   0.01165   -1.02630
40.00000   152.00000   0.06413   -1.11749
56.00000   152.00000   -0.08272   -1.00072
72.00000   152.00000   -0.00579   -0.86884
88.00000   152.00000   0.07030   -1.01702
8.00000   168.00000   -0.40409   -1.05683
24.00000   168.00000   0.16465   -0.85773
40.00000   168.00000   -0.04844   -1.06526
56.00000   168.00000   0.24448   -1.03238
72.00000   168.00000   -0.06173   -0.89434
88.00000   168.00000   -0.02684   -1.09095
8.00000   184.00000   0.13920   -0.97297
24.00000   184.00000   -0.39701   -0.93523
40.00000   184.00000   0.21200   -1.04040
56.00000   184.00000   0.15401   -1.16060
72.00000   184.00000   0.00488   -1.12379
88.00000   184.00000   0.05524   -1.11298
8.00000   200.00000   -0.48391   -0.99853
24.00000   200.00000   -0.11874   -0.93902
40.00000   200.00000   -0.13736   -0.99113
56.00000   200.00000   -0.18163   -0.97357
72.00000   200.00000   0.01157   -1.00577
88.00000   200.00000   -0.05031   -1.01131
8.00000   216.00000   -0.07078   -0.93841
24.00000   216.00000   -0.23881   -1.04549
40.00000   216.00000   -0.06588   -0.98965
56.00000   216.00000   0.22001   -1.02534
72.00000   216.00000   0.03722   -1.00410
88.00000   216.00000   -0.15147   -0.87354
8.00000   232.00000   0.04925   -1.10842
24.00000   232.00000   -0.20043   -1.13184
40.00000   232.00000   -0.15904   -1.03499
56.00000   232.00000   0.12670   -1.03465
72.00000   232.00000   -0.30175   -0.94180
88.00000   232.00000   -0.21362   -0.88554
8.00000   248.00000   -0.09299   -1.13749
24.00000   248.00000   -0.08957   -1.04435
40.00000   248.00000   0.21758   -1.04957
56.00000   248.00000   0.19718   -1.01561
72.00000   248.00000   -0.17902   -0.86335
88.00000   248.00000   -0.13071   -0.87322
8.00000   264.00000   -0.15207   -1.08854
24.00000   264.00000   -0.12076   -1.05210
40.00000   264.00000   0.23377   -1.06024
56.00000   264.00000   -0.10004   -1.09938
72.00000   264.00000   -0.17841   -0.88860
88.00000   264.00000   -0.16807   -1.13121
8.00000   280.00000   -0.47442   -0.96130
24.00000   280.00000   0.29956   -0.86080
40.00000   280.00000   0.22402   -1.11247
56.00000   280.00000   -0.11313   -1.05020
72.00000   280.00000   -0.07808   -0.84666
88.00000   280.00000   0.05277   -1.03733
8.00000   296.00000   -0.32191   -0.99917
24.00000   296.00000   0.03134   -0.95980
40.00000   296.00000   -0.08428   -0.89386
56.00000   296.00000   0.15531   -0.86205
72.00000   296.00000   -0.35058   -0.90514
88.00000   296.00000   -0.20279   -0.96290
8.00000   312.00000   -0.05540   -0.97669
24.00000   312.00000   -0.16654   -1.03769
40.00000   312.00000   -0.27580   -0.87259
56.00000   312.00000   -0.53776   -0.94798
72.00000   312.00000   -0.39711   -0.92844
88.00000   312.00000   -0.01324   -0.93810
8.00000   328.00000   0.03979   -1.18379
24.00000   328.00000   -0.23417   -0.95525
40.00000   328.00000   -0.67511   -1.05098
56.00000   328.00000   0.18287   -1.01559
72.00000   328.00000   -0.03541   -0.95179
88.00000   328.00000   0.00621   -1.04111
8.00000   344.00000   0.24292   -1.03357
24.00000   344.00000   -0.47157   -1.01602
40.00000   344.00000   -0.49222   -0.94191
56.00000   344.00000   -0.28228   -1.08854
72.00000   344.00000   -0.32470   -0.74423
88.00000   344.00000   -0.17386   -0.88315
8.00000   360.00000   -0.07383   -0.92717
24.00000   360.00000   -0.17415   -0.80518
40.00000   360.00000   -0.67319   -0.83473
56.00000   360.00000   -0.09647   -0.97309
72.00000   360.00000   -0.24843   -0.78494
88.00000   360.00000   0.03434   -0.89018
8.00000   376.00000   -0.43697   -1.00026
24.00000   376.00000   -0.34784   -0.87586
40.00000   376.00000   -0.86819   -0.90275
56.00000   376.00000   -0.23498   -1.04737
72.00000   376.00000   0.03154   -0.77351
88.00000   376.00000   -0.12166   -0.79610
8.00000   392.00000   -0.35073   -0.79036
24.00000   392.00000   -0.40682   -0.74478
40.00000   392.00000   -0.62656   -1.00741
56.00000   392.00000   -0.43962   -0.89979
72.00000   392.00000   -0.17704   -0.97214
88.00000   392.00000   -0.03492   -0.91497
8.00000   408.00000   -0.59882   -0.96685
24.00000   408.00000   -0.24786   -0.98404
40.00000   408.00000   -0.53984   -1.01174
56.00000   408.00000   -0.30442   -1.00028
72.00000   408.00000   -0.26328   -0.87650
88.00000   408.00000   -0.04412   -0.97198
8.00000   424.00000   -0.08000   -0.92632
24.00000   424.00000   -0.52336   -1.03218
40.00000   424.00000   -0.72468   -1.11996
56.00000   424.00000   -0.27973   -1.12394
72.00000   424.00000   -0.02095   -1.24798
88.00000   424.00000   -0.11387   -1.13106
8.00000   440.00000   -0.28523   -0.83956
24.00000   440.00000   -0.59057   -0.94965
40.00000   440.00000   -0.73455   -1.16281
56.00000   440.00000   -0.34834   -1.22323
72.00000   440.00000   -0.07715   -1.01217
88.00000   440.00000   -0.02944   -1.14160
8.00000   456.00000   -0.90105   -1.02378
24.00000   456.00000   -0.06040   -1.10227
40.00000   456.00000   -0.62283   -0.94499
56.00000   456.00000   -0.07392   -1.15256
72.00000   456.00000   -0.15271   -1.17251
88.00000   456.00000   -0.20503   -1.08230
8.00000   472.00000   -0.78188   -0.89784
24.00000   472.00000   -0.83456   -1.00351
40.00000   472.00000   -0.22862   -1.02046
56.00000   472.00000   -0.41383   -1.22734
72.00000   472.00000   -0.41667   -1.06946
88.00000   472.00000   -0.19036   -1.23640
8.00000   488.00000   -0.05836   -0.95096
24.00000   488.00000   -0.56279   -1.17837
40.00000   488.00000   -0.21216   -1.20989
56.00000   488.00000   -0.57612   -1.24036
72.00000   488.00000   -0.51683   -1.13920
88.00000   488.00000   -0.43081   -1.03389
8.00000   504.00000   -0.11210   -1.04305
24.00000   504.00000   -0.35269   -1.06805
40.00000   504.00000   -0.59609   -1.05860
56.00000   504.00000   -0.63543   -1.13031
72.00000   504.00000   -0.49444   -1.11671
88.00000   504.00000   -0.49128   -1.13912
8.00000   520.00000   -0.39911   -0.95182
24.00000   520.00000   -0.58085   -1.24756
40.00000   520.00000   -0.61333   -1.12521
56.00000   520.00000   -0.26111   -1.06790
72.00000   520.00000   -0.44490   -1.24051
88.00000   520.00000   -0.26556   -1.16925
8.00000   536.00000   -0.81907   -0.83374
24.00000   536.00000   -0.15452   -1.03011
40.00000   536.00000   -0.46663   -1.20598
56.00000   536.00000   -0.31777   -1.14726
72.00000   536.00000   -0.47452   -1.23389
88.00000   536.00000   -0.29395   -1.19419
