# image 72 and 73 x,y,u,v
8.00000   8.00000   -0.61181   -1.03283
24.00000   8.00000   -0.21490   -0.92280
40.00000   8.00000   0.18818   -1.04765
56.00000   8.00000   0.00195   -1.09604
72.00000   8.00000   -0.01200   -0.96238
88.00000   8.00000   0.03203   -1.00127
8.00000   24.00000   -0.35661   -1.02897
24.00000   24.00000   -0.11255   -0.99397
40.00000   24.00000   -0.04600   -1.16283
56.00000   24.00000   0.09755   -0.96396
72.00000   24.00000   -0.39152   -0.97557
88.00000   24.00000   -0.16508   -1.11430
8.00000   40.00000   -0.55062   -0.97838
24.00000   40.00000   -0.27433   -1.16632
40.00000   40.00000   -0.28307   -0.93563
56.00000   40.00000   -0.35437   -1.00681
72.00000   40.00000   -0.25661   -0.94635
88.00000   40.00000   -0.28552   -0.95209
8.00000   56.00000   -0.30721   -1.22479
24.00000   56.00000   0.08700   -1.10047
40.00000   56.00000   -0.09603   -1.19175
56.00000   56.00000   -0.05157   -0.89992
72.00000   56.00000   -0.03840   -0.92130
88.00000   56.00000   -0.03090   -0.90236
8.00000   72.00000   -0.26247   -0.91304
24.00000   72.00000   0.16438   -0.98643
40.00000   72.00000   -0.02823   -1.05034
56.00000   72.00000   -0.29077   -0.97254
72.00000   72.00000   -0.01944   -0.92174
88.00000   72.00000   0.24064   -0.96590
8.00000   88.00000   -0.34842   -0.90186
24.00000   88.00000   0.00263   -0.95368
40.00000   88.00000   0.08715   -0.90530
56.00000   88.00000   -0.27466   -1.03001
72.00000   88.00000   -0.08560   -1.05306
88.00000   88.00000   -0.18347   -0.94775
8.00000   104.00000   -0.18608   -0.89697
24.00000   104.00000   -0.16649   -1.05258
40.00000   104.00000   -0.01395   -0.89859
56.00000   104.00000   -0.11549   -0.90911
72.00000   104.00000   -0.28678   -1.09493
88.00000   104.00000   -0.07611   -0.99512
8.00000   120.00000   0.07269   -1.07000
24.00000   120.00000   -0.12985   -1.08301
40.00000   120.00000   0.06198   -0.87247
56.00000   120.00000   -0.04073   -1.15162
72.00000   120.00000   -0.13549   -1.20507
88.00000   120.00000   -0.08042   -0.95718
8.00000   136.00000   -0.14076   -1.00857
24.00000   136.00000   0.01928   -1.13213
40.00000   136.00000   -0.09462   -1.05390
56.00000   136.00000   0.20608   -1.14276
72.00000   136.00000   -0.12159   -1.18000
88.00000   136.00000   -0.16727   -1.12700
8.00000   152.00000   0.07458   -0.98224
24.00000   152.00000   0.07273   -0.95453
40.00000   152.00000   0.12677   -0.92153
56.00000   152.00000   0.15260   -0.97130
72.00000   152.00000   -0.00047   -1.13744
88.00000   152.00000   -0.00719   -1.06887
8.00000   168.00000   -0.16924   -0.94581
24.00000   168.00000   0.21621   -0.88606
40.00000   168.00000   -0.05161   -0.96669
56.00000   168.00000   -0.11942   -1.00169
72.00000   168.00000   -0.07070   -1.11743
88.00000   168.00000   0.12502   -1.05205
8.00000   184.00000   0.05071   -0.91873
24.00000   184.00000   -0.09581   -0.81122
40.00000   184.00000   0.06797   -0.94858
56.00000   184.00000   0.04983   -1.04142
72.00000   184.00000   -0.11246   -0.87469
88.00000   184.00000   0.17528   -1.07886
8.00000   200.00000   -0.05228   -0.94673
24.00000   200.00000   0.17668   -1.10597
40.00000   200.00000   0.13467   -1.03007
56.00000   200.00000   0.15674   -0.87349
72.00000   200.00000   -0.01076   -1.18063
88.00000   200.00000   -0.07280   -1.11974
8.00000   216.00000   -0.04568   -1.01075
24.00000   216.00000   -0.17137   -0.95191
40.00000   216.00000   0.08937   -1.02078
56.00000   216.00000   0.09934   -0.85923
72.00000   216.00000   0.16978   -0.92447
88.00000   216.00000   -0.06941   -0.82361
8.00000   232.00000   -0.12952   -1.05962
24.00000   232.00000   -0.40358   -1.12830
40.00000   232.00000   0.00893   -1.08937
56.00000   232.00000   -0.02338   -1.17397
72.00000   232.00000   -0.41650   -0.95755
88.00000   232.00000   -0.23045   -0.87361
8.00000   248.00000   -0.05837   -1.15795
24.00000   248.00000   -0.08030   -1.08394
40.00000   248.00000   0.23350   -0.92465
56.00000   248.00000   0.24988   -1.15883
72.00000   248.00000   -0.56355   -0.79249
88.00000   248.00000   -0.18299   -0.92390
8.00000   264.00000   -0.23212   -1.05424
24.00000   264.00000   -0.36038   -0.93539
40.00000   264.00000   0.16411   -1.02789
56.00000   264.00000   0.19613   -1.11191
72.00000   264.00000   -0.52566   -0.86934
88.00000   264.00000   -0.24356   -0.84942
8.00000   280.00000   -0.06158   -1.00322
24.00000   280.00000   -0.10155   -1.12820
40.00000   280.00000   0.19348   -1.00144
56.00000   280.00000   0.10222   -0.90104
72.00000   280.00000   -0.12193   -1.01553
88.00000   280.00000   -0.32338   -1.00321
8.00000   296.00000   -0.07803   -1.08838
24.00000   296.00000   -0.30772   -1.09161
40.00000   296.00000   -0.06501   -0.99670
56.00000   296.00000   -0.23640   -0.86858
72.00000   296.00000   -0.07476   -0.96887
88.00000   296.00000   -0.23721   -0.99225
8.00000   312.00000   -0.17483   -1.11524
24.00000   312.00000   0.29116   -1.06320
40.00000   312.00000   -0.14865   -0.89561
56.00000   312.00000   -0.22390   -1.10650
72.00000   312.00000   -0.28365   -0.92349
88.00000   312.00000   0.04425   -0.99585
8.00000   328.00000   -0.02692   -0.94040
24.00000   328.00000   -0.20733   -1.16594
40.00000   328.00000   -0.61460   -1.01576
56.00000   328.00000   -0.27984   -0.89050
72.00000   328.00000   -0.10074   -1.10743
88.00000   328.00000   0.08752   -0.95541
8.00000   344.00000   0.11337   -1.05847
24.00000   344.00000   -0.54307   -0.88409
40.00000   344.00000   -0.64309   -0.98318
56.00000   344.00000   -0.20784   -0.94367
72.00000   344.00000   -0.29131   -0.94006
88.00000   344.00000   0.01818   -0.93755
8.00000   360.00000   0.02226   -0.90393
24.00000   360.00000   -0.26667   -0.90050
40.00000   360.00000   -0.57776   -0.91024
56.00000   360.00000   -0.67332   -0.71083
72.00000   360.00000   -0.34979   -0.85578
88.00000   360.00000   0.11401   -0.88225
8.00000   376.00000   -0.18037   -1.07486
24.00000   376.00000   -0.55483   -0.90649
40.00000   376.00000   -0.66547   -1.09690
56.00000   376.00000   -0.57097   -0.88138
72.00000   376.00000   -0.07587   -0.95750
88.00000   376.00000   -0.02313   -0.72151
8.00000   392.00000   -0.54158   -1.04992
24.00000   392.00000   -0.60895   -0.95991
40.00000   392.00000   -0.69681   -0.88938
56.00000   392.00000   -0.24664   -1.08915
72.00000   392.00000   -0.39963   -0.82753
88.00000   392.00000   0.04703   -0.79087
8.00000   408.00000   -0.50717   -1.19337
24.00000   408.00000   -0.25069   -1.08513
40.00000   408.00000   -0.91040   -0.95848
56.00000   408.00000   -0.25701   -0.94383
72.00000   408.00000   -0.06734   -1.04394
88.00000   408.00000   -0.09216   -1.02226
8.00000   424.00000   -0.31846   -0.90460
24.00000   424.00000   -0.62594   -1.04912
40.00000   424.00000   -0.70291   -1.13470
56.00000   424.00000   -0.28818   -1.06707
72.00000   424.00000   -0.12017   -1.04525
88.00000   424.00000   -0.23431   -1.03834
8.00000   440.00000   -0.24251   -1.16077
24.00000   440.00000   -0.54997   -1.04949
40.00000   440.00000   -0.57832   -0.82389
56.00000   440.00000   -0.50854   -1.20178
72.00000   440.00000   -0.27100   -1.09102
88.00000   440.00000   0.05830   -1.11999
8.00000   456.00000   -0.86439   -1.16580
24.00000   456.00000   -0.36250   -0.76021
40.00000   456.00000   -0.62043   -0.96235
56.00000   456.00000   -0.29724   -1.12287
72.00000   456.00000   -0.41303   -1.23605
88.00000   456.00000   -0.17251   -1.07351
8.00000   472.00000   -0.84223   -1.11443
24.00000   472.00000   -0.72912   -1.06796
40.00000   472.00000   -0.55314   -1.08447
56.00000   472.00000   -0.56832   -1.36567
72.00000   472.00000   -0.47290   -1.07026
88.00000   472.00000   -0.07720   -1.12238
8.00000   488.00000   -0.58111   -1.15524
24.00000   488.00000   -0.03786   -0.98954
40.00000   488.00000   -0.59259   -0.97786
56.00000   488.00000   -0.40052   -1.15815
72.00000   488.00000   -0.47747   -1.12094
88.00000   488.00000   -0.55337   -1.28769
8.00000   504.00000   -0.35790   -1.10998
24.00000   504.00000   -0.52747   -1.13421
40.00000   504.00000   -0.42311   -1.21972
56.00000   504.00000   -0.50363   -1.11156
72.00000   504.00000   -0.50970   -0.99960
88.00000   504.00000   -0.13672   -1.15558
8.00000   520.00000   -0.34910   -1.10968
24.00000   520.00000   -0.70200   -1.18740
40.00000   520.00000   -0.09423   -1.07541
56.00000   520.00000   -0.37370   -1.21593
72.00000   520.00000   -0.62370   -1.14626
88.00000   520.00000   -0.15768   -1.26287
8.00000   536.00000   -0.35457   -0.82259
24.00000   536.00000   -0.33421   -1.05610
40.00000   536.00000   -0.43263   -1.31859
56.00000   536.00000   -0.26008   -1.12269
72.00000   536.00000   -0.46699   -1.37401
88.00000   536.00000   -0.28487   -1.24114
