# image 23 and 24 x,y,u,v
8.00000   8.00000   -0.48713   -1.02338
24.00000   8.00000   -0.19099   -1.21021
40.00000   8.00000   -0.07208   -0.99933
56.00000   8.00000   0.12577   -1.02548
72.00000   8.00000   -0.07535   -1.01828
88.00000   8.00000   0.12006   -0.89065
8.00000   24.00000   -0.65841   -0.98378
24.00000   24.00000   -0.34716   -1.00842
40.00000   24.00000   0.35809   -0.96879
56.00000   24.00000   -0.06085   -0.98518
72.00000   24.00000   -0.20604   -1.02654
88.00000   24.00000   0.07379   -0.97818
8.00000   40.00000   -0.33799   -1.10127
24.00000   40.00000   -0.29153   -1.09528
40.00000   40.00000   -0.21956   -1.00901
56.00000   40.00000   -0.16095   -0.93308
72.00000   40.00000   -0.06083   -0.97033
88.00000   40.00000   -0.38657   -0.98258
8.00000   56.00000   -0.41063   -1.09881
24.00000   56.00000   -0.26468   -1.23476
40.00000   56.00000   0.20790   -0.97077
56.00000   56.00000   -0.28329   -1.10074
72.00000   56.00000   -0.15450   -0.89578
88.00000   56.00000   -0.12780   -1.04106
8.00000   72.00000   -0.45270   -1.04524
24.00000   72.00000   -0.14249   -1.11414
40.00000   72.00000   -0.01712   -0.93478
56.00000   72.00000   0.01171   -1.00554
72.00000   72.00000   -0.02335   -1.01168
88.00000   72.00000   -0.28500   -1.08575
8.00000   88.00000   -0.30455   -1.13882
24.00000   88.00000   -0.18406   -0.84200
40.00000   88.00000   -0.04990   -1.07176
56.00000   88.00000   -0.05049   -0.97891
72.00000   88.00000   0.00323   -1.16871
88.00000   88.00000   -0.01914   -0.97594
8.00000   104.00000   -0.31363   -1.07808
24.00000   104.00000   -0.13120   -1.00029
40.00000   104.00000   -0.02992   -0.98260
56.00000   104.00000   -0.13431   -0.95883
72.00000   104.00000   -0.16825   -0.92156
88.00000   104.00000   -0.10051   -0.91666
8.00000   120.00000   -0.21991   -1.14001
24.00000   120.00000   -0.20765   -1.11654
40.00000   120.00000   0.11457   -1.25830
56.00000   120.00000   -0.14067   -0.95356
72.00000   120.00000   -0.18402   -0.92858
88.00000   120.00000   -0.09927   -0.96724
8.00000   136.00000   -0.17376   -1.13811
24.00000   136.00000   -0.03652   -1.05131
40.00000   136.00000   -0.32787   -1.02549
56.00000   136.00000   -0.15518   -1.00905
72.00000   136.00000   -0.17866   -1.11699
88.00000   136.00000   0.09344   -1.08469
8.00000   152.00000   -0.09282   -1.16805
24.00000   152.00000   -0.23180   -1.06718
40.00000   152.00000   -0.26348   -1.08557
56.00000   152.00000   -0.13928   -0.95461
72.00000   152.00000   -0.17387   -1.05701
88.00000   152.00000   0.06650   -1.03851
8.00000   168.00000   -0.21619   -0.86951
24.00000   168.00000   -0.19460   -0.93505
40.00000   168.00000   -0.07583   -1.12353
56.00000   168.00000   -0.13710   -1.00869
72.00000   168.00000   -0.05323   -1.08413
88.00000   168.00000   -0.09036   -1.10225
8.00000   184.00000   0.11822   -1.13108
24.00000   184.00000   -0.17627   -0.95769
40.00000   184.00000   0.01965   -1.24344
56.00000   184.00000   -0.21986   -0.99486
72.00000   184.00000   0.08351   -1.22833
88.00000   184.00000   -0.01438   -1.14411
8.00000   200.00000   0.05511   -1.07150
24.00000   200.00000   -0.16675   -0.94453
40.00000   200.00000   0.21640   -1.03402
56.00000   200.00000   0.15013   -1.18251
72.00000   200.00000   -0.15557   -1.03897
88.00000   200.00000   -0.31032   -1.06218
8.00000   216.00000   -0.31011   -0.97647
24.00000   216.00000   -0.14392   -0.90322
40.00000   216.00000   0.04180   -0.94288
56.00000   216.00000   0.12109   -0.86499
72.00000   216.00000   -0.03354   -0.91464
88.00000   216.00000   -0.09277   -1.12453
8.00000   232.00000   0.20219   -0.89360
24.00000   232.00000   -0.15854   -1.07844
40.00000   232.00000   -0.27530   -0.98830
56.00000   232.00000   0.07110   -0.99853
72.00000   232.00000   0.05364   -1.02737
88.00000   232.00000   -0.11043   -1.00237
8.00000   248.00000   -0.10492   -0.98177
24.00000   248.00000   0.14713   -0.94733
40.00000   248.00000   -0.13116   -1.05325
56.00000   248.00000   -0.30675   -0.93553
72.00000   248.00000   -0.17615   -0.98486
88.00000   248.00000   -0.13760   -0.98454
8.00000   264.00000   -0.03312   -1.08218
24.00000   264.00000   -0.10651   -1.09274
40.00000   264.00000   0.19286   -0.99327
56.00000   264.00000   0.20612   -0.96545
72.00000   264.00000   -0.27016   -0.81181
88.00000   264.00000   -0.46637   -0.88234
8.00000   280.00000   0.02722   -1.09586
24.00000   280.00000   0.04440   -1.09982
40.00000   280.00000   0.01317   -0.93328
56.00000   280.00000   0.18920   -0.93016
72.00000   280.00000   -0.12184   -1.00404
88.00000   280.00000   -0.33551   -0.97719
8.00000   296.00000   -0.19046   -0.87640
24.00000   296.00000   -0.14367   -0.88095
40.00000   296.00000   -0.16618   -1.11411
56.00000   296.00000   -0.03639   -0.85946
72.00000   296.00000   -0.40748   -0.90048
88.00000   296.00000   -0.19775   -0.96154
8.00000   312.00000   -0.11489   -1.03058
24.00000   312.00000   0.19441   -0.98119
40.00000   312.00000   0.08076   -1.12809
56.00000   312.00000   0.05614   -0.86525
72.00000   312.00000   -0.24380   -0.91178
88.00000   312.00000   0.16332   -0.76366
8.00000   328.00000   0.03092   -1.05773
24.00000   328.00000   -0.14823   -1.00873
40.00000   328.00000   -0.71519   -0.87884
56.00000   328.00000   -0.46868   -1.06613
72.00000   328.00000   0.00342   -0.95714
88.00000   328.00000   0.04652   -0.95531
8.00000   344.00000   0.12841   -0.92076
24.00000   344.00000   -0.41081   -0.90029
40.00000   344.00000   -0.60600   -0.99066
56.00000   344.00000   -0.24402   -0.81503
72.00000   344.00000   -0.25436   -1.00555
88.00000   344.00000   0.05380   -0.90017
8.00000   360.00000   -0.07268   -0.83724
24.00000   360.00000   0.34199   -1.15345
40.00000   360.00000   -0.49178   -0.96965
56.00000   360.00000   -0.31132   -0.94016
72.00000   360.00000   -0.13463   -0.86684
88.00000   360.00000   -0.09184   -0.83855
8.00000   376.00000   -0.33832   -0.97722
24.00000   376.00000   -0.44927   -0.99568
40.00000   376.00000   -0.56098   -1.15175
56.00000   376.00000   -0.63370   -0.83156
72.00000   376.00000   -0.21815   -0.83060
88.00000   376.00000   -0.05063   -0.94453
8.00000   392.00000   -0.28059   -0.93872
24.00000   392.00000   -0.67889   -0.90842
40.00000   392.00000   -0.77407   -1.17927
56.00000   392.00000   -0.65404   -0.97253
72.00000   392.00000   -0.20325   -0.82116
88.00000   392.00000   -0.13538   -1.12999
8.00000   408.00000   0.02064   -0.98459
24.00000   408.00000   -0.11799   -1.03649
40.00000   408.00000   -0.62740   -1.12717
56.00000   408.00000   -0.34716   -0.94337
72.00000   408.00000   -0.42662   -1.13539
88.00000   408.00000   -0.12506   -1.17383
8.00000   424.00000   -0.20977   -0.93531
24.00000   424.00000   -0.37181   -0.96027
40.00000   424.00000   -0.72520   -1.02838
56.00000   424.00000   -0.11327   -1.08222
72.00000   424.00000   -0.18790   -1.02731
88.00000   424.00000   -0.03046   -1.10283
8.00000   440.00000   -0.25102   -0.99719
24.00000   440.00000   -0.75630   -1.05759
40.00000   440.00000   -0.50966   -1.00236
56.00000   440.00000   -0.19854   -0.99947
72.00000   440.00000   -0.12083   -0.97960
88.00000   440.00000   -0.10527   -1.02099
8.00000   456.00000   -0.67570   -1.06537
24.00000   456.00000   -0.25726   -1.03718
40.00000   456.00000   -0.47443   -1.11065
56.00000   456.00000   -0.31617   -1.02895
72.00000   456.00000   -0.17017   -1.17022
88.00000   456.00000   -0.21032   -1.07318
8.00000   472.00000   -0.56103   -1.03470
24.00000   472.00000   -0.69849   -1.06340
40.00000   472.00000   -0.60785   -1.13803
56.00000   472.00000   -0.27843   -1.10908
72.00000   472.00000   -0.38611   -1.11503
88.00000   472.00000   0.05500   -1.03850
8.00000   488.00000   -0.59404   -1.11220
24.00000   488.00000   -0.27046   -1.15113
40.00000   488.00000   -0.00360   -1.30098
56.00000   488.00000   -0.26800   -1.00747
72.00000   488.00000   -0.21286   -1.02484
88.00000   488.00000   -0.28949   -0.98232
8.00000   504.00000   -0.64635   -1.06890
24.00000   504.00000   -0.63195   -1.09940
40.00000   504.00000   -0.45049   -1.00602
56.00000   504.00000   -0.49026   -1.03880
72.00000   504.00000   -0.26505   -1.22452
88.00000   504.00000   -0.27227   -1.22191
8.00000   520.00000   -0.53980   -1.08479
24.00000   520.00000   -0.32015   -1.21683
40.00000   520.00000   -0.51542   -1.06283
56.00000   520.00000   -0.28929   -1.17249
72.00000   520.00000   -0.36335   -1.27604
88.00000   520.00000   -0.26579   -1.13902
8.00000   536.00000   -0.84509   -1.13133
24.00000   536.00000   -0.07985   -1.13892
40.00000   536.00000   -0.11931   -1.32661
56.00000   536.00000   -0.44517   -1.32588
72.00000   536.00000   -0.47790   -1.21502
88.00000   536.00000   -0.26651   -1.17320
