# image 24 and 25 x,y,u,v
8.00000   8.00000   -0.62066   -1.01992
24.00000   8.00000   -0.20328   -1.03703
40.00000   8.00000   0.02742   -0.85651
56.00000   8.00000   0.07047   -0.90773
72.00000   8.00000   0.10680   -0.96840
88.00000   8.00000   0.00324   -0.86847
8.00000   24.00000   -0.54444   -1.06769
24.00000   24.00000   -0.25480   -0.92735
40.00000   24.00000   0.36356   -0.97386
56.00000   24.00000   0.00648   -1.15416
72.00000   24.00000   -0.17226   -1.00208
88.00000   24.00000   0.02581   -1.01007
8.00000   40.00000   -0.32355   -1.02874
24.00000   40.00000   -0.14559   -1.09418
40.00000   40.00000   -0.12878   -0.94314
56.00000   40.00000   -0.06952   -0.99978
72.00000   40.00000   -0.27523   -1.00197
88.00000   40.00000   -0.41565   -0.96746
8.00000   56.00000   -0.40976   -0.95589
24.00000   56.00000   -0.06705   -1.09995
40.00000   56.00000   0.17067   -1.00475
56.00000   56.00000   -0.19598   -1.08165
72.00000   56.00000   -0.18717   -0.89932
88.00000   56.00000   -0.22240   -1.03444
8.00000   72.00000   -0.33055   -1.05938
24.00000   72.00000   -0.08210   -1.09402
40.00000   72.00000   0.06241   -0.97629
56.00000   72.00000   0.15479   -1.03351
72.00000   72.00000   -0.20754   -0.99871
88.00000   72.00000   -0.17484   -1.02770
8.00000   88.00000   -0.51263   -1.21290
24.00000   88.00000   -0.10046   -0.95758
40.00000   88.00000   -0.00278   -1.07636
56.00000   88.00000   -0.17238   -0.94072
72.00000   88.00000   0.08153   -1.01070
88.00000   88.00000   -0.06958   -0.90551
8.00000   104.00000   -0.33265   -0.97118
24.00000   104.00000   0.06081   -1.05477
40.00000   104.00000   -0.07888   -1.00700
56.00000   104.00000   0.04150   -0.98818
72.00000   104.00000   -0.14928   -1.00763
88.00000   104.00000   -0.06949   -0.85411
8.00000   120.00000   -0.26914   -1.15594
24.00000   120.00000   -0.11574   -1.11484
40.00000   120.00000   -0.13958   -1.15072
56.00000   120.00000   -0.15815   -0.99432
72.00000   120.00000   -0.26091   -0.97024
88.00000   120.00000   0.05658   -1.03221
8.00000   136.00000   -0.16487   -1.05955
24.00000   136.00000   0.17258   -0.99375
40.00000   136.00000   -0.36170   -1.13924
56.00000   136.00000   -0.26660   -1.05241
72.00000   136.00000   -0.25995   -1.04905
88.00000   136.00000   -0.01347   -1.08597
8.00000   152.00000   -0.08091   -1.11392
24.00000   152.00000   -0.11574   -1.10154
40.00000   152.00000   -0.17019   -0.94231
56.00000   152.00000   -0.25423   -0.94701
72.00000   152.00000   0.00229   -0.99911
88.00000   152.00000   -0.02846   -0.98650
8.00000   168.00000   -0.36024   -0.92665
24.00000   168.00000   0.21571   -1.00279
40.00000   168.00000   -0.00536   -1.03216
56.00000   168.00000   0.01066   -0.85287
72.00000   168.00000   0.04497   -1.10307
88.00000   168.00000   -0.01577   -1.17643
8.00000   184.00000   -0.01208   -1.10200
24.00000   184.00000   -0.29664   -1.02392
40.00000   184.00000   -0.17294   -1.15052
56.00000   184.00000   0.04031   -1.01659
72.00000   184.00000   0.06067   -1.17264
88.00000   184.00000   -0.07588   -1.10812
8.00000   200.00000   -0.09184   -0.94055
24.00000   200.00000   -0.20153   -1.11515
40.00000   200.00000   0.17961   -0.99089
56.00000   200.00000   0.11952   -1.12552
72.00000   200.00000   -0.10529   -1.02803
88.00000   200.00000   -0.18907   -1.04172
8.00000   216.00000   0.01686   -0.96174
24.00000   216.00000   -0.18569   -0.94983
40.00000   216.00000   0.04240   -0.93728
56.00000   216.00000   0.11394   -0.83644
72.00000   216.00000   -0.22170   -0.97354
88.00000   216.00000   -0.06451   -1.06448
8.00000   232.00000   0.10372   -0.89371
24.00000   232.00000   -0.12207   -1.02420
40.00000   232.00000   -0.38512   -0.96643
56.00000   232.00000   0.03292   -1.04571
72.00000   232.00000   0.06399   -1.08980
88.00000   232.00000   -0.15076   -0.94796
8.00000   248.00000   -0.14586   -1.00368
24.00000   248.00000   0.15499   -0.96685
40.00000   248.00000   0.12824   -0.94325
56.00000   248.00000   -0.13596   -0.93126
72.00000   248.00000   -0.09889   -1.13884
88.00000   248.00000   -0.45980   -0.98325
8.00000   264.00000   -0.05255   -1.00786
24.00000   264.00000   -0.18506   -1.17017
40.00000   264.00000   0.26890   -0.87983
56.00000   264.00000   -0.07875   -0.87983
72.00000   264.00000   -0.50213   -0.93607
88.00000   264.00000   -0.44827   -0.90897
8.00000   280.00000   0.02792   -1.10202
24.00000   280.00000   0.03248   -1.07933
40.00000   280.00000   -0.12910   -0.97880
56.00000   280.00000   0.25768   -0.90469
72.00000   280.00000   -0.23398   -0.78084
88.00000   280.00000   -0.26939   -0.98913
8.00000   296.00000   -0.21639   -0.89905
24.00000   296.00000   -0.24424   -0.94615
40.00000   296.00000   -0.25285   -1.08014
56.00000   296.00000   0.09918   -0.93473
72.00000   296.00000   -0.36512   -0.87705
88.00000   296.00000   -0.25380   -0.97291
8.00000   312.00000   -0.09484   -1.06692
24.00000   312.00000   0.20222   -1.06209
40.00000   312.00000   -0.05198   -1.16188
56.00000   312.00000   -0.19924   -0.87730
72.00000   312.00000   -0.10715   -0.75920
88.00000   312.00000   -0.04564   -0.88662
8.00000   328.00000   0.08489   -1.02496
24.00000   328.00000   0.00676   -0.96611
40.00000   328.00000   -0.59355   -1.09603
56.00000   328.00000   -0.50957   -0.88855
72.00000   328.00000   -0.03164   -1.03160
88.00000   328.00000   0.04872   -0.94142
8.00000   344.00000   0.25999   -0.88197
24.00000   344.00000   -0.65026   -1.02915
40.00000   344.00000   -0.46257   -0.87195
56.00000   344.00000   -0.30579   -0.85985
72.00000   344.00000   -0.18746   -1.01539
88.00000   344.00000   -0.00185   -0.97160
8.00000   360.00000   -0.04483   -0.97017
24.00000   360.00000   0.03055   -1.07198
40.00000   360.00000   -0.01593   -1.04131
56.00000   360.00000   -0.27553   -0.96296
72.00000   360.00000   -0.41365   -1.00840
88.00000   360.00000   0.03477   -1.01827
8.00000   376.00000   -0.22545   -1.02681
24.00000   376.00000   -0.43745   -0.88047
40.00000   376.00000   -0.60954   -0.99228
56.00000   376.00000   -0.54476   -0.89139
72.00000   376.00000   -0.34859   -0.89139
88.00000   376.00000   -0.07111   -0.92870
8.00000   392.00000   -0.20202   -1.07908
24.00000   392.00000   -0.60946   -0.89431
40.00000   392.00000   -0.85645   -1.09150
56.00000   392.00000   -0.59247   -1.02249
72.00000   392.00000   -0.22245   -0.88018
88.00000   392.00000   0.00669   -1.16017
8.00000   408.00000   -0.08312   -1.09300
24.00000   408.00000   -0.23651   -0.94408
40.00000   408.00000   -0.61869   -1.11828
56.00000   408.00000   -0.71265   -1.05025
72.00000   408.00000   -0.22464   -1.12705
88.00000   408.00000   -0.11855   -1.17491
8.00000   424.00000   0.07561   -1.02806
24.00000   424.00000   -0.50736   -0.92757
40.00000   424.00000   -0.78429   -0.92444
56.00000   424.00000   -0.07697   -1.07301
72.00000   424.00000   -0.16766   -1.08343
88.00000   424.00000   0.02671   -1.16052
8.00000   440.00000   -0.06274   -1.04462
24.00000   440.00000   -0.68654   -0.94446
40.00000   440.00000   -0.31654   -0.96008
56.00000   440.00000   -0.19135   -1.09944
72.00000   440.00000   -0.01828   -1.06811
88.00000   440.00000   0.00416   -1.10523
8.00000   456.00000   -0.75338   -1.09804
24.00000   456.00000   -0.03257   -1.04307
40.00000   456.00000   -0.25471   -1.22058
56.00000   456.00000   -0.18828   -0.98060
72.00000   456.00000   -0.24478   -1.19117
88.00000   456.00000   -0.18043   -1.12445
8.00000   472.00000   -0.81423   -1.07822
24.00000   472.00000   -0.66331   -1.05765
40.00000   472.00000   -0.38760   -1.10970
56.00000   472.00000   -0.40987   -1.06805
72.00000   472.00000   -0.23403   -1.00160
88.00000   472.00000   -0.11444   -1.12574
8.00000   488.00000   -0.42154   -1.14544
24.00000   488.00000   -0.12625   -1.07311
40.00000   488.00000   0.03506   -0.93573
56.00000   488.00000   -0.48066   -1.18581
72.00000   488.00000   -0.13023   -1.11592
88.00000   488.00000   -0.32360   -1.00034
8.00000   504.00000   -0.71359   -1.15096
24.00000   504.00000   -0.63756   -1.21217
40.00000   504.00000   -0.41721   -1.02836
56.00000   504.00000   -0.44341   -1.20360
72.00000   504.00000   -0.17629   -1.17714
88.00000   504.00000   -0.21584   -1.20816
8.00000   520.00000   -0.61804   -1.06544
24.00000   520.00000   -0.13391   -1.17699
40.00000   520.00000   -0.16069   -1.01410
56.00000   520.00000   -0.49121   -1.18551
72.00000   520.00000   -0.22092   -1.16776
88.00000   520.00000   -0.17358   -1.16522
8.00000   536.00000   -1.13822   -1.02319
24.00000   536.00000   -0.32023   -1.18307
40.00000   536.00000   -0.31616   -1.12715
56.00000   536.00000   -0.42685   -1.18660
72.00000   536.00000   -0.28012   -1.21539
88.00000   536.00000   -0.23745   -1.12311
