# image 43 and 44 x,y,u,v
8.00000   8.00000   -0.62528   -1.02368
24.00000   8.00000   -0.17164   -1.01918
40.00000   8.00000   0.13840   -1.01036
56.00000   8.00000   -0.07755   -1.15712
72.00000   8.00000   0.15876   -1.12282
88.00000   8.00000   -0.11367   -1.01153
8.00000   24.00000   -0.41319   -1.12873
24.00000   24.00000   -0.32095   -1.05742
40.00000   24.00000   -0.01676   -1.01864
56.00000   24.00000   -0.18812   -1.08546
72.00000   24.00000   -0.11321   -0.89589
88.00000   24.00000   -0.36034   -0.97657
8.00000   40.00000   -0.59873   -0.97233
24.00000   40.00000   -0.28331   -1.07203
40.00000   40.00000   -0.18752   -0.98679
56.00000   40.00000   0.06036   -1.08632
72.00000   40.00000   -0.29652   -1.04042
88.00000   40.00000   -0.42734   -0.95764
8.00000   56.00000   -0.31709   -1.35028
24.00000   56.00000   -0.11603   -1.09265
40.00000   56.00000   -0.34487   -1.06530
56.00000   56.00000   -0.21845   -0.92044
72.00000   56.00000   -0.27846   -1.07425
88.00000   56.00000   -0.12588   -0.87630
8.00000   72.00000   -0.33555   -0.96070
24.00000   72.00000   -0.05210   -0.88531
40.00000   72.00000   -0.15142   -0.96770
56.00000   72.00000   0.10574   -0.81635
72.00000   72.00000   -0.05513   -1.02578
88.00000   72.00000   -0.41272   -0.79805
8.00000   88.00000   -0.30022   -0.95598
24.00000   88.00000   -0.20068   -1.02892
40.00000   88.00000   -0.05454   -1.05159
56.00000   88.00000   -0.02477   -0.99291
72.00000   88.00000   -0.14683   -1.08779
88.00000   88.00000   -0.09367   -1.03699
8.00000   104.00000   -0.30182   -1.01904
24.00000   104.00000   -0.02746   -1.07434
40.00000   104.00000   -0.12169   -1.06111
56.00000   104.00000   -0.32556   -0.99445
72.00000   104.00000   -0.17328   -0.93812
88.00000   104.00000   -0.19893   -0.92818
8.00000   120.00000   -0.21519   -1.12157
24.00000   120.00000   0.00037   -0.98456
40.00000   120.00000   -0.23066   -1.01355
56.00000   120.00000   -0.26543   -0.93715
72.00000   120.00000   -0.13444   -0.94290
88.00000   120.00000   -0.16428   -1.05876
8.00000   136.00000   -0.19525   -1.01928
24.00000   136.00000   0.06294   -1.12521
40.00000   136.00000   0.08235   -1.14990
56.00000   136.00000   0.14507   -0.95900
72.00000   136.00000   -0.23535   -1.01040
88.00000   136.00000   -0.14153   -1.01364
8.00000   152.00000   -0.17240   -1.07604
24.00000   152.00000   0.21004   -0.88856
40.00000   152.00000   -0.09103   -0.91780
56.00000   152.00000   -0.31118   -1.05956
72.00000   152.00000   -0.25723   -1.20497
88.00000   152.00000   -0.19801   -1.04541
8.00000   168.00000   0.14754   -1.08393
24.00000   168.00000   -0.18026   -0.92360
40.00000   168.00000   0.04639   -0.96119
56.00000   168.00000   -0.05690   -0.97323
72.00000   168.00000   -0.19309   -1.04302
88.00000   168.00000   -0.10772   -1.06298
8.00000   184.00000   -0.06268   -0.95531
24.00000   184.00000   -0.04355   -0.89894
40.00000   184.00000   -0.08858   -1.07019
56.00000   184.00000   0.07427   -0.96451
72.00000   184.00000   -0.06479   -1.13210
88.00000   184.00000   -0.00336   -1.13548
8.00000   200.00000   -0.09896   -0.97224
24.00000   200.00000   -0.12301   -0.83344
40.00000   200.00000   0.06943   -0.94010
56.00000   200.00000   -0.05391   -1.01022
72.00000   200.00000   0.21962   -0.89506
88.00000   200.00000   -0.06922   -1.07800
8.00000   216.00000   -0.45383   -1.04653
24.00000   216.00000   -0.09401   -1.02107
40.00000   216.00000   0.20684   -0.78777
56.00000   216.00000   0.18044   -1.02686
72.00000   216.00000   0.15235   -1.06564
88.00000   216.00000   -0.18956   -0.89242
8.00000   232.00000   -0.08747   -0.98675
24.00000   232.00000   -0.08289   -1.19244
40.00000   232.00000   -0.15251   -0.99835
56.00000   232.00000   -0.17932   -1.12597
72.00000   232.00000   -0.19114   -0.96973
88.00000   232.00000   -0.09226   -0.96146
8.00000   248.00000   0.04379   -0.87311
24.00000   248.00000   0.11326   -0.75872
40.00000   248.00000   -0.02229   -1.04695
56.00000   248.00000   0.02542   -1.07259
72.00000   248.00000   -0.53110   -0.90862
88.00000   248.00000   0.08721   -0.94779
8.00000   264.00000   -0.19620   -1.11583
24.00000   264.00000   -0.24081   -0.93780
40.00000   264.00000   -0.00132   -0.83123
56.00000   264.00000   0.47165   -0.97648
72.00000   264.00000   -0.24254   -0.94828
88.00000   264.00000   -0.46875   -1.12488
8.00000   280.00000   -0.37448   -1.12765
24.00000   280.00000   -0.35279   -1.17040
40.00000   280.00000   0.07109   -1.09316
56.00000   280.00000   -0.07734   -0.91991
72.00000   280.00000   -0.16861   -0.91571
88.00000   280.00000   -0.06784   -0.94479
8.00000   296.00000   -0.16164   -1.03719
24.00000   296.00000   0.04977   -1.09838
40.00000   296.00000   -0.10676   -1.06022
56.00000   296.00000   -0.04942   -0.81006
72.00000   296.00000   -0.10328   -0.88698
88.00000   296.00000   -0.14231   -0.96937
8.00000   312.00000   -0.20673   -1.02869
24.00000   312.00000   -0.02711   -1.14999
40.00000   312.00000   -0.04129   -1.19926
56.00000   312.00000   -0.20027   -0.82913
72.00000   312.00000   0.11922   -0.95669
88.00000   312.00000   0.22169   -0.89513
8.00000   328.00000   -0.00285   -1.01680
24.00000   328.00000   -0.35515   -0.83253
40.00000   328.00000   -0.52309   -1.17628
56.00000   328.00000   -0.38065   -0.95820
72.00000   328.00000   -0.11340   -0.92654
88.00000   328.00000   0.05116   -0.88434
8.00000   344.00000   -0.22946   -0.86559
24.00000   344.00000   -0.72044   -0.98733
40.00000   344.00000   -0.59142   -0.85913
56.00000   344.00000   -0.33225   -0.94187
72.00000   344.00000   -0.42968   -0.97879
88.00000   344.00000   0.01339   -0.78681
8.00000   360.00000   0.17554   -0.98933
24.00000   360.00000   -0.37444   -0.98347
40.00000   360.00000   -0.63091   -0.89542
56.00000   360.00000   -0.22554   -0.89004
72.00000   360.00000   -0.40329   -0.80531
88.00000   360.00000   0.11206   -0.91864
8.00000   376.00000   -0.22143   -0.98929
24.00000   376.00000   -0.36608   -1.12925
40.00000   376.00000   -0.80061   -1.19843
56.00000   376.00000   -0.62328   -0.85269
72.00000   376.00000   -0.34136   -0.93004
88.00000   376.00000   -0.01047   -0.87280
8.00000   392.00000   -0.05427   -1.01688
24.00000   392.00000   -0.62844   -1.14379
40.00000   392.00000   -0.73866   -0.87388
56.00000   392.00000   -0.61429   -0.90391
72.00000   392.00000   -0.26723   -1.09397
88.00000   392.00000   -0.10976   -0.83776
8.00000   408.00000   -0.29072   -1.12845
24.00000   408.00000   -0.77637   -1.01447
40.00000   408.00000   -0.71852   -0.94603
56.00000   408.00000   -0.39743   -0.82755
72.00000   408.00000   -0.08068   -1.08493
88.00000   408.00000   0.11967   -1.14622
8.00000   424.00000   -0.22255   -1.02282
24.00000   424.00000   -0.66634   -1.13416
40.00000   424.00000   -0.50133   -1.00768
56.00000   424.00000   -0.66440   -1.16032
72.00000   424.00000   -0.28134   -1.08498
88.00000   424.00000   -0.17846   -1.04903
8.00000   440.00000   -0.55837   -0.90566
24.00000   440.00000   -0.35668   -0.91267
40.00000   440.00000   -0.51039   -1.18016
56.00000   440.00000   -0.38317   -1.13102
72.00000   440.00000   -0.28269   -1.08460
88.00000   440.00000   0.05873   -1.16187
8.00000   456.00000   -0.76269   -1.10571
24.00000   456.00000   -0.49333   -1.04428
40.00000   456.00000   -0.68879   -1.08268
56.00000   456.00000   -0.20474   -1.01895
72.00000   456.00000   -0.13684   -0.94240
88.00000   456.00000   -0.10641   -1.12756
8.00000   472.00000   -0.77784   -1.01456
24.00000   472.00000   -0.27040   -1.02220
40.00000   472.00000   -0.46015   -1.09340
56.00000   472.00000   -0.40726   -1.08684
72.00000   472.00000   -0.52537   -1.05379
88.00000   472.00000   -0.09938   -1.15113
8.00000   488.00000   -0.66540   -1.18362
24.00000   488.00000   -0.67191   -0.84309
40.00000   488.00000   -0.29211   -1.02656
56.00000   488.00000   -0.33615   -1.20025
72.00000   488.00000   -0.41611   -1.03952
88.00000   488.00000   -0.40909   -1.01095
8.00000   504.00000   -0.38244   -0.92330
24.00000   504.00000   -0.65978   -1.09217
40.00000   504.00000   -0.51969   -1.22100
56.00000   504.00000   -0.73877   -1.17482
72.00000   504.00000   -0.28145   -0.99881
88.00000   504.00000   -0.01947   -1.06545
8.00000   520.00000   -0.60302   -1.08733
24.00000   520.00000   -0.59734   -1.12737
40.00000   520.00000   -0.61994   -1.25660
56.00000   520.00000   -0.53461   -1.21404
72.00000   520.00000   -0.37013   -1.24977
88.00000   520.00000   -0.14203   -1.21425
8.00000   536.00000   -0.71139   -0.76165
24.00000   536.00000   -0.22148   -1.08461
40.00000   536.00000   -0.31154   -1.26313
56.00000   536.00000   -0.29294   -1.28841
72.00000   536.00000   -0.36764   -1.24305
88.00000   536.00000   -0.28099   -0.98348
