# image 92 and 93 x,y,u,v
8.00000   8.00000   -0.49065   -1.07785
24.00000   8.00000   -0.32552   -1.04190
40.00000   8.00000   0.06821   -1.05164
56.00000   8.00000   -0.08457   -0.95692
72.00000   8.00000   -0.11575   -1.01680
88.00000   8.00000   0.06033   -0.90479
8.00000   24.00000   -0.45449   -1.07737
24.00000   24.00000   -0.16653   -1.06764
40.00000   24.00000   0.04437   -1.19035
56.00000   24.00000   -0.07168   -1.13057
72.00000   24.00000   -0.21547   -0.98082
88.00000   24.00000   -0.17177   -1.02978
8.00000   40.00000   -0.34622   -1.06778
24.00000   40.00000   -0.26631   -1.14727
40.00000   40.00000   -0.25536   -1.05856
56.00000   40.00000   -0.22629   -0.80447
72.00000   40.00000   -0.01935   -0.99359
88.00000   40.00000   -0.33359   -0.98262
8.00000   56.00000   -0.46266   -0.93837
24.00000   56.00000   0.09857   -1.04895
40.00000   56.00000   -0.04981   -1.08593
56.00000   56.00000   -0.40528   -0.93871
72.00000   56.00000   0.00381   -1.02771
88.00000   56.00000   -0.19198   -0.99255
8.00000   72.00000   -0.52233   -1.07655
24.00000   72.00000   -0.07264   -1.11734
40.00000   72.00000   0.08703   -0.88129
56.00000   72.00000   -0.16712   -0.99118
72.00000   72.00000   -0.03765   -0.98458
88.00000   72.00000   -0.15000   -0.85195
8.00000   88.00000   -0.11797   -1.00553
24.00000   88.00000   -0.14703   -0.99455
40.00000   88.00000   0.08898   -1.07359
56.00000   88.00000   -0.04948   -1.03742
72.00000   88.00000   -0.15365   -1.07516
88.00000   88.00000   -0.18775   -1.02726
8.00000   104.00000   -0.01221   -1.08749
24.00000   104.00000   -0.27822   -0.98050
40.00000   104.00000   0.12642   -1.10370
56.00000   104.00000   -0.13024   -1.06764
72.00000   104.00000   -0.30441   -0.99910
88.00000   104.00000   -0.05455   -1.02424
8.00000   120.00000   -0.31792   -1.07422
24.00000   120.00000   -0.11559   -1.02204
40.00000   120.00000   0.14582   -1.02953
56.00000   120.00000   -0.06484   -1.08984
72.00000   120.00000   -0.31068   -0.91108
88.00000   120.00000   -0.10135   -1.06209
8.00000   136.00000   -0.07057   -0.96297
24.00000   136.00000   0.27755   -1.25874
40.00000   136.00000   -0.20834   -1.13276
56.00000   136.00000   0.09148   -1.08081
72.00000   136.00000   -0.28186   -0.99420
88.00000   136.00000   -0.22884   -1.04826
8.00000   152.00000   -0.04025   -0.98156
24.00000   152.00000   -0.03779   -0.99753
40.00000   152.00000   0.08423   -0.91453
56.00000   152.00000   0.03867   -1.02013
72.00000   152.00000   -0.07596   -0.96470
88.00000   152.00000   -0.05433   -1.05433
8.00000   168.00000   -0.51891   -1.09372
24.00000   168.00000   -0.08953   -0.79542
40.00000   168.00000   -0.14941   -1.01570
56.00000   168.00000   0.18958   -0.98995
72.00000   168.00000   -0.24790   -0.93866
88.00000   168.00000   0.01596   -1.01746
8.00000   184.00000   0.09046   -1.02819
24.00000   184.00000   -0.30466   -1.02669
40.00000   184.00000   0.17724   -1.08664
56.00000   184.00000   0.20270   -1.15478
72.00000   184.00000   0.01321   -1.26667
88.00000   184.00000   -0.16058   -1.21802
8.00000   200.00000   -0.41606   -0.94788
24.00000   200.00000   -0.10964   -0.96721
40.00000   200.00000   0.28250   -0.97096
56.00000   200.00000   -0.07708   -1.12130
72.00000   200.00000   0.17685   -1.06942
88.00000   200.00000   -0.07457   -1.01308
8.00000   216.00000   -0.37830   -1.04224
24.00000   216.00000   -0.59670   -1.09075
40.00000   216.00000   0.05758   -1.04252
56.00000   216.00000   0.22117   -0.97251
72.00000   216.00000   -0.08258   -0.92120
88.00000   216.00000   -0.25693   -0.88182
8.00000   232.00000   0.03804   -1.14262
24.00000   232.00000   -0.04649   -1.05694
40.00000   232.00000   0.02242   -0.95113
56.00000   232.00000   0.13890   -0.98519
72.00000   232.00000   -0.22583   -0.87714
88.00000   232.00000   -0.28111   -0.85425
8.00000   248.00000   -0.16179   -1.17568
24.00000   248.00000   -0.09915   -1.14240
40.00000   248.00000   0.38230   -0.91930
56.00000   248.00000   0.08845   -1.02373
72.00000   248.00000   -0.16933   -0.98996
88.00000   248.00000   -0.09384   -0.95564
8.00000   264.00000   -0.17542   -1.00848
24.00000   264.00000   -0.23201   -1.18750
40.00000   264.00000   -0.15421   -1.05365
56.00000   264.00000   -0.14270   -1.09316
72.00000   264.00000   -0.29546   -0.97779
88.00000   264.00000   -0.20729   -1.07614
8.00000   280.00000   -0.37974   -1.03183
24.00000   280.00000   0.15610   -0.95683
40.00000   280.00000   -0.01626   -0.99295
56.00000   280.00000   -0.13825   -1.06222
72.00000   280.00000   0.04655   -0.89656
88.00000   280.00000   0.00421   -0.86123
8.00000   296.00000   -0.16668   -0.95538
24.00000   296.00000   0.05243   -1.00802
40.00000   296.00000   -0.14373   -0.88455
56.00000   296.00000   0.36915   -0.97542
72.00000   296.00000   -0.32716   -1.00318
88.00000   296.00000   0.03457   -0.98764
8.00000   312.00000   -0.08915   -0.98311
24.00000   312.00000   -0.04475   -1.32548
40.00000   312.00000   -0.25487   -0.90889
56.00000   312.00000   -0.51776   -1.01884
72.00000   312.00000   -0.17566   -1.01872
88.00000   312.00000   -0.01055   -0.89072
8.00000   328.00000   0.21987   -1.05630
24.00000   328.00000   -0.35221   -1.00408
40.00000   328.00000   -0.61794   -1.17180
56.00000   328.00000   0.06732   -1.04072
72.00000   328.00000   -0.02249   -1.00844
88.00000   328.00000   -0.09100   -0.94837
8.00000   344.00000   -0.03593   -0.98882
24.00000   344.00000   -0.60171   -1.11550
40.00000   344.00000   -0.39056   -0.92428
56.00000   344.00000   -0.06897   -1.01846
72.00000   344.00000   -0.22714   -0.78502
88.00000   344.00000   -0.01580   -0.88221
8.00000   360.00000   -0.06658   -0.84234
24.00000   360.00000   -0.28950   -0.85088
40.00000   360.00000   -0.63254   -0.87056
56.00000   360.00000   -0.56007   -1.00657
72.00000   360.00000   -0.31825   -0.85913
88.00000   360.00000   0.07033   -0.96909
8.00000   376.00000   -0.34560   -0.95005
24.00000   376.00000   -0.45655   -0.89494
40.00000   376.00000   -0.86325   -0.92239
56.00000   376.00000   -0.27832   -1.11564
72.00000   376.00000   0.15822   -0.92618
88.00000   376.00000   -0.12795   -0.92618
8.00000   392.00000   -0.18231   -0.86755
24.00000   392.00000   -0.37403   -1.08664
40.00000   392.00000   -0.42924   -0.95319
56.00000   392.00000   -0.16875   -0.99556
72.00000   392.00000   -0.12587   -0.78532
88.00000   392.00000   -0.09829   -0.93167
8.00000   408.00000   -0.53249   -1.12185
24.00000   408.00000   -0.14164   -0.83907
40.00000   408.00000   -0.56981   -1.02493
56.00000   408.00000   -0.37493   -0.77544
72.00000   408.00000   -0.28572   -0.98263
88.00000   408.00000   0.05200   -0.95970
8.00000   424.00000   -0.15908   -0.94379
24.00000   424.00000   -0.63994   -1.08069
40.00000   424.00000   -0.66903   -1.02789
56.00000   424.00000   -0.10878   -1.14534
72.00000   424.00000   -0.09621   -1.24045
88.00000   424.00000   -0.20180   -1.14702
8.00000   440.00000   -0.44090   -1.00946
24.00000   440.00000   -0.40859   -0.98429
40.00000   440.00000   -0.55367   -1.13957
56.00000   440.00000   -0.42333   -1.19026
72.00000   440.00000   0.01119   -1.11926
88.00000   440.00000   0.07538   -1.04481
8.00000   456.00000   -0.86085   -1.00377
24.00000   456.00000   -0.33945   -1.02307
40.00000   456.00000   -0.67485   -1.11165
56.00000   456.00000   -0.21130   -1.07077
72.00000   456.00000   -0.05537   -1.14416
88.00000   456.00000   -0.20077   -1.02078
8.00000   472.00000   -0.60786   -0.95522
24.00000   472.00000   -0.82607   -1.08252
40.00000   472.00000   -0.57441   -1.16224
56.00000   472.00000   -0.14410   -1.18545
72.00000   472.00000   -0.28546   -1.05593
88.00000   472.00000   -0.15648   -1.24087
8.00000   488.00000   -0.23652   -0.98920
24.00000   488.00000   -0.66059   -1.01598
40.00000   488.00000   -0.17277   -1.04697
56.00000   488.00000   -0.54626   -1.14353
72.00000   488.00000   -0.38622   -1.10515
88.00000   488.00000   -0.42703   -1.14569
8.00000   504.00000   -0.47562   -1.11907
24.00000   504.00000   -0.53981   -1.00621
40.00000   504.00000   -0.65337   -1.23231
56.00000   504.00000   -0.38839   -1.07611
72.00000   504.00000   -0.57449   -1.22958
88.00000   504.00000   -0.37810   -1.15172
8.00000   520.00000   -0.51694   -1.07897
24.00000   520.00000   -0.74059   -1.12266
40.00000   520.00000   -0.58862   -1.11834
56.00000   520.00000   -0.24723   -1.12944
72.00000   520.00000   -0.67811   -1.15708
88.00000   520.00000   -0.25186   -1.16714
8.00000   536.00000   -0.72393   -1.03956
24.00000   536.00000   -0.21971   -0.99350
40.00000   536.00000   -0.37775   -1.11781
56.00000   536.00000   -0.37710   -1.29495
72.00000   536.00000   -0.44370   -1.27827
88.00000   536.00000   -0.22356   -1.22714
