# image 90 and 91 x,y,u,v
8.00000   8.00000   -0.53851   -1.06720
24.00000   8.00000   -0.35955   -0.92010
40.00000   8.00000   0.05558   -1.03977
56.00000   8.00000   -0.21436   -0.96948
72.00000   8.00000   -0.09940   -1.10606
88.00000   8.00000   -0.10278   -1.07829
8.00000   24.00000   -0.45046   -1.05680
24.00000   24.00000   -0.23741   -1.03909
40.00000   24.00000   0.07141   -1.08910
56.00000   24.00000   -0.11648   -1.04747
72.00000   24.00000   -0.14354   -1.02934
88.00000   24.00000   -0.06771   -0.98753
8.00000   40.00000   -0.27309   -1.10603
24.00000   40.00000   -0.36193   -1.00552
40.00000   40.00000   -0.23382   -1.14872
56.00000   40.00000   -0.22493   -0.97416
72.00000   40.00000   -0.04395   -0.97541
88.00000   40.00000   -0.24674   -0.93378
8.00000   56.00000   -0.37430   -1.17183
24.00000   56.00000   -0.03215   -1.11242
40.00000   56.00000   0.12281   -1.11260
56.00000   56.00000   -0.42766   -0.98379
72.00000   56.00000   -0.12858   -0.97634
88.00000   56.00000   -0.04629   -1.01214
8.00000   72.00000   -0.29567   -1.05513
24.00000   72.00000   -0.14995   -1.00069
40.00000   72.00000   0.18772   -1.05691
56.00000   72.00000   -0.24423   -0.98278
72.00000   72.00000   -0.08303   -0.93508
88.00000   72.00000   -0.16335   -0.88614
8.00000   88.00000   0.02046   -1.05150
24.00000   88.00000   -0.29837   -0.90838
40.00000   88.00000   0.11256   -0.91572
56.00000   88.00000   -0.03036   -1.06828
72.00000   88.00000   0.00495   -1.10805
88.00000   88.00000   -0.09938   -1.03602
8.00000   104.00000   0.06043   -1.04803
24.00000   104.00000   -0.18720   -0.95127
40.00000   104.00000   0.09042   -1.03958
56.00000   104.00000   -0.04447   -0.96486
72.00000   104.00000   -0.31141   -0.91967
88.00000   104.00000   -0.06094   -1.10075
8.00000   120.00000   -0.27986   -1.06301
24.00000   120.00000   -0.14827   -1.13728
40.00000   120.00000   0.14757   -1.08013
56.00000   120.00000   -0.17356   -0.98669
72.00000   120.00000   -0.20476   -1.14102
88.00000   120.00000   -0.05211   -1.09732
8.00000   136.00000   -0.04571   -1.02040
24.00000   136.00000   0.22538   -1.13013
40.00000   136.00000   -0.22912   -1.01430
56.00000   136.00000   0.07815   -1.23044
72.00000   136.00000   -0.20532   -1.12054
88.00000   136.00000   -0.04383   -1.07254
8.00000   152.00000   0.06107   -1.05274
24.00000   152.00000   -0.07810   -1.01469
40.00000   152.00000   -0.03429   -1.00038
56.00000   152.00000   -0.16153   -1.00836
72.00000   152.00000   -0.00387   -0.88666
88.00000   152.00000   0.13267   -1.03338
8.00000   168.00000   -0.36656   -1.00943
24.00000   168.00000   0.24290   -0.93922
40.00000   168.00000   0.01152   -0.91665
56.00000   168.00000   0.12951   -1.17128
72.00000   168.00000   0.01290   -0.89597
88.00000   168.00000   -0.00072   -0.97465
8.00000   184.00000   0.08435   -0.99992
24.00000   184.00000   -0.53807   -1.02932
40.00000   184.00000   0.01767   -0.97746
56.00000   184.00000   0.20410   -1.12713
72.00000   184.00000   0.09933   -1.08074
88.00000   184.00000   0.01011   -1.14472
8.00000   200.00000   -0.47758   -0.99932
24.00000   200.00000   -0.12348   -0.99942
40.00000   200.00000   0.20164   -1.07359
56.00000   200.00000   -0.11511   -1.07452
72.00000   200.00000   0.02960   -1.11780
88.00000   200.00000   -0.08519   -0.89064
8.00000   216.00000   -0.10381   -0.97516
24.00000   216.00000   -0.35248   -0.95894
40.00000   216.00000   0.01394   -1.02329
56.00000   216.00000   0.26769   -1.05020
72.00000   216.00000   0.12435   -1.05498
88.00000   216.00000   -0.05003   -0.84477
8.00000   232.00000   0.11883   -1.09115
24.00000   232.00000   -0.03686   -0.99554
40.00000   232.00000   -0.22386   -1.09461
56.00000   232.00000   0.26769   -1.01499
72.00000   232.00000   -0.12585   -0.94492
88.00000   232.00000   -0.27115   -0.83931
8.00000   248.00000   -0.15672   -1.09314
24.00000   248.00000   0.08314   -1.02055
40.00000   248.00000   0.16731   -0.82690
56.00000   248.00000   0.24195   -0.94472
72.00000   248.00000   -0.24652   -0.87086
88.00000   248.00000   -0.07200   -0.91155
8.00000   264.00000   -0.11475   -1.08355
24.00000   264.00000   -0.16679   -1.05387
40.00000   264.00000   0.17574   -0.95337
56.00000   264.00000   -0.25926   -0.91538
72.00000   264.00000   -0.21544   -0.98723
88.00000   264.00000   -0.21236   -0.93539
8.00000   280.00000   -0.42389   -1.07825
24.00000   280.00000   -0.14765   -1.05110
40.00000   280.00000   0.27920   -1.08977
56.00000   280.00000   -0.02338   -1.10952
72.00000   280.00000   -0.06082   -0.96798
88.00000   280.00000   -0.06884   -0.90337
8.00000   296.00000   -0.40342   -1.00270
24.00000   296.00000   -0.06620   -0.92388
40.00000   296.00000   -0.12876   -1.03774
56.00000   296.00000   -0.05745   -1.01865
72.00000   296.00000   -0.18161   -0.92886
88.00000   296.00000   -0.23402   -0.97261
8.00000   312.00000   -0.17833   -1.07433
24.00000   312.00000   -0.19140   -0.93700
40.00000   312.00000   -0.33280   -0.93285
56.00000   312.00000   -0.33585   -0.88021
72.00000   312.00000   -0.33795   -0.88956
88.00000   312.00000   -0.01641   -0.93957
8.00000   328.00000   0.03053   -0.97513
24.00000   328.00000   -0.07555   -1.06171
40.00000   328.00000   -0.51048   -0.94142
56.00000   328.00000   0.24250   -1.17945
72.00000   328.00000   -0.08349   -1.17504
88.00000   328.00000   -0.04117   -0.97754
8.00000   344.00000   0.27060   -0.99824
24.00000   344.00000   -0.54918   -0.99821
40.00000   344.00000   -0.65562   -0.93387
56.00000   344.00000   -0.31764   -1.14510
72.00000   344.00000   -0.10502   -0.95060
88.00000   344.00000   -0.04815   -0.96541
8.00000   360.00000   -0.14496   -1.06010
24.00000   360.00000   -0.39696   -0.74411
40.00000   360.00000   -0.69545   -0.81135
56.00000   360.00000   -0.27265   -0.74675
72.00000   360.00000   -0.26271   -0.84395
88.00000   360.00000   0.06673   -0.85912
8.00000   376.00000   -0.59505   -1.00211
24.00000   376.00000   -0.42524   -0.79932
40.00000   376.00000   -0.75947   -1.02896
56.00000   376.00000   -0.21602   -1.03214
72.00000   376.00000   -0.01265   -0.76495
88.00000   376.00000   -0.06037   -0.70857
8.00000   392.00000   -0.49153   -0.99786
24.00000   392.00000   -0.36693   -0.85303
40.00000   392.00000   -0.70009   -0.97080
56.00000   392.00000   -0.33827   -1.02948
72.00000   392.00000   -0.07281   -0.81028
88.00000   392.00000   -0.21782   -0.88017
8.00000   408.00000   -0.39551   -1.06880
24.00000   408.00000   -0.26317   -1.07645
40.00000   408.00000   -0.54930   -0.94113
56.00000   408.00000   -0.36565   -0.93817
72.00000   408.00000   -0.16172   -1.00532
88.00000   408.00000   0.00164   -0.92746
8.00000   424.00000   -0.31465   -0.85935
24.00000   424.00000   -0.59396   -1.03072
40.00000   424.00000   -0.53240   -1.05588
56.00000   424.00000   0.35728   -1.16997
72.00000   424.00000   -0.01699   -1.14918
88.00000   424.00000   -0.21363   -1.10358
8.00000   440.00000   -0.22283   -1.05443
24.00000   440.00000   -0.40685   -1.04491
40.00000   440.00000   -0.61518   -1.19397
56.00000   440.00000   -0.40139   -1.16442
72.00000   440.00000   0.00785   -1.04587
88.00000   440.00000   -0.03614   -1.29764
8.00000   456.00000   -0.76811   -0.99373
24.00000   456.00000   -0.36297   -0.84944
40.00000   456.00000   -0.69548   -1.02957
56.00000   456.00000   -0.23554   -1.15992
72.00000   456.00000   -0.19442   -1.03019
88.00000   456.00000   -0.17965   -1.15663
8.00000   472.00000   -0.76203   -1.01214
24.00000   472.00000   -0.79232   -1.17573
40.00000   472.00000   -0.55219   -0.99978
56.00000   472.00000   -0.62808   -1.12191
72.00000   472.00000   -0.38382   -1.11588
88.00000   472.00000   -0.07637   -1.19480
8.00000   488.00000   -0.24824   -1.01087
24.00000   488.00000   -0.38392   -1.23881
40.00000   488.00000   -0.19460   -1.00039
56.00000   488.00000   -0.49726   -1.16145
72.00000   488.00000   -0.56956   -1.11898
88.00000   488.00000   -0.45638   -1.06073
8.00000   504.00000   -0.31524   -1.20202
24.00000   504.00000   -0.40678   -0.97362
40.00000   504.00000   -0.55722   -0.96822
56.00000   504.00000   -0.59002   -1.21147
72.00000   504.00000   -0.46464   -1.10202
88.00000   504.00000   -0.23891   -1.09403
8.00000   520.00000   -0.48203   -1.06398
24.00000   520.00000   -0.56807   -1.21682
40.00000   520.00000   -0.29405   -1.17897
56.00000   520.00000   -0.30766   -1.10406
72.00000   520.00000   -0.33581   -1.09626
88.00000   520.00000   -0.21871   -1.21825
8.00000   536.00000   -0.69511   -0.65301
24.00000   536.00000   -0.10177   -1.08150
40.00000   536.00000   -0.38196   -1.31180
56.00000   536.00000   -0.28433   -1.19916
72.00000   536.00000   -0.36632   -1.38024
88.00000   536.00000   -0.26447   -1.25961
