# image 99 and 100 x,y,u,v
8.00000   8.00000   -0.58062   -1.04760
24.00000   8.00000   -0.27233   -1.07391
40.00000   8.00000   0.16123   -0.92913
56.00000   8.00000   0.23638   -1.03666
72.00000   8.00000   0.05619   -1.05819
88.00000   8.00000   0.10796   -0.81435
8.00000   24.00000   -0.44656   -1.10049
24.00000   24.00000   -0.24746   -0.97888
40.00000   24.00000   -0.07591   -1.02339
56.00000   24.00000   -0.07065   -1.01304
72.00000   24.00000   -0.13647   -0.88107
88.00000   24.00000   -0.19098   -1.08414
8.00000   40.00000   -0.27430   -1.08459
24.00000   40.00000   -0.06445   -1.01414
40.00000   40.00000   -0.31697   -0.97603
56.00000   40.00000   -0.28258   -0.96311
72.00000   40.00000   -0.15899   -1.10519
88.00000   40.00000   -0.26319   -0.88984
8.00000   56.00000   -0.18276   -1.07869
24.00000   56.00000   -0.17978   -1.09806
40.00000   56.00000   0.11158   -1.02773
56.00000   56.00000   -0.26930   -0.94220
72.00000   56.00000   0.03655   -0.98076
88.00000   56.00000   -0.14353   -0.97096
8.00000   72.00000   -0.06416   -1.22252
24.00000   72.00000   -0.25860   -1.12981
40.00000   72.00000   0.32029   -1.12122
56.00000   72.00000   -0.01017   -1.07907
72.00000   72.00000   0.00179   -1.08453
88.00000   72.00000   -0.29538   -0.84793
8.00000   88.00000   -0.04226   -1.01709
24.00000   88.00000   -0.07015   -1.07623
40.00000   88.00000   0.10106   -1.10351
56.00000   88.00000   -0.07089   -0.91804
72.00000   88.00000   -0.30737   -1.06201
88.00000   88.00000   -0.00233   -0.98996
8.00000   104.00000   -0.25417   -0.82928
24.00000   104.00000   0.18510   -0.88841
40.00000   104.00000   0.14395   -1.08694
56.00000   104.00000   0.10228   -0.98954
72.00000   104.00000   -0.24387   -0.98948
88.00000   104.00000   -0.10178   -1.28625
8.00000   120.00000   -0.08025   -0.83096
24.00000   120.00000   0.46839   -1.21392
40.00000   120.00000   -0.13018   -1.02051
56.00000   120.00000   -0.00135   -1.06433
72.00000   120.00000   -0.15980   -1.02747
88.00000   120.00000   -0.31143   -0.95678
8.00000   136.00000   -0.10074   -1.03095
24.00000   136.00000   -0.05113   -0.86818
40.00000   136.00000   -0.02580   -0.96221
56.00000   136.00000   0.05617   -1.08213
72.00000   136.00000   -0.09577   -1.07370
88.00000   136.00000   0.10084   -1.16576
8.00000   152.00000   -0.19986   -1.05603
24.00000   152.00000   -0.03999   -1.11940
40.00000   152.00000   0.10672   -1.00763
56.00000   152.00000   0.20496   -0.97017
72.00000   152.00000   -0.02552   -0.95776
88.00000   152.00000   0.13535   -1.15303
8.00000   168.00000   0.17083   -0.86291
24.00000   168.00000   -0.07015   -0.86045
40.00000   168.00000   -0.18521   -0.93692
56.00000   168.00000   0.17631   -1.11967
72.00000   168.00000   -0.11746   -1.01488
88.00000   168.00000   0.01902   -1.13205
8.00000   184.00000   -0.14476   -1.05330
24.00000   184.00000   -0.00332   -0.88167
40.00000   184.00000   0.01818   -0.82939
56.00000   184.00000   -0.08619   -0.96499
72.00000   184.00000   0.17988   -1.09437
88.00000   184.00000   -0.08169   -1.04823
8.00000   200.00000   -0.48431   -0.91264
24.00000   200.00000   -0.44671   -0.99368
40.00000   200.00000   0.27238   -0.98973
56.00000   200.00000   0.26047   -0.89675
72.00000   200.00000   0.08760   -1.03225
88.00000   200.00000   -0.14295   -0.98794
8.00000   216.00000   -0.08490   -1.04883
24.00000   216.00000   -0.16274   -1.10509
40.00000   216.00000   0.34177   -0.98457
56.00000   216.00000   0.34542   -0.86354
72.00000   216.00000   -0.08074   -1.02848
88.00000   216.00000   -0.17571   -0.85830
8.00000   232.00000   -0.44723   -1.02664
24.00000   232.00000   -0.37712   -1.00237
40.00000   232.00000   -0.10542   -1.00556
56.00000   232.00000   0.00279   -0.94575
72.00000   232.00000   -0.04550   -0.89448
88.00000   232.00000   -0.24557   -1.08615
8.00000   248.00000   -0.03573   -1.04603
24.00000   248.00000   -0.00050   -1.11519
40.00000   248.00000   0.28428   -1.06608
56.00000   248.00000   -0.03614   -1.00595
72.00000   248.00000   -0.30764   -0.89325
88.00000   248.00000   -0.14095   -0.87575
8.00000   264.00000   -0.25811   -1.12799
24.00000   264.00000   -0.09463   -1.02156
40.00000   264.00000   -0.16932   -1.10468
56.00000   264.00000   -0.05358   -0.83263
72.00000   264.00000   -0.25185   -1.06541
88.00000   264.00000   0.03173   -0.99242
8.00000   280.00000   -0.22217   -1.00394
24.00000   280.00000   0.03301   -1.05555
40.00000   280.00000   0.11563   -1.17210
56.00000   280.00000   0.01950   -1.20247
72.00000   280.00000   -0.11611   -1.01650
88.00000   280.00000   -0.23171   -1.02428
8.00000   296.00000   -0.06478   -1.02723
24.00000   296.00000   -0.02641   -0.99741
40.00000   296.00000   -0.26126   -0.81513
56.00000   296.00000   -0.02467   -0.90728
72.00000   296.00000   -0.37482   -0.94222
88.00000   296.00000   -0.09267   -1.08165
8.00000   312.00000   -0.19778   -0.94874
24.00000   312.00000   -0.24468   -1.14388
40.00000   312.00000   -0.09095   -1.10163
56.00000   312.00000   -0.03284   -0.96195
72.00000   312.00000   -0.14019   -1.10251
88.00000   312.00000   -0.12167   -0.93580
8.00000   328.00000   0.20753   -1.01102
24.00000   328.00000   -0.44565   -1.07296
40.00000   328.00000   -0.65258   -1.11780
56.00000   328.00000   -0.40848   -1.09250
72.00000   328.00000   -0.16606   -1.05017
88.00000   328.00000   -0.12004   -0.94601
8.00000   344.00000   -0.08395   -0.92423
24.00000   344.00000   -0.44430   -0.91588
40.00000   344.00000   -0.70045   -0.96562
56.00000   344.00000   0.13846   -1.07613
72.00000   344.00000   -0.27375   -1.06283
88.00000   344.00000   -0.16600   -0.80903
8.00000   360.00000   -0.22372   -1.07415
24.00000   360.00000   -0.39417   -0.98897
40.00000   360.00000   -0.73078   -0.82684
56.00000   360.00000   -0.18177   -1.01808
72.00000   360.00000   -0.11558   -0.83703
88.00000   360.00000   0.03613   -0.93239
8.00000   376.00000   -0.42654   -0.89233
24.00000   376.00000   -0.58563   -0.74901
40.00000   376.00000   -0.75079   -0.92066
56.00000   376.00000   -0.49220   -1.03013
72.00000   376.00000   -0.05309   -0.76346
88.00000   376.00000   -0.20117   -0.91927
8.00000   392.00000   -0.36790   -0.89768
24.00000   392.00000   -0.27478   -0.75614
40.00000   392.00000   -0.68296   -0.82286
56.00000   392.00000   -0.30783   -0.90470
72.00000   392.00000   -0.19182   -0.85318
88.00000   392.00000   -0.12212   -0.86286
8.00000   408.00000   -0.69161   -1.16519
24.00000   408.00000   -0.34961   -0.98138
40.00000   408.00000   -0.80411   -1.03927
56.00000   408.00000   -0.18553   -1.19015
72.00000   408.00000   -0.33566   -0.98245
88.00000   408.00000   -0.06445   -1.15034
8.00000   424.00000   -0.28530   -1.00584
24.00000   424.00000   -0.70927   -1.01197
40.00000   424.00000   -0.58345   -1.06999
56.00000   424.00000   -0.21613   -1.05074
72.00000   424.00000   0.00817   -1.12196
88.00000   424.00000   -0.21825   -1.05009
8.00000   440.00000   -0.41594   -1.18845
24.00000   440.00000   -0.75362   -1.07110
40.00000   440.00000   -0.63131   -1.12571
56.00000   440.00000   -0.45390   -1.10018
72.00000   440.00000   -0.05705   -1.12841
88.00000   440.00000   -0.20997   -0.95183
8.00000   456.00000   -0.87628   -0.93332
24.00000   456.00000   -0.71224   -0.99899
40.00000   456.00000   -0.62488   -1.14111
56.00000   456.00000   -0.07467   -1.09385
72.00000   456.00000   -0.18258   -1.06179
88.00000   456.00000   -0.15858   -1.05716
8.00000   472.00000   -0.58047   -1.10659
24.00000   472.00000   -0.73158   -1.09114
40.00000   472.00000   -0.63020   -1.19210
56.00000   472.00000   -0.64517   -1.17388
72.00000   472.00000   -0.49345   -1.11126
88.00000   472.00000   -0.15034   -1.05589
8.00000   488.00000   -0.33369   -1.14641
24.00000   488.00000   -0.40447   -1.25781
40.00000   488.00000   -0.45435   -1.13669
56.00000   488.00000   -0.55619   -1.10922
72.00000   488.00000   -0.53840   -1.09113
88.00000   488.00000   -0.45171   -1.18759
8.00000   504.00000   -0.63091   -1.20652
24.00000   504.00000   -0.47682   -1.08604
40.00000   504.00000   -0.39494   -1.12509
56.00000   504.00000   -0.59313   -1.14764
72.00000   504.00000   -0.30907   -1.18146
88.00000   504.00000   -0.24023   -1.19362
8.00000   520.00000   -0.68628   -0.99850
24.00000   520.00000   -0.33361   -1.17125
40.00000   520.00000   -0.38247   -1.12020
56.00000   520.00000   -0.40708   -1.07229
72.00000   520.00000   -0.62622   -1.10178
88.00000   520.00000   -0.16221   -1.22127
8.00000   536.00000   -0.61391   -0.91438
24.00000   536.00000   -0.29883   -0.95235
40.00000   536.00000   -0.22906   -1.23383
56.00000   536.00000   -0.38371   -1.35339
72.00000   536.00000   -0.30376   -1.24487
88.00000   536.00000   -0.22467   -1.33355
