# image 65 and 66 x,y,u,v
8.00000   8.00000   -0.54293   -0.99070
24.00000   8.00000   -0.21724   -1.00566
40.00000   8.00000   0.19365   -0.96346
56.00000   8.00000   0.07185   -1.07384
72.00000   8.00000   -0.01044   -1.03554
88.00000   8.00000   -0.09519   -0.88017
8.00000   24.00000   -0.38219   -0.95996
24.00000   24.00000   -0.28614   -1.07633
40.00000   24.00000   0.11259   -1.18043
56.00000   24.00000   0.07395   -1.02788
72.00000   24.00000   -0.22617   -0.99457
88.00000   24.00000   -0.17225   -1.08756
8.00000   40.00000   -0.58679   -1.03857
24.00000   40.00000   -0.12180   -1.13343
40.00000   40.00000   -0.21744   -1.12027
56.00000   40.00000   0.04155   -1.09370
72.00000   40.00000   -0.39841   -0.97519
88.00000   40.00000   -0.31261   -0.84539
8.00000   56.00000   -0.18490   -1.08522
24.00000   56.00000   -0.01016   -1.09946
40.00000   56.00000   0.00737   -1.05666
56.00000   56.00000   -0.41013   -0.96763
72.00000   56.00000   -0.19069   -0.79868
88.00000   56.00000   -0.08950   -1.00032
8.00000   72.00000   -0.48147   -1.18390
24.00000   72.00000   0.05832   -0.99445
40.00000   72.00000   0.02111   -1.09143
56.00000   72.00000   -0.06993   -0.93880
72.00000   72.00000   -0.02129   -0.88701
88.00000   72.00000   -0.07037   -0.91533
8.00000   88.00000   -0.25259   -0.97746
24.00000   88.00000   -0.12423   -1.08159
40.00000   88.00000   0.03817   -1.01659
56.00000   88.00000   -0.14562   -1.04455
72.00000   88.00000   -0.10268   -1.14053
88.00000   88.00000   -0.00336   -0.98024
8.00000   104.00000   -0.18271   -1.01566
24.00000   104.00000   0.16477   -1.16031
40.00000   104.00000   0.15578   -0.98755
56.00000   104.00000   -0.17196   -0.90938
72.00000   104.00000   -0.19732   -0.98524
88.00000   104.00000   -0.13133   -1.00881
8.00000   120.00000   -0.15318   -1.13906
24.00000   120.00000   0.05744   -1.13342
40.00000   120.00000   -0.00402   -0.99055
56.00000   120.00000   -0.00827   -1.14177
72.00000   120.00000   -0.19035   -1.02064
88.00000   120.00000   -0.07642   -1.07021
8.00000   136.00000   -0.14610   -1.08238
24.00000   136.00000   -0.06233   -1.11384
40.00000   136.00000   0.10623   -0.97436
56.00000   136.00000   -0.26560   -1.10842
72.00000   136.00000   -0.25059   -1.05777
88.00000   136.00000   -0.02703   -0.89786
8.00000   152.00000   0.14376   -0.98063
24.00000   152.00000   -0.18959   -0.98619
40.00000   152.00000   -0.18784   -1.03254
56.00000   152.00000   0.12799   -1.06970
72.00000   152.00000   -0.05966   -1.05197
88.00000   152.00000   -0.05566   -1.19973
8.00000   168.00000   -0.04654   -0.94906
24.00000   168.00000   0.24929   -0.94328
40.00000   168.00000   0.12212   -0.97809
56.00000   168.00000   0.05708   -1.00795
72.00000   168.00000   -0.16934   -0.97911
88.00000   168.00000   0.01762   -0.98124
8.00000   184.00000   -0.03458   -1.01493
24.00000   184.00000   -0.03798   -0.81291
40.00000   184.00000   -0.12113   -0.86663
56.00000   184.00000   -0.11666   -0.83918
72.00000   184.00000   -0.08141   -0.91628
88.00000   184.00000   0.02824   -1.15264
8.00000   200.00000   0.01165   -0.93030
24.00000   200.00000   -0.19995   -0.90085
40.00000   200.00000   0.17994   -0.94781
56.00000   200.00000   0.15083   -1.11181
72.00000   200.00000   0.03440   -1.15370
88.00000   200.00000   0.17095   -1.16109
8.00000   216.00000   -0.15668   -1.00546
24.00000   216.00000   0.01699   -1.11781
40.00000   216.00000   -0.03022   -0.98500
56.00000   216.00000   0.09699   -0.86768
72.00000   216.00000   0.12134   -0.93689
88.00000   216.00000   -0.00459   -0.92636
8.00000   232.00000   -0.21667   -0.83152
24.00000   232.00000   -0.21339   -1.06395
40.00000   232.00000   -0.25188   -1.09603
56.00000   232.00000   0.02274   -1.04649
72.00000   232.00000   -0.03604   -0.97750
88.00000   232.00000   -0.10893   -0.98960
8.00000   248.00000   -0.18129   -0.99641
24.00000   248.00000   -0.15866   -0.93016
40.00000   248.00000   0.06393   -1.13445
56.00000   248.00000   0.02571   -1.04582
72.00000   248.00000   -0.44391   -0.88100
88.00000   248.00000   -0.22848   -0.83464
8.00000   264.00000   0.08256   -1.18953
24.00000   264.00000   0.21267   -1.07431
40.00000   264.00000   0.10004   -0.98727
56.00000   264.00000   0.31386   -0.85367
72.00000   264.00000   -0.42814   -1.05935
88.00000   264.00000   -0.15240   -0.84186
8.00000   280.00000   -0.02866   -1.05191
24.00000   280.00000   -0.32648   -0.99055
40.00000   280.00000   0.06025   -0.95991
56.00000   280.00000   -0.03368   -1.09819
72.00000   280.00000   -0.16896   -0.89139
88.00000   280.00000   -0.11565   -1.00417
8.00000   296.00000   -0.21201   -1.10346
24.00000   296.00000   -0.13591   -1.03073
40.00000   296.00000   0.27901   -1.16947
56.00000   296.00000   0.03808   -1.08609
72.00000   296.00000   -0.17275   -1.02627
88.00000   296.00000   -0.09199   -0.92122
8.00000   312.00000   -0.04380   -1.03805
24.00000   312.00000   -0.35219   -1.03359
40.00000   312.00000   -0.30263   -0.87713
56.00000   312.00000   -0.36535   -0.93639
72.00000   312.00000   0.04801   -0.85330
88.00000   312.00000   0.03271   -0.93915
8.00000   328.00000   -0.04555   -1.04613
24.00000   328.00000   0.04322   -0.98932
40.00000   328.00000   -0.64000   -1.00378
56.00000   328.00000   -0.17401   -0.89575
72.00000   328.00000   -0.24342   -1.11345
88.00000   328.00000   0.08008   -1.05206
8.00000   344.00000   -0.00207   -1.07612
24.00000   344.00000   -0.38767   -1.03359
40.00000   344.00000   -0.75609   -0.93791
56.00000   344.00000   -0.34398   -0.98843
72.00000   344.00000   -0.34762   -0.85031
88.00000   344.00000   0.09634   -0.90115
8.00000   360.00000   -0.12418   -0.86368
24.00000   360.00000   -0.42621   -0.94383
40.00000   360.00000   -0.73096   -0.83628
56.00000   360.00000   -0.61684   -0.86332
72.00000   360.00000   -0.35899   -0.87172
88.00000   360.00000   0.04698   -1.02437
8.00000   376.00000   -0.32065   -1.01767
24.00000   376.00000   -0.44735   -0.77408
40.00000   376.00000   -0.56744   -0.90245
56.00000   376.00000   -0.50588   -0.95755
72.00000   376.00000   -0.16718   -0.93670
88.00000   376.00000   0.15471   -0.92582
8.00000   392.00000   -0.35835   -1.03254
24.00000   392.00000   -0.48214   -0.94682
40.00000   392.00000   -0.60633   -1.00932
56.00000   392.00000   -0.47845   -0.99492
72.00000   392.00000   -0.19517   -0.81982
88.00000   392.00000   -0.18410   -0.90179
8.00000   408.00000   -0.52468   -0.99145
24.00000   408.00000   -0.39750   -0.92545
40.00000   408.00000   -0.71825   -1.02253
56.00000   408.00000   -0.10673   -0.90616
72.00000   408.00000   -0.31884   -0.96867
88.00000   408.00000   -0.20383   -1.00034
8.00000   424.00000   -0.46956   -1.05745
24.00000   424.00000   -0.46656   -1.15362
40.00000   424.00000   -0.80024   -0.96593
56.00000   424.00000   0.22997   -1.28092
72.00000   424.00000   -0.01562   -1.30037
88.00000   424.00000   -0.23775   -0.99851
8.00000   440.00000   -0.43740   -0.81946
24.00000   440.00000   -0.27176   -1.06074
40.00000   440.00000   -0.27112   -1.15651
56.00000   440.00000   -0.50425   -0.93971
72.00000   440.00000   -0.12562   -1.20032
88.00000   440.00000   0.01322   -1.18250
8.00000   456.00000   -0.78135   -0.96243
24.00000   456.00000   -0.46848   -1.06278
40.00000   456.00000   -0.69899   -1.09741
56.00000   456.00000   -0.32164   -1.13156
72.00000   456.00000   -0.26085   -0.98876
88.00000   456.00000   -0.26377   -0.93237
8.00000   472.00000   -0.35264   -1.07652
24.00000   472.00000   -0.61200   -1.11142
40.00000   472.00000   -0.54600   -1.35407
56.00000   472.00000   -0.34596   -1.17994
72.00000   472.00000   -0.51394   -1.12336
88.00000   472.00000   -0.20849   -1.01236
8.00000   488.00000   -0.57566   -1.23023
24.00000   488.00000   -0.70009   -1.18919
40.00000   488.00000   -0.63263   -1.12805
56.00000   488.00000   -0.34573   -1.15221
72.00000   488.00000   -0.46261   -1.22277
88.00000   488.00000   -0.13887   -1.10833
8.00000   504.00000   -0.41774   -1.10027
24.00000   504.00000   -0.47259   -1.01008
40.00000   504.00000   -0.65480   -0.98900
56.00000   504.00000   -0.78564   -1.11795
72.00000   504.00000   -0.38969   -1.11107
88.00000   504.00000   -0.28488   -1.15533
8.00000   520.00000   -0.71792   -1.04921
24.00000   520.00000   -0.59374   -0.99215
40.00000   520.00000   -0.08619   -1.29207
56.00000   520.00000   -0.28922   -1.26841
72.00000   520.00000   -0.46598   -1.08093
88.00000   520.00000   -0.20267   -1.32897
8.00000   536.00000   -0.68804   -1.10105
24.00000   536.00000   -0.36734   -1.19196
40.00000   536.00000   -0.36262   -1.01847
56.00000   536.00000   -0.42080   -1.30811
72.00000   536.00000   -0.51099   -1.47370
88.00000   536.00000   -0.26339   -1.13293
