# image 93 and 94 x,y,u,v
8.00000   8.00000   -0.63669   -1.03991
24.00000   8.00000   -0.14227   -0.99383
40.00000   8.00000   0.23776   -0.98373
56.00000   8.00000   0.15207   -1.03712
72.00000   8.00000   -0.10321   -1.05439
88.00000   8.00000   0.14187   -0.80133
8.00000   24.00000   -0.42785   -1.03278
24.00000   24.00000   -0.26118   -1.08910
40.00000   24.00000   0.11162   -1.11546
56.00000   24.00000   -0.12808   -1.06559
72.00000   24.00000   -0.32088   -0.99243
88.00000   24.00000   -0.13656   -1.02098
8.00000   40.00000   -0.29269   -0.95554
24.00000   40.00000   -0.18752   -1.05225
40.00000   40.00000   -0.07524   -0.99459
56.00000   40.00000   -0.28206   -0.96622
72.00000   40.00000   -0.08875   -1.09098
88.00000   40.00000   -0.29556   -1.01407
8.00000   56.00000   -0.43962   -0.92287
24.00000   56.00000   -0.14656   -0.93767
40.00000   56.00000   -0.03573   -1.12121
56.00000   56.00000   -0.55089   -0.95847
72.00000   56.00000   -0.01195   -1.09425
88.00000   56.00000   -0.21390   -0.92699
8.00000   72.00000   -0.22321   -1.07390
24.00000   72.00000   0.04246   -1.12011
40.00000   72.00000   0.28881   -1.01180
56.00000   72.00000   -0.10847   -1.12155
72.00000   72.00000   -0.20183   -1.03743
88.00000   72.00000   -0.10148   -0.92289
8.00000   88.00000   -0.15434   -1.10644
24.00000   88.00000   -0.19543   -1.03879
40.00000   88.00000   0.47711   -0.81394
56.00000   88.00000   -0.11303   -0.99233
72.00000   88.00000   -0.17848   -1.07826
88.00000   88.00000   -0.13559   -1.10886
8.00000   104.00000   -0.01924   -1.16909
24.00000   104.00000   -0.24668   -1.05082
40.00000   104.00000   0.27594   -1.02700
56.00000   104.00000   0.00933   -1.07989
72.00000   104.00000   -0.33253   -0.97768
88.00000   104.00000   -0.04819   -1.06523
8.00000   120.00000   -0.24643   -1.06288
24.00000   120.00000   -0.08036   -0.91910
40.00000   120.00000   0.20623   -1.13133
56.00000   120.00000   0.03370   -1.03926
72.00000   120.00000   -0.31728   -0.99285
88.00000   120.00000   -0.26234   -1.07779
8.00000   136.00000   0.00972   -1.04114
24.00000   136.00000   0.21704   -1.28926
40.00000   136.00000   -0.21002   -1.08998
56.00000   136.00000   0.05636   -1.07167
72.00000   136.00000   -0.23158   -1.18032
88.00000   136.00000   -0.22390   -1.07088
8.00000   152.00000   -0.38002   -1.05392
24.00000   152.00000   0.03122   -1.10442
40.00000   152.00000   0.09158   -0.92349
56.00000   152.00000   0.01550   -1.01362
72.00000   152.00000   -0.21937   -1.02143
88.00000   152.00000   0.06059   -1.03557
8.00000   168.00000   -0.48199   -1.09265
24.00000   168.00000   0.02025   -0.79691
40.00000   168.00000   -0.16644   -1.04606
56.00000   168.00000   0.08422   -0.91971
72.00000   168.00000   -0.16388   -0.86011
88.00000   168.00000   0.06411   -1.05525
8.00000   184.00000   0.10135   -1.03051
24.00000   184.00000   -0.23319   -0.96886
40.00000   184.00000   0.23479   -0.89262
56.00000   184.00000   0.12473   -1.09882
72.00000   184.00000   -0.02194   -1.10093
88.00000   184.00000   -0.09661   -1.07020
8.00000   200.00000   -0.23740   -0.91704
24.00000   200.00000   -0.14359   -0.90513
40.00000   200.00000   0.14009   -0.95603
56.00000   200.00000   -0.00214   -1.11421
72.00000   200.00000   0.18942   -1.07837
88.00000   200.00000   -0.03453   -1.03981
8.00000   216.00000   -0.60104   -1.14335
24.00000   216.00000   -0.29410   -1.06136
40.00000   216.00000   0.07330   -1.20478
56.00000   216.00000   0.33542   -1.00802
72.00000   216.00000   -0.02706   -1.03796
88.00000   216.00000   -0.26180   -0.90825
8.00000   232.00000   0.10502   -1.12036
24.00000   232.00000   -0.04880   -1.03215
40.00000   232.00000   0.05104   -1.00356
56.00000   232.00000   0.31400   -0.93924
72.00000   232.00000   -0.15042   -1.01682
88.00000   232.00000   -0.20978   -0.87304
8.00000   248.00000   -0.04185   -1.15497
24.00000   248.00000   -0.03515   -1.13333
40.00000   248.00000   0.21070   -0.98593
56.00000   248.00000   0.09789   -1.03433
72.00000   248.00000   -0.22106   -0.90806
88.00000   248.00000   -0.26628   -0.83861
8.00000   264.00000   -0.01943   -1.06873
24.00000   264.00000   -0.22945   -1.06972
40.00000   264.00000   -0.11487   -1.04993
56.00000   264.00000   -0.17067   -1.02706
72.00000   264.00000   -0.25238   -0.85950
88.00000   264.00000   -0.11286   -0.95076
8.00000   280.00000   -0.39524   -1.06832
24.00000   280.00000   -0.01943   -1.14268
40.00000   280.00000   0.15995   -1.11149
56.00000   280.00000   -0.24093   -0.92112
72.00000   280.00000   0.12866   -0.94209
88.00000   280.00000   -0.17899   -0.80709
8.00000   296.00000   -0.39166   -1.02372
24.00000   296.00000   -0.09423   -0.99809
40.00000   296.00000   -0.11230   -0.96629
56.00000   296.00000   0.40191   -0.92093
72.00000   296.00000   -0.17438   -0.99565
88.00000   296.00000   -0.14710   -1.07252
8.00000   312.00000   -0.08204   -0.99430
24.00000   312.00000   -0.00109   -1.24353
40.00000   312.00000   -0.37965   -0.98828
56.00000   312.00000   -0.23988   -0.91156
72.00000   312.00000   -0.19032   -0.84127
88.00000   312.00000   0.07823   -0.91611
8.00000   328.00000   0.17726   -1.06162
24.00000   328.00000   -0.51205   -0.92914
40.00000   328.00000   -0.57740   -1.09936
56.00000   328.00000   -0.13813   -1.07603
72.00000   328.00000   -0.10768   -1.09569
88.00000   328.00000   -0.00499   -0.93681
8.00000   344.00000   0.05544   -1.02304
24.00000   344.00000   -0.41151   -0.98622
40.00000   344.00000   -0.48332   -1.05273
56.00000   344.00000   -0.16594   -1.05877
72.00000   344.00000   -0.18955   -0.78154
88.00000   344.00000   -0.13180   -1.03457
8.00000   360.00000   -0.13749   -0.88008
24.00000   360.00000   -0.33283   -0.96098
40.00000   360.00000   -0.72520   -0.78758
56.00000   360.00000   -0.22244   -0.88086
72.00000   360.00000   -0.27453   -0.81728
88.00000   360.00000   0.09661   -0.80170
8.00000   376.00000   -0.41153   -0.81629
24.00000   376.00000   -0.57223   -0.88309
40.00000   376.00000   -0.81499   -0.92474
56.00000   376.00000   -0.35123   -0.90026
72.00000   376.00000   -0.01715   -0.79323
88.00000   376.00000   -0.03044   -0.88879
8.00000   392.00000   -0.21913   -0.94968
24.00000   392.00000   -0.40151   -0.82819
40.00000   392.00000   -0.60983   -1.00406
56.00000   392.00000   -0.45905   -0.93103
72.00000   392.00000   -0.15267   -0.75456
88.00000   392.00000   -0.16658   -0.79668
8.00000   408.00000   -0.54546   -1.05731
24.00000   408.00000   -0.17653   -1.03357
40.00000   408.00000   -0.42459   -1.00338
56.00000   408.00000   -0.52304   -1.06551
72.00000   408.00000   -0.16902   -1.01296
88.00000   408.00000   -0.12097   -0.94204
8.00000   424.00000   -0.23256   -1.01631
24.00000   424.00000   -0.71272   -0.95957
40.00000   424.00000   -0.60733   -1.17824
56.00000   424.00000   -0.27525   -1.11098
72.00000   424.00000   -0.15442   -1.15935
88.00000   424.00000   -0.17328   -1.03129
8.00000   440.00000   -0.22927   -1.05633
24.00000   440.00000   -0.28463   -1.02557
40.00000   440.00000   -0.53300   -1.17854
56.00000   440.00000   -0.45066   -1.16092
72.00000   440.00000   -0.20097   -1.13303
88.00000   440.00000   -0.01087   -1.08438
8.00000   456.00000   -0.95012   -1.05960
24.00000   456.00000   -0.50689   -1.07886
40.00000   456.00000   -0.82897   -1.05870
56.00000   456.00000   -0.39358   -1.11910
72.00000   456.00000   -0.06386   -1.15239
88.00000   456.00000   -0.17247   -1.11433
8.00000   472.00000   -0.52820   -0.91757
24.00000   472.00000   -0.86323   -1.15435
40.00000   472.00000   -0.44493   -1.22105
56.00000   472.00000   -0.57679   -1.19698
72.00000   472.00000   -0.34446   -1.18426
88.00000   472.00000   -0.20809   -1.08531
8.00000   488.00000   -0.05345   -1.08799
24.00000   488.00000   -0.46132   -1.13265
40.00000   488.00000   -0.22219   -1.12312
56.00000   488.00000   -0.57162   -1.15370
72.00000   488.00000   -0.54871   -1.20843
88.00000   488.00000   -0.37648   -1.08280
8.00000   504.00000   -0.50746   -1.06414
24.00000   504.00000   -0.45538   -1.03989
40.00000   504.00000   -0.56085   -1.08780
56.00000   504.00000   -0.53160   -1.20401
72.00000   504.00000   -0.61694   -1.21208
88.00000   504.00000   -0.39097   -1.21208
8.00000   520.00000   -0.60523   -1.17877
24.00000   520.00000   -0.62488   -1.26747
40.00000   520.00000   -0.44015   -1.07479
56.00000   520.00000   -0.40789   -1.21844
72.00000   520.00000   -0.63881   -1.10996
88.00000   520.00000   -0.21547   -1.17566
8.00000   536.00000   -0.45387   -0.94252
24.00000   536.00000   -0.18774   -1.18270
40.00000   536.00000   -0.45552   -1.09903
56.00000   536.00000   -0.40543   -1.12262
72.00000   536.00000   -0.28574   -1.19670
88.00000   536.00000   -0.30728   -1.11943
