# image 84 and 85 x,y,u,v
8.00000   8.00000   -0.44652   -0.96028
24.00000   8.00000   -0.29205   -1.08740
40.00000   8.00000   0.05675   -0.98317
56.00000   8.00000   -0.23600   -0.89279
72.00000   8.00000   -0.15358   -0.91405
88.00000   8.00000   -0.01192   -0.89258
8.00000   24.00000   -0.52458   -1.04868
24.00000   24.00000   -0.23097   -1.01355
40.00000   24.00000   0.08562   -1.03962
56.00000   24.00000   -0.16680   -1.16176
72.00000   24.00000   -0.28681   -1.02569
88.00000   24.00000   -0.13359   -0.96249
8.00000   40.00000   -0.37810   -0.96942
24.00000   40.00000   -0.29081   -1.12356
40.00000   40.00000   -0.27288   -1.03931
56.00000   40.00000   -0.11568   -0.95911
72.00000   40.00000   -0.17867   -0.93586
88.00000   40.00000   -0.39920   -0.95714
8.00000   56.00000   -0.10986   -1.07278
24.00000   56.00000   -0.21739   -0.93822
40.00000   56.00000   -0.10322   -0.95890
56.00000   56.00000   -0.36706   -0.92998
72.00000   56.00000   0.06051   -1.04719
88.00000   56.00000   0.00761   -0.86939
8.00000   72.00000   -0.39851   -1.02808
24.00000   72.00000   0.29444   -1.04806
40.00000   72.00000   -0.00673   -0.94303
56.00000   72.00000   -0.19898   -0.91607
72.00000   72.00000   -0.06106   -0.89251
88.00000   72.00000   -0.15978   -0.83786
8.00000   88.00000   -0.15134   -0.92582
24.00000   88.00000   -0.02559   -0.91487
40.00000   88.00000   0.41553   -1.04852
56.00000   88.00000   -0.17900   -1.00771
72.00000   88.00000   -0.05242   -0.99075
88.00000   88.00000   -0.21023   -0.97148
8.00000   104.00000   0.07451   -1.12231
24.00000   104.00000   -0.24115   -0.96815
40.00000   104.00000   -0.05005   -1.05731
56.00000   104.00000   -0.07248   -1.00855
72.00000   104.00000   -0.27945   -0.96328
88.00000   104.00000   -0.25555   -0.96894
8.00000   120.00000   -0.04722   -1.01893
24.00000   120.00000   0.10182   -1.03708
40.00000   120.00000   0.04753   -1.16932
56.00000   120.00000   0.05009   -1.02930
72.00000   120.00000   -0.33580   -0.93769
88.00000   120.00000   -0.15031   -1.12766
8.00000   136.00000   0.00006   -1.03629
24.00000   136.00000   -0.26601   -1.13813
40.00000   136.00000   0.06423   -1.07802
56.00000   136.00000   0.22001   -1.12663
72.00000   136.00000   -0.14113   -1.09291
88.00000   136.00000   -0.15737   -1.07994
8.00000   152.00000   0.31585   -1.05146
24.00000   152.00000   0.25958   -1.03182
40.00000   152.00000   -0.20710   -0.97693
56.00000   152.00000   -0.17334   -1.05126
72.00000   152.00000   0.00117   -1.04896
88.00000   152.00000   -0.00086   -0.99313
8.00000   168.00000   -0.05315   -1.06746
24.00000   168.00000   -0.23047   -1.06225
40.00000   168.00000   0.01290   -0.86701
56.00000   168.00000   0.06461   -0.99927
72.00000   168.00000   -0.01986   -0.94004
88.00000   168.00000   0.12013   -1.08643
8.00000   184.00000   -0.08349   -0.99980
24.00000   184.00000   -0.25515   -0.92530
40.00000   184.00000   -0.02084   -0.96458
56.00000   184.00000   0.13311   -1.03161
72.00000   184.00000   -0.12555   -1.05202
88.00000   184.00000   0.09145   -1.17053
8.00000   200.00000   -0.15535   -1.02320
24.00000   200.00000   -0.22239   -1.07485
40.00000   200.00000   -0.01618   -0.90955
56.00000   200.00000   0.04816   -0.96180
72.00000   200.00000   0.10520   -1.18725
88.00000   200.00000   0.03888   -1.18306
8.00000   216.00000   -0.21767   -0.94087
24.00000   216.00000   -0.25735   -1.08505
40.00000   216.00000   0.07651   -0.96586
56.00000   216.00000   0.02898   -0.92131
72.00000   216.00000   -0.00576   -0.91901
88.00000   216.00000   -0.18962   -0.88871
8.00000   232.00000   -0.35158   -0.96124
24.00000   232.00000   -0.02071   -1.03974
40.00000   232.00000   0.35151   -1.16886
56.00000   232.00000   0.26394   -1.02212
72.00000   232.00000   -0.18675   -0.92366
88.00000   232.00000   -0.21816   -0.88094
8.00000   248.00000   -0.17568   -1.22454
24.00000   248.00000   -0.18257   -0.93164
40.00000   248.00000   0.19488   -1.11852
56.00000   248.00000   0.02403   -0.94594
72.00000   248.00000   -0.49379   -1.00850
88.00000   248.00000   -0.26910   -0.75335
8.00000   264.00000   -0.00890   -1.05719
24.00000   264.00000   -0.10185   -1.15509
40.00000   264.00000   0.13182   -1.16664
56.00000   264.00000   0.24804   -1.10038
72.00000   264.00000   -0.15616   -0.82331
88.00000   264.00000   -0.08346   -0.95451
8.00000   280.00000   -0.37598   -1.21033
24.00000   280.00000   -0.07443   -1.05390
40.00000   280.00000   -0.01972   -0.94256
56.00000   280.00000   -0.12153   -0.91849
72.00000   280.00000   -0.21392   -0.85451
88.00000   280.00000   0.00120   -1.01913
8.00000   296.00000   -0.07953   -1.13715
24.00000   296.00000   0.25876   -0.94232
40.00000   296.00000   -0.24930   -1.12294
56.00000   296.00000   -0.30372   -1.03926
72.00000   296.00000   -0.03049   -0.94805
88.00000   296.00000   -0.34412   -1.05927
8.00000   312.00000   -0.30447   -1.04733
24.00000   312.00000   0.13284   -0.83835
40.00000   312.00000   -0.27172   -0.98208
56.00000   312.00000   -0.04135   -1.08239
72.00000   312.00000   -0.22486   -0.83105
88.00000   312.00000   0.04497   -1.06578
8.00000   328.00000   -0.07249   -1.06738
24.00000   328.00000   -0.12497   -1.12113
40.00000   328.00000   -0.68681   -1.06532
56.00000   328.00000   -0.58114   -1.15789
72.00000   328.00000   -0.24108   -1.03014
88.00000   328.00000   0.28274   -1.04473
8.00000   344.00000   0.11011   -0.98456
24.00000   344.00000   -0.58592   -1.11008
40.00000   344.00000   -0.34585   -0.94663
56.00000   344.00000   0.21109   -1.15277
72.00000   344.00000   -0.25720   -1.10117
88.00000   344.00000   -0.06839   -0.85357
8.00000   360.00000   -0.05103   -0.94108
24.00000   360.00000   -0.43214   -1.04734
40.00000   360.00000   -0.65063   -0.99326
56.00000   360.00000   -0.44256   -0.88442
72.00000   360.00000   -0.27650   -0.81653
88.00000   360.00000   0.10744   -0.89596
8.00000   376.00000   -0.30558   -0.91082
24.00000   376.00000   -0.43355   -0.75494
40.00000   376.00000   -0.68071   -0.84757
56.00000   376.00000   -0.51138   -0.94708
72.00000   376.00000   -0.08858   -0.86257
88.00000   376.00000   -0.11770   -0.83606
8.00000   392.00000   -0.43936   -1.02072
24.00000   392.00000   -0.22475   -0.90727
40.00000   392.00000   -0.87471   -0.95962
56.00000   392.00000   -0.35613   -0.87682
72.00000   392.00000   -0.17674   -0.89596
88.00000   392.00000   -0.13815   -0.91475
8.00000   408.00000   -0.34663   -1.07746
24.00000   408.00000   -0.44482   -0.87884
40.00000   408.00000   -0.66404   -1.03297
56.00000   408.00000   -0.05493   -0.99799
72.00000   408.00000   -0.25346   -1.03317
88.00000   408.00000   -0.12030   -0.90795
8.00000   424.00000   -0.44496   -0.93972
24.00000   424.00000   -0.59889   -1.03308
40.00000   424.00000   -0.82782   -1.02786
56.00000   424.00000   -0.59105   -1.12981
72.00000   424.00000   -0.10554   -1.16012
88.00000   424.00000   0.02150   -1.12098
8.00000   440.00000   -0.10526   -0.99782
24.00000   440.00000   -0.35450   -1.19333
40.00000   440.00000   -0.39122   -1.08937
56.00000   440.00000   -0.10035   -1.09404
72.00000   440.00000   -0.23673   -0.95467
88.00000   440.00000   0.02840   -0.96634
8.00000   456.00000   -0.75413   -1.04266
24.00000   456.00000   -0.02255   -1.06637
40.00000   456.00000   -0.78766   -1.22910
56.00000   456.00000   -0.50781   -1.24283
72.00000   456.00000   -0.26424   -1.19881
88.00000   456.00000   -0.13743   -1.08231
8.00000   472.00000   -0.74192   -1.00552
24.00000   472.00000   -0.75485   -1.05533
40.00000   472.00000   -0.52516   -1.11428
56.00000   472.00000   -0.62396   -1.07795
72.00000   472.00000   -0.36735   -1.12097
88.00000   472.00000   -0.27169   -1.00782
8.00000   488.00000   -0.46926   -1.01553
24.00000   488.00000   -0.35939   -1.22389
40.00000   488.00000   -0.05464   -1.07863
56.00000   488.00000   -0.03842   -1.20121
72.00000   488.00000   -0.29428   -1.20554
88.00000   488.00000   -0.45333   -0.96014
8.00000   504.00000   -0.11399   -1.11606
24.00000   504.00000   -0.67299   -1.25918
40.00000   504.00000   -0.44230   -1.09299
56.00000   504.00000   -0.64359   -1.08931
72.00000   504.00000   -0.57282   -1.18199
88.00000   504.00000   -0.43045   -1.20765
8.00000   520.00000   -0.75577   -1.01511
24.00000   520.00000   -0.66453   -1.22730
40.00000   520.00000   -0.42924   -1.22592
56.00000   520.00000   -0.46256   -1.22214
72.00000   520.00000   -0.60418   -1.15375
88.00000   520.00000   -0.13150   -1.12733
8.00000   536.00000   -0.35761   -0.65004
24.00000   536.00000   -0.23192   -1.11387
40.00000   536.00000   -0.36157   -1.15121
56.00000   536.00000   -0.08038   -1.21006
72.00000   536.00000   -0.48521   -1.49590
88.00000   536.00000   -0.37288   -1.20041
