# image 33 and 34 x,y,u,v
8.00000   8.00000   -0.43509   -1.17938
24.00000   8.00000   -0.13368   -1.00981
40.00000   8.00000   0.18763   -1.02405
56.00000   8.00000   -0.20173   -0.98841
72.00000   8.00000   -0.04121   -0.91756
88.00000   8.00000   0.16640   -0.90145
8.00000   24.00000   -0.52248   -1.03719
24.00000   24.00000   -0.33085   -1.07767
40.00000   24.00000   0.28669   -1.08290
56.00000   24.00000   -0.19910   -0.88516
72.00000   24.00000   -0.20159   -1.04007
88.00000   24.00000   -0.22497   -0.90603
8.00000   40.00000   -0.35403   -0.97348
24.00000   40.00000   -0.39710   -1.10257
40.00000   40.00000   -0.13815   -0.92251
56.00000   40.00000   -0.33094   -1.16203
72.00000   40.00000   -0.14703   -0.94830
88.00000   40.00000   -0.22872   -0.83459
8.00000   56.00000   -0.49667   -1.13389
24.00000   56.00000   -0.11974   -1.10383
40.00000   56.00000   0.00242   -1.29084
56.00000   56.00000   -0.10585   -1.17579
72.00000   56.00000   -0.26824   -1.00351
88.00000   56.00000   -0.24838   -0.95514
8.00000   72.00000   -0.09691   -0.90495
24.00000   72.00000   0.08461   -0.96303
40.00000   72.00000   -0.11439   -0.86947
56.00000   72.00000   0.07477   -0.87016
72.00000   72.00000   -0.21349   -0.93467
88.00000   72.00000   -0.22968   -0.95971
8.00000   88.00000   -0.47650   -1.09202
24.00000   88.00000   -0.07296   -0.99544
40.00000   88.00000   -0.14685   -0.85989
56.00000   88.00000   -0.00316   -1.04885
72.00000   88.00000   -0.06080   -1.05799
88.00000   88.00000   -0.21968   -1.05275
8.00000   104.00000   -0.38634   -1.07173
24.00000   104.00000   -0.00685   -0.86339
40.00000   104.00000   0.10312   -0.92524
56.00000   104.00000   -0.06029   -1.00187
72.00000   104.00000   -0.31755   -1.02942
88.00000   104.00000   0.06195   -1.03660
8.00000   120.00000   -0.22079   -0.99215
24.00000   120.00000   -0.03552   -1.12772
40.00000   120.00000   -0.23139   -1.11338
56.00000   120.00000   -0.18504   -0.91478
72.00000   120.00000   -0.06509   -0.99232
88.00000   120.00000   -0.10857   -0.94208
8.00000   136.00000   -0.09885   -1.04956
24.00000   136.00000   -0.30518   -1.10572
40.00000   136.00000   -0.25337   -1.13965
56.00000   136.00000   -0.21330   -0.94723
72.00000   136.00000   -0.17886   -1.06752
88.00000   136.00000   -0.24185   -0.95706
8.00000   152.00000   -0.25855   -0.96792
24.00000   152.00000   -0.16350   -0.95771
40.00000   152.00000   0.04982   -0.93568
56.00000   152.00000   -0.12390   -1.02328
72.00000   152.00000   0.06113   -1.09322
88.00000   152.00000   -0.15629   -1.00213
8.00000   168.00000   0.08289   -1.01320
24.00000   168.00000   0.09456   -0.98763
40.00000   168.00000   -0.08963   -1.08341
56.00000   168.00000   -0.21573   -1.03082
72.00000   168.00000   0.12531   -1.07490
88.00000   168.00000   0.00416   -1.00882
8.00000   184.00000   0.06560   -0.94857
24.00000   184.00000   -0.05526   -0.98280
40.00000   184.00000   0.13794   -0.88257
56.00000   184.00000   -0.09035   -1.16423
72.00000   184.00000   -0.15133   -1.21700
88.00000   184.00000   -0.03565   -1.16549
8.00000   200.00000   0.19917   -0.97808
24.00000   200.00000   -0.05026   -0.91369
40.00000   200.00000   -0.07402   -0.92381
56.00000   200.00000   0.14944   -1.00419
72.00000   200.00000   -0.15429   -1.04415
88.00000   200.00000   -0.26869   -1.13305
8.00000   216.00000   -0.14359   -1.00925
24.00000   216.00000   -0.02901   -1.02457
40.00000   216.00000   0.04551   -0.85904
56.00000   216.00000   0.06075   -0.92921
72.00000   216.00000   -0.12669   -1.07397
88.00000   216.00000   -0.15179   -1.11389
8.00000   232.00000   -0.17229   -0.89762
24.00000   232.00000   0.17506   -0.93157
40.00000   232.00000   -0.00637   -1.00804
56.00000   232.00000   0.00227   -0.93232
72.00000   232.00000   -0.01628   -1.08282
88.00000   232.00000   -0.01817   -0.84511
8.00000   248.00000   -0.07527   -1.04437
24.00000   248.00000   -0.18203   -0.82266
40.00000   248.00000   0.06192   -1.04389
56.00000   248.00000   -0.50083   -1.01872
72.00000   248.00000   -0.58026   -0.96175
88.00000   248.00000   -0.21488   -0.91969
8.00000   264.00000   0.15302   -1.08414
24.00000   264.00000   -0.03219   -1.20985
40.00000   264.00000   -0.30004   -0.92297
56.00000   264.00000   0.40394   -0.93793
72.00000   264.00000   -0.30173   -1.07330
88.00000   264.00000   -0.09610   -0.85517
8.00000   280.00000   -0.34160   -0.88356
24.00000   280.00000   -0.22969   -1.12751
40.00000   280.00000   0.08914   -1.12202
56.00000   280.00000   0.05179   -0.85858
72.00000   280.00000   -0.14239   -0.89935
88.00000   280.00000   -0.21988   -1.01818
8.00000   296.00000   -0.03236   -1.03594
24.00000   296.00000   0.22070   -1.10040
40.00000   296.00000   -0.09351   -0.89662
56.00000   296.00000   -0.24523   -0.91465
72.00000   296.00000   -0.07827   -0.90284
88.00000   296.00000   -0.13301   -1.12333
8.00000   312.00000   0.00262   -1.00026
24.00000   312.00000   -0.05721   -1.25034
40.00000   312.00000   -0.21572   -0.96082
56.00000   312.00000   -0.34940   -1.03768
72.00000   312.00000   -0.29625   -0.88354
88.00000   312.00000   0.03470   -0.87188
8.00000   328.00000   -0.07370   -0.99082
24.00000   328.00000   -0.04364   -1.08666
40.00000   328.00000   -0.61174   -1.18662
56.00000   328.00000   -0.32782   -0.85124
72.00000   328.00000   -0.08228   -0.90550
88.00000   328.00000   0.02025   -0.86323
8.00000   344.00000   0.10208   -1.04210
24.00000   344.00000   -0.16632   -1.06105
40.00000   344.00000   -0.50581   -0.85003
56.00000   344.00000   -0.35473   -0.82773
72.00000   344.00000   -0.24802   -0.89760
88.00000   344.00000   0.08311   -0.97700
8.00000   360.00000   -0.33455   -0.93235
24.00000   360.00000   -0.52266   -0.88550
40.00000   360.00000   -0.45167   -1.06044
56.00000   360.00000   -0.49323   -0.91490
72.00000   360.00000   -0.29788   -0.78538
88.00000   360.00000   0.01794   -0.84508
8.00000   376.00000   -0.10000   -0.97563
24.00000   376.00000   -0.62532   -0.85957
40.00000   376.00000   -0.65566   -1.00640
56.00000   376.00000   -0.55707   -0.87547
72.00000   376.00000   -0.31057   -0.91695
88.00000   376.00000   -0.03745   -0.91937
8.00000   392.00000   -0.27375   -0.96559
24.00000   392.00000   -0.07438   -1.01711
40.00000   392.00000   -0.83384   -0.96075
56.00000   392.00000   -0.53134   -0.90651
72.00000   392.00000   -0.20696   -0.90777
88.00000   392.00000   0.08543   -0.98482
8.00000   408.00000   -0.36962   -1.15240
24.00000   408.00000   -0.50420   -0.98788
40.00000   408.00000   -0.67291   -1.05408
56.00000   408.00000   -0.60604   -0.93293
72.00000   408.00000   -0.28804   -1.00889
88.00000   408.00000   -0.10987   -1.08492
8.00000   424.00000   -0.23959   -0.98800
24.00000   424.00000   -0.59665   -1.01053
40.00000   424.00000   -0.37438   -0.83825
56.00000   424.00000   -0.26307   -0.93665
72.00000   424.00000   -0.13451   -1.08818
88.00000   424.00000   -0.07065   -1.01291
8.00000   440.00000   -0.04707   -0.99334
24.00000   440.00000   -0.57262   -1.10388
40.00000   440.00000   -0.13727   -1.15995
56.00000   440.00000   -0.12186   -1.01181
72.00000   440.00000   -0.26804   -1.14142
88.00000   440.00000   -0.03330   -1.12719
8.00000   456.00000   -0.70529   -0.98338
24.00000   456.00000   -0.36695   -1.04143
40.00000   456.00000   -0.69572   -1.06747
56.00000   456.00000   -0.40339   -1.30663
72.00000   456.00000   -0.10942   -1.13064
88.00000   456.00000   -0.08965   -1.04610
8.00000   472.00000   -0.80565   -0.98830
24.00000   472.00000   -0.68400   -1.03515
40.00000   472.00000   -0.32274   -1.19146
56.00000   472.00000   -0.41408   -1.21075
72.00000   472.00000   -0.36193   -1.00500
88.00000   472.00000   -0.17470   -1.12753
8.00000   488.00000   -0.67523   -1.16793
24.00000   488.00000   -0.51116   -0.80368
40.00000   488.00000   -0.29426   -1.12011
56.00000   488.00000   -0.27897   -0.97890
72.00000   488.00000   -0.31147   -1.15457
88.00000   488.00000   -0.22591   -1.09124
8.00000   504.00000   -0.25930   -1.06770
24.00000   504.00000   -0.67520   -1.03653
40.00000   504.00000   -0.44050   -1.13434
56.00000   504.00000   -0.63060   -0.99044
72.00000   504.00000   -0.24546   -1.21614
88.00000   504.00000   -0.18362   -1.10674
8.00000   520.00000   -0.82517   -0.98088
24.00000   520.00000   -0.61256   -1.18081
40.00000   520.00000   0.41110   -1.18539
56.00000   520.00000   -0.47084   -1.30110
72.00000   520.00000   -0.42651   -1.32533
88.00000   520.00000   -0.18510   -1.22659
8.00000   536.00000   -0.52430   -1.02239
24.00000   536.00000   -0.29265   -1.29782
40.00000   536.00000   -0.49515   -1.20843
56.00000   536.00000   -0.36963   -1.35683
72.00000   536.00000   -0.40372   -1.35348
88.00000   536.00000   -0.26896   -1.15414
