# image 81 and 82 x,y,u,v
8.00000   8.00000   -0.52126   -1.01826
24.00000   8.00000   -0.29420   -1.02581
40.00000   8.00000   0.04709   -1.13387
56.00000   8.00000   0.25109   -1.12452
72.00000   8.00000   -0.05944   -0.93801
88.00000   8.00000   -0.11981   -0.92842
8.00000   24.00000   -0.55799   -1.08500
24.00000   24.00000   -0.24631   -0.96555
40.00000   24.00000   -0.06543   -1.16103
56.00000   24.00000   -0.22023   -1.06097
72.00000   24.00000   -0.22533   -0.94966
88.00000   24.00000   -0.23074   -0.99983
8.00000   40.00000   -0.47065   -0.95127
24.00000   40.00000   -0.26703   -1.12708
40.00000   40.00000   -0.19210   -1.11300
56.00000   40.00000   -0.15882   -0.97916
72.00000   40.00000   -0.19200   -0.83758
88.00000   40.00000   -0.14165   -0.91779
8.00000   56.00000   -0.04825   -1.06258
24.00000   56.00000   -0.17302   -1.18397
40.00000   56.00000   -0.05223   -1.04563
56.00000   56.00000   -0.21162   -0.87074
72.00000   56.00000   0.09711   -0.98600
88.00000   56.00000   0.03112   -0.83745
8.00000   72.00000   -0.58714   -1.00585
24.00000   72.00000   0.20331   -1.02498
40.00000   72.00000   0.20424   -1.25557
56.00000   72.00000   -0.16689   -0.91943
72.00000   72.00000   -0.03690   -0.97947
88.00000   72.00000   -0.17458   -0.91225
8.00000   88.00000   -0.24208   -0.94645
24.00000   88.00000   -0.04915   -1.00163
40.00000   88.00000   0.20989   -0.91364
56.00000   88.00000   -0.24325   -0.97196
72.00000   88.00000   -0.20590   -1.07342
88.00000   88.00000   -0.08988   -1.08225
8.00000   104.00000   0.03720   -1.03327
24.00000   104.00000   -0.18192   -1.09948
40.00000   104.00000   0.22030   -1.02243
56.00000   104.00000   -0.08550   -1.01211
72.00000   104.00000   -0.17343   -1.04345
88.00000   104.00000   -0.16565   -0.96290
8.00000   120.00000   -0.12928   -0.99097
24.00000   120.00000   0.04280   -1.01279
40.00000   120.00000   0.14403   -1.12690
56.00000   120.00000   -0.03108   -1.08482
72.00000   120.00000   -0.30165   -0.93528
88.00000   120.00000   -0.13235   -1.07872
8.00000   136.00000   -0.23559   -1.03699
24.00000   136.00000   0.07961   -0.95924
40.00000   136.00000   0.25366   -1.15268
56.00000   136.00000   0.21840   -1.10717
72.00000   136.00000   0.04269   -1.05780
88.00000   136.00000   -0.29438   -1.19078
8.00000   152.00000   0.22083   -1.09699
24.00000   152.00000   0.30428   -1.02569
40.00000   152.00000   -0.35640   -0.82404
56.00000   152.00000   0.04015   -0.95180
72.00000   152.00000   -0.22932   -0.97099
88.00000   152.00000   -0.20352   -1.11404
8.00000   168.00000   -0.28284   -1.11773
24.00000   168.00000   -0.43515   -0.91182
40.00000   168.00000   0.02056   -0.99759
56.00000   168.00000   -0.09871   -0.93282
72.00000   168.00000   -0.03517   -0.93480
88.00000   168.00000   0.07589   -1.06257
8.00000   184.00000   -0.16571   -0.93024
24.00000   184.00000   -0.15436   -0.88839
40.00000   184.00000   0.10168   -1.05510
56.00000   184.00000   0.07212   -1.03839
72.00000   184.00000   -0.12209   -1.08498
88.00000   184.00000   0.04610   -1.10342
8.00000   200.00000   0.04560   -1.03513
24.00000   200.00000   -0.39326   -1.03712
40.00000   200.00000   -0.11761   -0.91027
56.00000   200.00000   0.02521   -0.86912
72.00000   200.00000   -0.02217   -1.10635
88.00000   200.00000   -0.06223   -1.11006
8.00000   216.00000   -0.24548   -1.14356
24.00000   216.00000   -0.52658   -1.12795
40.00000   216.00000   -0.13432   -1.03100
56.00000   216.00000   0.12818   -1.04565
72.00000   216.00000   0.06630   -1.03276
88.00000   216.00000   -0.29013   -0.94359
8.00000   232.00000   -0.28276   -1.08341
24.00000   232.00000   -0.18339   -0.98329
40.00000   232.00000   -0.10778   -1.05677
56.00000   232.00000   0.29148   -1.00088
72.00000   232.00000   0.04826   -0.89413
88.00000   232.00000   -0.12728   -0.92144
8.00000   248.00000   -0.10733   -1.15826
24.00000   248.00000   -0.15542   -0.99308
40.00000   248.00000   0.35376   -0.95115
56.00000   248.00000   0.21217   -0.94566
72.00000   248.00000   -0.34879   -0.98827
88.00000   248.00000   -0.26315   -0.83764
8.00000   264.00000   0.03631   -1.23090
24.00000   264.00000   -0.23990   -1.15543
40.00000   264.00000   0.34684   -0.85062
56.00000   264.00000   -0.01962   -0.91828
72.00000   264.00000   -0.26439   -0.92568
88.00000   264.00000   -0.10311   -1.00155
8.00000   280.00000   -0.27234   -1.00525
24.00000   280.00000   -0.13598   -0.98581
40.00000   280.00000   0.20910   -0.89858
56.00000   280.00000   -0.26458   -0.87235
72.00000   280.00000   -0.02915   -0.94739
88.00000   280.00000   -0.14947   -0.90268
8.00000   296.00000   -0.15265   -0.97592
24.00000   296.00000   0.09300   -1.11001
40.00000   296.00000   -0.15762   -1.03210
56.00000   296.00000   -0.50289   -0.94688
72.00000   296.00000   -0.07123   -1.01339
88.00000   296.00000   -0.09460   -1.04337
8.00000   312.00000   -0.11366   -1.17188
24.00000   312.00000   0.06775   -0.92015
40.00000   312.00000   -0.24299   -0.89092
56.00000   312.00000   -0.49334   -0.91439
72.00000   312.00000   -0.11800   -0.81904
88.00000   312.00000   -0.00464   -1.00404
8.00000   328.00000   0.06385   -1.10330
24.00000   328.00000   -0.22526   -1.14353
40.00000   328.00000   -0.85835   -1.05276
56.00000   328.00000   -0.12082   -1.15766
72.00000   328.00000   -0.24808   -0.96136
88.00000   328.00000   0.21494   -0.85197
8.00000   344.00000   0.04256   -1.03930
24.00000   344.00000   -0.53119   -1.05954
40.00000   344.00000   -0.61214   -0.94311
56.00000   344.00000   -0.03711   -0.93879
72.00000   344.00000   -0.22039   -0.99682
88.00000   344.00000   0.02111   -0.73208
8.00000   360.00000   0.13604   -0.99127
24.00000   360.00000   -0.38754   -0.94498
40.00000   360.00000   -0.66134   -0.88995
56.00000   360.00000   -0.31068   -1.04382
72.00000   360.00000   -0.22335   -0.86259
88.00000   360.00000   0.13421   -0.72943
8.00000   376.00000   -0.11975   -1.09639
24.00000   376.00000   -0.70972   -0.87767
40.00000   376.00000   -0.68120   -0.75351
56.00000   376.00000   -0.36215   -0.93691
72.00000   376.00000   -0.12030   -0.80185
88.00000   376.00000   -0.11334   -0.77734
8.00000   392.00000   -0.38929   -0.88172
24.00000   392.00000   -0.01556   -0.92291
40.00000   392.00000   -0.77823   -0.87923
56.00000   392.00000   -0.35486   -1.12771
72.00000   392.00000   -0.15588   -0.82843
88.00000   392.00000   -0.05889   -0.93350
8.00000   408.00000   -0.57573   -1.07503
24.00000   408.00000   -0.39836   -0.98415
40.00000   408.00000   -0.60406   -0.84869
56.00000   408.00000   -0.15462   -0.88688
72.00000   408.00000   -0.19202   -0.99915
88.00000   408.00000   -0.09219   -0.91819
8.00000   424.00000   -0.37001   -1.09566
24.00000   424.00000   -0.48099   -1.06876
40.00000   424.00000   -0.75266   -0.91677
56.00000   424.00000   -0.56631   -1.38512
72.00000   424.00000   -0.20132   -1.09981
88.00000   424.00000   -0.14270   -1.01007
8.00000   440.00000   -0.12358   -1.05552
24.00000   440.00000   -0.28686   -0.99912
40.00000   440.00000   -0.27323   -1.21980
56.00000   440.00000   -0.37442   -1.27619
72.00000   440.00000   -0.43547   -1.21811
88.00000   440.00000   -0.06799   -1.01079
8.00000   456.00000   -0.73618   -0.97346
24.00000   456.00000   -0.08838   -1.10079
40.00000   456.00000   -0.83931   -1.16539
56.00000   456.00000   -0.32253   -1.18914
72.00000   456.00000   -0.36948   -1.17653
88.00000   456.00000   -0.17453   -1.01072
8.00000   472.00000   -0.71369   -1.11719
24.00000   472.00000   -0.81448   -1.10656
40.00000   472.00000   -0.64067   -1.20649
56.00000   472.00000   -0.55502   -1.23780
72.00000   472.00000   -0.47856   -1.17633
88.00000   472.00000   -0.07790   -0.96388
8.00000   488.00000   -0.17130   -1.02412
24.00000   488.00000   -0.59362   -1.21440
40.00000   488.00000   -0.03333   -1.09076
56.00000   488.00000   -0.53882   -1.19009
72.00000   488.00000   -0.35735   -1.19009
88.00000   488.00000   -0.14931   -1.01639
8.00000   504.00000   -0.32688   -1.09307
24.00000   504.00000   -0.62620   -1.01077
40.00000   504.00000   -0.63217   -1.24034
56.00000   504.00000   -0.39754   -1.18027
72.00000   504.00000   -0.41263   -1.13683
88.00000   504.00000   -0.21252   -1.11442
8.00000   520.00000   -0.72909   -1.14831
24.00000   520.00000   -0.59476   -1.11368
40.00000   520.00000   -0.26998   -1.16332
56.00000   520.00000   -0.33702   -1.15204
72.00000   520.00000   -0.72337   -1.11549
88.00000   520.00000   -0.27093   -1.22626
8.00000   536.00000   -0.38453   -0.86809
24.00000   536.00000   0.02258   -1.06957
40.00000   536.00000   -0.28056   -1.00427
56.00000   536.00000   -0.15410   -1.25429
72.00000   536.00000   -0.56850   -1.53480
88.00000   536.00000   -0.46983   -1.23776
