# image 56 and 57 x,y,u,v
8.00000   8.00000   -0.48011   -0.90428
24.00000   8.00000   -0.38997   -0.97630
40.00000   8.00000   0.08042   -1.08657
56.00000   8.00000   0.13282   -0.94901
72.00000   8.00000   -0.12296   -0.94556
88.00000   8.00000   0.16009   -0.94931
8.00000   24.00000   -0.46130   -0.97054
24.00000   24.00000   -0.34360   -1.03517
40.00000   24.00000   0.05316   -1.06324
56.00000   24.00000   -0.13947   -1.00889
72.00000   24.00000   -0.21381   -1.04642
88.00000   24.00000   -0.36120   -0.96633
8.00000   40.00000   -0.39434   -1.03768
24.00000   40.00000   -0.22936   -1.04323
40.00000   40.00000   -0.17173   -1.08490
56.00000   40.00000   -0.15192   -1.05410
72.00000   40.00000   -0.28679   -1.07474
88.00000   40.00000   -0.17675   -0.93415
8.00000   56.00000   -0.29885   -1.03840
24.00000   56.00000   -0.14475   -1.01043
40.00000   56.00000   0.02570   -1.08306
56.00000   56.00000   -0.02307   -0.96675
72.00000   56.00000   -0.15274   -0.99776
88.00000   56.00000   -0.17671   -0.92626
8.00000   72.00000   -0.27594   -0.94664
24.00000   72.00000   -0.02167   -1.10266
40.00000   72.00000   0.01119   -1.09994
56.00000   72.00000   -0.08081   -0.95687
72.00000   72.00000   -0.00259   -1.01205
88.00000   72.00000   0.01052   -0.86726
8.00000   88.00000   -0.20764   -0.98051
24.00000   88.00000   0.18651   -0.96442
40.00000   88.00000   -0.03165   -1.06712
56.00000   88.00000   -0.23112   -1.05699
72.00000   88.00000   -0.09735   -1.05031
88.00000   88.00000   0.13346   -0.95353
8.00000   104.00000   -0.23116   -1.08119
24.00000   104.00000   -0.09040   -0.95482
40.00000   104.00000   0.11338   -1.06532
56.00000   104.00000   -0.24468   -1.07638
72.00000   104.00000   -0.14090   -0.97709
88.00000   104.00000   -0.10692   -0.91402
8.00000   120.00000   -0.09128   -0.95570
24.00000   120.00000   0.01356   -1.03094
40.00000   120.00000   -0.04784   -1.14856
56.00000   120.00000   -0.30311   -1.10785
72.00000   120.00000   -0.18263   -1.14244
88.00000   120.00000   -0.21873   -0.97581
8.00000   136.00000   0.04749   -1.10804
24.00000   136.00000   -0.15104   -0.94562
40.00000   136.00000   -0.04400   -1.09345
56.00000   136.00000   0.04743   -1.02387
72.00000   136.00000   -0.13021   -1.11691
88.00000   136.00000   -0.15317   -1.04128
8.00000   152.00000   0.06877   -0.95536
24.00000   152.00000   0.06868   -0.99173
40.00000   152.00000   0.14912   -1.15563
56.00000   152.00000   -0.07431   -0.99295
72.00000   152.00000   -0.14980   -1.02530
88.00000   152.00000   -0.21652   -1.06494
8.00000   168.00000   0.16936   -0.99707
24.00000   168.00000   -0.37544   -1.10331
40.00000   168.00000   0.03032   -1.06844
56.00000   168.00000   0.14648   -1.05542
72.00000   168.00000   0.03629   -1.19632
88.00000   168.00000   -0.04992   -0.91072
8.00000   184.00000   0.11720   -0.85925
24.00000   184.00000   0.00839   -0.98426
40.00000   184.00000   0.07899   -1.17126
56.00000   184.00000   -0.00655   -1.04600
72.00000   184.00000   0.02484   -1.03179
88.00000   184.00000   0.03085   -1.06231
8.00000   200.00000   -0.24669   -0.94393
24.00000   200.00000   -0.16632   -0.99870
40.00000   200.00000   -0.03548   -0.80833
56.00000   200.00000   0.06668   -1.17867
72.00000   200.00000   0.00229   -1.04044
88.00000   200.00000   -0.11786   -0.96105
8.00000   216.00000   -0.15259   -0.82534
24.00000   216.00000   0.04785   -1.06459
40.00000   216.00000   0.08293   -1.13715
56.00000   216.00000   0.13927   -0.83104
72.00000   216.00000   0.01422   -0.99891
88.00000   216.00000   0.01367   -1.07438
8.00000   232.00000   -0.23857   -0.98289
24.00000   232.00000   -0.08843   -0.86899
40.00000   232.00000   -0.15362   -1.04226
56.00000   232.00000   0.13927   -0.87448
72.00000   232.00000   -0.02197   -1.03900
88.00000   232.00000   -0.03885   -0.97202
8.00000   248.00000   -0.27965   -1.06701
24.00000   248.00000   0.11016   -1.02536
40.00000   248.00000   0.15575   -1.03439
56.00000   248.00000   0.13397   -0.93478
72.00000   248.00000   -0.35583   -1.12497
88.00000   248.00000   -0.38621   -0.82775
8.00000   264.00000   0.06946   -1.12879
24.00000   264.00000   -0.20110   -1.00189
40.00000   264.00000   -0.09225   -1.01809
56.00000   264.00000   0.07410   -1.08653
72.00000   264.00000   -0.24266   -0.87773
88.00000   264.00000   -0.23927   -0.93105
8.00000   280.00000   0.08221   -1.00444
24.00000   280.00000   -0.01405   -1.05030
40.00000   280.00000   0.08052   -1.17131
56.00000   280.00000   -0.19114   -1.15808
72.00000   280.00000   -0.11842   -1.08707
88.00000   280.00000   0.07012   -0.91061
8.00000   296.00000   -0.05969   -1.05461
24.00000   296.00000   -0.18215   -1.07908
40.00000   296.00000   -0.13444   -0.83558
56.00000   296.00000   0.18730   -0.91770
72.00000   296.00000   -0.13254   -1.02199
88.00000   296.00000   -0.06356   -1.05185
8.00000   312.00000   -0.12094   -1.00504
24.00000   312.00000   0.10917   -1.01777
40.00000   312.00000   -0.16465   -1.05354
56.00000   312.00000   -0.18866   -1.08165
72.00000   312.00000   0.20415   -0.97353
88.00000   312.00000   0.09518   -0.96306
8.00000   328.00000   -0.05097   -1.05778
24.00000   328.00000   -0.36151   -0.74332
40.00000   328.00000   -0.61450   -0.97510
56.00000   328.00000   -0.22064   -1.03988
72.00000   328.00000   -0.10468   -0.77362
88.00000   328.00000   0.14249   -0.91396
8.00000   344.00000   0.03756   -1.12074
24.00000   344.00000   -0.22776   -0.97679
40.00000   344.00000   -0.68111   -0.97672
56.00000   344.00000   -0.06494   -0.87190
72.00000   344.00000   -0.17925   -1.03758
88.00000   344.00000   0.15884   -0.96399
8.00000   360.00000   -0.24378   -1.00271
24.00000   360.00000   -0.04648   -0.83478
40.00000   360.00000   -0.66541   -0.82369
56.00000   360.00000   -0.61890   -0.91618
72.00000   360.00000   -0.11332   -1.05871
88.00000   360.00000   0.04217   -0.78115
8.00000   376.00000   -0.02788   -1.10836
24.00000   376.00000   -0.42036   -0.90706
40.00000   376.00000   -0.73723   -1.02938
56.00000   376.00000   -0.35605   -0.93180
72.00000   376.00000   -0.16210   -0.76891
88.00000   376.00000   0.03501   -0.88154
8.00000   392.00000   -0.16120   -1.05859
24.00000   392.00000   -0.25892   -0.97135
40.00000   392.00000   -0.63476   -1.05223
56.00000   392.00000   -0.29295   -0.90219
72.00000   392.00000   -0.06048   -0.96247
88.00000   392.00000   0.15144   -1.06317
8.00000   408.00000   -0.22143   -1.04982
24.00000   408.00000   -0.46289   -0.98941
40.00000   408.00000   -0.66547   -0.91822
56.00000   408.00000   -0.64631   -1.00782
72.00000   408.00000   -0.26196   -0.97628
88.00000   408.00000   -0.08405   -1.02601
8.00000   424.00000   0.08307   -1.01367
24.00000   424.00000   -0.43440   -1.18762
40.00000   424.00000   -0.72351   -1.14368
56.00000   424.00000   -0.44983   -1.19549
72.00000   424.00000   -0.16358   -1.10413
88.00000   424.00000   -0.20430   -1.01208
8.00000   440.00000   -0.42735   -0.95248
24.00000   440.00000   -0.55885   -1.06899
40.00000   440.00000   -0.67708   -1.04543
56.00000   440.00000   -0.10368   -1.05773
72.00000   440.00000   -0.08732   -1.06216
88.00000   440.00000   -0.03167   -1.11926
8.00000   456.00000   -0.73967   -1.13945
24.00000   456.00000   -0.18431   -1.04562
40.00000   456.00000   -0.50299   -0.97827
56.00000   456.00000   0.04150   -1.12389
72.00000   456.00000   -0.21144   -1.15661
88.00000   456.00000   -0.19708   -1.06675
8.00000   472.00000   -0.40736   -1.02475
24.00000   472.00000   -0.72803   -1.02847
40.00000   472.00000   -0.27559   -1.14911
56.00000   472.00000   -0.52846   -1.12158
72.00000   472.00000   -0.55332   -1.14973
88.00000   472.00000   -0.07142   -1.00199
8.00000   488.00000   -0.55250   -1.14408
24.00000   488.00000   -0.49630   -1.21622
40.00000   488.00000   -0.56299   -1.11063
56.00000   488.00000   -0.55499   -1.08567
72.00000   488.00000   -0.21553   -1.05093
88.00000   488.00000   -0.17117   -1.14882
8.00000   504.00000   -0.68726   -1.16828
24.00000   504.00000   -0.58251   -1.09336
40.00000   504.00000   -0.64350   -1.10916
56.00000   504.00000   -0.54292   -1.24446
72.00000   504.00000   -0.51394   -1.01796
88.00000   504.00000   -0.02460   -1.19281
8.00000   520.00000   -0.67626   -0.98825
24.00000   520.00000   -0.12693   -1.09136
40.00000   520.00000   -0.23625   -1.18230
56.00000   520.00000   -0.74486   -1.19289
72.00000   520.00000   -0.50838   -1.03199
88.00000   520.00000   -0.06004   -1.29919
8.00000   536.00000   -0.74426   -1.20149
24.00000   536.00000   -0.31720   -1.24415
40.00000   536.00000   -0.13626   -1.33758
56.00000   536.00000   -0.56433   -1.53603
72.00000   536.00000   -0.31663   -1.30888
88.00000   536.00000   -0.25113   -1.30294
