# image 48 and 49 x,y,u,v
8.00000   8.00000   -0.57254   -1.09386
24.00000   8.00000   -0.19624   -1.07977
40.00000   8.00000   0.14082   -0.98254
56.00000   8.00000   -0.23158   -1.08256
72.00000   8.00000   0.09129   -1.04829
88.00000   8.00000   -0.01595   -1.06655
8.00000   24.00000   -0.37013   -0.99352
24.00000   24.00000   -0.28188   -1.06913
40.00000   24.00000   0.06973   -0.91027
56.00000   24.00000   -0.20955   -0.98599
72.00000   24.00000   -0.03903   -1.12203
88.00000   24.00000   -0.08223   -0.96515
8.00000   40.00000   -0.54633   -1.06352
24.00000   40.00000   -0.27318   -1.11180
40.00000   40.00000   -0.19339   -1.04174
56.00000   40.00000   -0.00910   -1.00129
72.00000   40.00000   -0.27926   -0.93149
88.00000   40.00000   -0.40534   -1.08900
8.00000   56.00000   -0.19958   -1.25247
24.00000   56.00000   -0.28523   -1.10550
40.00000   56.00000   0.06319   -1.19228
56.00000   56.00000   -0.11821   -1.08656
72.00000   56.00000   -0.05390   -1.00878
88.00000   56.00000   -0.20778   -0.97795
8.00000   72.00000   -0.41859   -1.13475
24.00000   72.00000   0.05069   -0.84961
40.00000   72.00000   -0.22909   -1.06413
56.00000   72.00000   0.19450   -0.85748
72.00000   72.00000   -0.15910   -0.99884
88.00000   72.00000   0.13841   -1.01114
8.00000   88.00000   -0.27043   -1.06358
24.00000   88.00000   0.00591   -0.90662
40.00000   88.00000   -0.06499   -1.00830
56.00000   88.00000   -0.14187   -1.03463
72.00000   88.00000   0.00569   -0.88594
88.00000   88.00000   0.09166   -0.97188
8.00000   104.00000   0.01435   -0.93805
24.00000   104.00000   -0.02074   -0.96637
40.00000   104.00000   -0.14404   -1.09066
56.00000   104.00000   -0.17721   -1.07288
72.00000   104.00000   -0.17084   -1.02044
88.00000   104.00000   -0.08197   -1.02535
8.00000   120.00000   -0.20749   -1.01741
24.00000   120.00000   0.10614   -1.15661
40.00000   120.00000   0.05448   -1.06365
56.00000   120.00000   -0.37928   -1.14846
72.00000   120.00000   -0.05364   -1.18326
88.00000   120.00000   -0.33952   -0.92568
8.00000   136.00000   0.00006   -1.08425
24.00000   136.00000   0.31730   -1.08550
40.00000   136.00000   -0.07415   -1.07772
56.00000   136.00000   -0.08877   -1.21010
72.00000   136.00000   0.02576   -1.08485
88.00000   136.00000   -0.15459   -1.10983
8.00000   152.00000   -0.29176   -1.06019
24.00000   152.00000   -0.12007   -0.94371
40.00000   152.00000   0.04736   -0.98187
56.00000   152.00000   0.02575   -0.99216
72.00000   152.00000   -0.25656   -1.15733
88.00000   152.00000   -0.00823   -1.00529
8.00000   168.00000   0.40280   -0.91109
24.00000   168.00000   -0.32269   -0.91420
40.00000   168.00000   0.06003   -0.93857
56.00000   168.00000   -0.15641   -0.95350
72.00000   168.00000   0.18095   -1.17848
88.00000   168.00000   -0.10396   -1.14818
8.00000   184.00000   -0.24766   -0.97444
24.00000   184.00000   -0.19695   -0.88819
40.00000   184.00000   -0.04771   -1.01178
56.00000   184.00000   0.12387   -1.13440
72.00000   184.00000   -0.11766   -0.99551
88.00000   184.00000   0.03771   -1.11046
8.00000   200.00000   0.07689   -0.91724
24.00000   200.00000   0.00677   -0.98297
40.00000   200.00000   0.13854   -0.84865
56.00000   200.00000   0.02504   -0.90334
72.00000   200.00000   0.08638   -1.04053
88.00000   200.00000   -0.14782   -1.10508
8.00000   216.00000   -0.37709   -0.91724
24.00000   216.00000   -0.16933   -1.07301
40.00000   216.00000   -0.07209   -0.91275
56.00000   216.00000   0.08641   -0.91870
72.00000   216.00000   0.07794   -0.99539
88.00000   216.00000   -0.03937   -1.02930
8.00000   232.00000   0.07814   -1.08336
24.00000   232.00000   -0.10321   -1.04457
40.00000   232.00000   -0.11049   -1.10199
56.00000   232.00000   0.08641   -1.05568
72.00000   232.00000   -0.21615   -1.03459
88.00000   232.00000   -0.17138   -0.99848
8.00000   248.00000   -0.22780   -1.13513
24.00000   248.00000   -0.11894   -0.95651
40.00000   248.00000   0.24203   -0.91136
56.00000   248.00000   -0.04518   -0.98355
72.00000   248.00000   -0.43995   -0.97220
88.00000   248.00000   -0.25317   -0.83298
8.00000   264.00000   -0.15285   -1.04315
24.00000   264.00000   0.42262   -1.04315
40.00000   264.00000   -0.04525   -1.01574
56.00000   264.00000   0.16788   -0.88646
72.00000   264.00000   -0.24384   -0.83919
88.00000   264.00000   -0.23356   -0.85332
8.00000   280.00000   -0.09935   -1.03338
24.00000   280.00000   -0.28523   -1.03738
40.00000   280.00000   -0.13590   -1.02546
56.00000   280.00000   -0.02133   -1.05039
72.00000   280.00000   -0.31353   -0.87116
88.00000   280.00000   0.02257   -0.92228
8.00000   296.00000   -0.07109   -1.04153
24.00000   296.00000   0.12029   -1.09978
40.00000   296.00000   -0.07506   -0.94119
56.00000   296.00000   -0.04602   -1.03023
72.00000   296.00000   -0.29281   -0.90369
88.00000   296.00000   -0.05688   -1.01568
8.00000   312.00000   -0.00724   -0.99139
24.00000   312.00000   -0.22073   -1.09771
40.00000   312.00000   -0.12281   -1.15309
56.00000   312.00000   -0.45234   -0.96024
72.00000   312.00000   -0.06568   -0.92525
88.00000   312.00000   -0.10047   -0.89077
8.00000   328.00000   -0.04271   -0.88343
24.00000   328.00000   -0.32705   -0.96555
40.00000   328.00000   -0.53398   -1.00235
56.00000   328.00000   -0.30021   -0.79431
72.00000   328.00000   -0.27689   -0.93834
88.00000   328.00000   0.05750   -0.82648
8.00000   344.00000   -0.12989   -1.04559
24.00000   344.00000   -0.37177   -1.03972
40.00000   344.00000   -0.47403   -1.03251
56.00000   344.00000   -0.23724   -0.88901
72.00000   344.00000   -0.12229   -1.01518
88.00000   344.00000   -0.03757   -0.82687
8.00000   360.00000   0.04222   -0.85781
24.00000   360.00000   -0.39761   -0.89755
40.00000   360.00000   -0.44555   -0.79347
56.00000   360.00000   -0.57042   -0.89617
72.00000   360.00000   -0.30392   -0.77952
88.00000   360.00000   0.01277   -0.94434
8.00000   376.00000   -0.05553   -0.89435
24.00000   376.00000   -0.49854   -0.87186
40.00000   376.00000   -0.86522   -1.07156
56.00000   376.00000   -0.67806   -0.85717
72.00000   376.00000   -0.07484   -0.80556
88.00000   376.00000   -0.07059   -0.82996
8.00000   392.00000   -0.02630   -0.98027
24.00000   392.00000   -0.73626   -0.92163
40.00000   392.00000   -0.72078   -0.85215
56.00000   392.00000   -0.55054   -0.90730
72.00000   392.00000   -0.16564   -0.95039
88.00000   392.00000   -0.02693   -0.91987
8.00000   408.00000   -0.27641   -0.93823
24.00000   408.00000   -0.51902   -1.05969
40.00000   408.00000   -0.62881   -1.06387
56.00000   408.00000   0.01085   -0.99838
72.00000   408.00000   -0.31239   -1.04000
88.00000   408.00000   0.00368   -1.07310
8.00000   424.00000   -0.23209   -1.15003
24.00000   424.00000   -0.27864   -0.99924
40.00000   424.00000   -0.73621   -1.17293
56.00000   424.00000   -0.51571   -1.19403
72.00000   424.00000   -0.09065   -1.07984
88.00000   424.00000   -0.14103   -0.92978
8.00000   440.00000   -0.37056   -0.97806
24.00000   440.00000   -0.63733   -1.00533
40.00000   440.00000   -0.31813   -1.12753
56.00000   440.00000   -0.58048   -1.29673
72.00000   440.00000   -0.18839   -1.13579
88.00000   440.00000   0.20810   -1.10673
8.00000   456.00000   -0.85439   -1.06352
24.00000   456.00000   0.03827   -1.10236
40.00000   456.00000   -0.57651   -1.14159
56.00000   456.00000   -0.01092   -1.11233
72.00000   456.00000   -0.11534   -1.02861
88.00000   456.00000   -0.16576   -1.01189
8.00000   472.00000   -0.65536   -1.06732
24.00000   472.00000   -0.38608   -1.10638
40.00000   472.00000   -0.50276   -1.05403
56.00000   472.00000   -0.23027   -1.20281
72.00000   472.00000   -0.62956   -0.96728
88.00000   472.00000   -0.04650   -1.24334
8.00000   488.00000   -0.31321   -1.23753
24.00000   488.00000   -0.42734   -1.08193
40.00000   488.00000   -0.59150   -1.19470
56.00000   488.00000   -0.55995   -1.02014
72.00000   488.00000   -0.27967   -0.99042
88.00000   488.00000   -0.49154   -1.07488
8.00000   504.00000   -0.23681   -1.04301
24.00000   504.00000   -0.18968   -1.05269
40.00000   504.00000   -0.66338   -1.14967
56.00000   504.00000   -0.69270   -1.13618
72.00000   504.00000   -0.46835   -1.11098
88.00000   504.00000   -0.16988   -1.20010
8.00000   520.00000   -0.57809   -1.03276
24.00000   520.00000   -0.52696   -1.10585
40.00000   520.00000   -0.57203   -1.10701
56.00000   520.00000   -0.44665   -1.17193
72.00000   520.00000   -0.41461   -1.23376
88.00000   520.00000   -0.07465   -1.29837
8.00000   536.00000   -0.78607   -1.07633
24.00000   536.00000   -0.27548   -1.17723
40.00000   536.00000   -0.01364   -1.17404
56.00000   536.00000   -0.45482   -1.41879
72.00000   536.00000   -0.38409   -1.30948
88.00000   536.00000   -0.26367   -1.23413
