# image 12 and 13 x,y,u,v
8.00000   8.00000   -0.66177   -1.01450
24.00000   8.00000   -0.10908   -1.19264
40.00000   8.00000   -0.09532   -1.15239
56.00000   8.00000   -0.15213   -1.12683
72.00000   8.00000   0.03404   -0.99819
88.00000   8.00000   -0.04089   -0.96616
8.00000   24.00000   -0.30292   -0.92791
24.00000   24.00000   -0.18153   -1.06102
40.00000   24.00000   0.03640   -0.97196
56.00000   24.00000   -0.05757   -0.94756
72.00000   24.00000   -0.22271   -1.06460
88.00000   24.00000   0.12124   -0.94108
8.00000   40.00000   -0.46083   -0.99897
24.00000   40.00000   0.02890   -1.10973
40.00000   40.00000   -0.07676   -1.08208
56.00000   40.00000   -0.23208   -1.12588
72.00000   40.00000   -0.33094   -1.01700
88.00000   40.00000   -0.30579   -0.92365
8.00000   56.00000   -0.55023   -0.87254
24.00000   56.00000   -0.29517   -1.14736
40.00000   56.00000   0.08314   -0.84801
56.00000   56.00000   -0.16913   -1.07851
72.00000   56.00000   -0.23160   -0.92374
88.00000   56.00000   -0.38436   -0.97358
8.00000   72.00000   -0.52310   -0.97295
24.00000   72.00000   -0.15976   -1.03407
40.00000   72.00000   0.07614   -1.05277
56.00000   72.00000   -0.01190   -1.02615
72.00000   72.00000   -0.01131   -0.92920
88.00000   72.00000   -0.08088   -0.90659
8.00000   88.00000   -0.30355   -0.87084
24.00000   88.00000   -0.24369   -0.85687
40.00000   88.00000   -0.12135   -0.91563
56.00000   88.00000   -0.02015   -1.04456
72.00000   88.00000   -0.10650   -0.99347
88.00000   88.00000   -0.01699   -1.07551
8.00000   104.00000   -0.63892   -0.98793
24.00000   104.00000   -0.13821   -1.03719
40.00000   104.00000   -0.13771   -1.08525
56.00000   104.00000   0.04347   -1.08032
72.00000   104.00000   0.05031   -0.96643
88.00000   104.00000   -0.11429   -1.00189
8.00000   120.00000   -0.18655   -1.08706
24.00000   120.00000   -0.05857   -1.20997
40.00000   120.00000   -0.32327   -1.05759
56.00000   120.00000   -0.03382   -1.06432
72.00000   120.00000   -0.14013   -0.97811
88.00000   120.00000   -0.02868   -1.02849
8.00000   136.00000   -0.19552   -1.21333
24.00000   136.00000   0.34790   -1.04430
40.00000   136.00000   -0.13943   -1.10239
56.00000   136.00000   -0.22298   -0.95743
72.00000   136.00000   -0.20145   -0.90493
88.00000   136.00000   -0.11027   -0.96396
8.00000   152.00000   -0.12070   -1.04178
24.00000   152.00000   -0.18631   -1.02182
40.00000   152.00000   -0.29587   -1.01704
56.00000   152.00000   -0.15469   -1.00431
72.00000   152.00000   -0.07904   -1.05941
88.00000   152.00000   0.02354   -1.01888
8.00000   168.00000   -0.31866   -1.01225
24.00000   168.00000   -0.24627   -0.95388
40.00000   168.00000   -0.00170   -0.87529
56.00000   168.00000   -0.21720   -1.02857
72.00000   168.00000   -0.05572   -1.01793
88.00000   168.00000   -0.08770   -1.11849
8.00000   184.00000   -0.20201   -0.99515
24.00000   184.00000   -0.25431   -1.09017
40.00000   184.00000   -0.21547   -1.06487
56.00000   184.00000   -0.01500   -0.88546
72.00000   184.00000   -0.06955   -1.18388
88.00000   184.00000   -0.13951   -1.01826
8.00000   200.00000   -0.07053   -1.09833
24.00000   200.00000   0.35453   -1.11354
40.00000   200.00000   -0.05375   -1.20247
56.00000   200.00000   -0.12996   -1.02796
72.00000   200.00000   -0.28820   -1.10009
88.00000   200.00000   -0.23019   -0.95320
8.00000   216.00000   -0.03262   -0.95804
24.00000   216.00000   0.06558   -0.98915
40.00000   216.00000   0.09775   -0.95719
56.00000   216.00000   0.08116   -0.92937
72.00000   216.00000   -0.12802   -0.98566
88.00000   216.00000   -0.14018   -1.14593
8.00000   232.00000   -0.12563   -0.98943
24.00000   232.00000   -0.00564   -0.73761
40.00000   232.00000   -0.45994   -0.97857
56.00000   232.00000   0.01057   -1.11033
72.00000   232.00000   0.02058   -1.05254
88.00000   232.00000   -0.10619   -0.94586
8.00000   248.00000   -0.10233   -0.85704
24.00000   248.00000   0.06057   -0.91088
40.00000   248.00000   0.08662   -0.91475
56.00000   248.00000   0.43050   -0.86923
72.00000   248.00000   -0.38118   -1.02177
88.00000   248.00000   -0.36167   -0.97776
8.00000   264.00000   -0.07395   -1.00196
24.00000   264.00000   0.26427   -0.94885
40.00000   264.00000   -0.06668   -0.81354
56.00000   264.00000   0.02776   -1.00466
72.00000   264.00000   -0.49073   -0.93583
88.00000   264.00000   -0.12906   -1.00244
8.00000   280.00000   -0.04217   -1.22284
24.00000   280.00000   -0.09732   -1.23041
40.00000   280.00000   -0.14548   -0.87591
56.00000   280.00000   0.08095   -0.90283
72.00000   280.00000   -0.27238   -0.74724
88.00000   280.00000   -0.50381   -0.88802
8.00000   296.00000   0.08858   -1.05414
24.00000   296.00000   -0.02363   -1.09509
40.00000   296.00000   -0.01268   -0.83356
56.00000   296.00000   -0.09767   -0.71809
72.00000   296.00000   -0.11275   -0.73962
88.00000   296.00000   -0.21521   -1.01649
8.00000   312.00000   -0.14054   -1.09660
24.00000   312.00000   0.03877   -0.98754
40.00000   312.00000   -0.29195   -1.00189
56.00000   312.00000   -0.12387   -0.98532
72.00000   312.00000   -0.07871   -0.82457
88.00000   312.00000   0.11297   -1.06920
8.00000   328.00000   -0.01669   -0.97046
24.00000   328.00000   -0.32842   -0.89906
40.00000   328.00000   -0.62172   -0.97253
56.00000   328.00000   -0.44096   -0.99994
72.00000   328.00000   -0.26754   -0.99375
88.00000   328.00000   0.07732   -0.76273
8.00000   344.00000   -0.08618   -0.97334
24.00000   344.00000   -0.12382   -0.99617
40.00000   344.00000   -0.65514   -0.91308
56.00000   344.00000   -0.55999   -0.74389
72.00000   344.00000   -0.10427   -1.05061
88.00000   344.00000   -0.07830   -0.80296
8.00000   360.00000   0.01641   -0.97259
24.00000   360.00000   0.02121   -0.90449
40.00000   360.00000   -0.27493   -0.89289
56.00000   360.00000   -0.57744   -0.93464
72.00000   360.00000   -0.34617   -0.96720
88.00000   360.00000   0.08289   -0.77613
8.00000   376.00000   -0.14545   -1.19356
24.00000   376.00000   -0.77695   -1.06032
40.00000   376.00000   -0.37140   -0.78863
56.00000   376.00000   -0.68054   -0.88562
72.00000   376.00000   -0.28569   -0.77215
88.00000   376.00000   -0.11099   -0.85292
8.00000   392.00000   -0.23659   -1.04727
24.00000   392.00000   -0.61371   -0.97949
40.00000   392.00000   -0.76980   -0.94417
56.00000   392.00000   -0.63434   -0.92199
72.00000   392.00000   -0.17154   -1.08615
88.00000   392.00000   -0.06932   -0.96917
8.00000   408.00000   -0.19914   -0.96421
24.00000   408.00000   -0.70824   -1.00961
40.00000   408.00000   -0.76156   -1.11596
56.00000   408.00000   -0.24126   -1.11485
72.00000   408.00000   -0.22446   -1.24377
88.00000   408.00000   -0.07829   -1.20828
8.00000   424.00000   -0.21614   -0.90574
24.00000   424.00000   -0.53732   -0.94900
40.00000   424.00000   -0.74588   -1.03760
56.00000   424.00000   -0.16092   -0.90906
72.00000   424.00000   -0.26948   -1.09824
88.00000   424.00000   -0.14548   -1.10088
8.00000   440.00000   -0.33054   -1.03981
24.00000   440.00000   -0.72673   -0.96616
40.00000   440.00000   -0.47240   -1.02790
56.00000   440.00000   -0.07406   -1.08317
72.00000   440.00000   -0.39415   -0.90610
88.00000   440.00000   -0.12028   -1.08321
8.00000   456.00000   -0.73180   -0.92673
24.00000   456.00000   -0.27271   -1.10026
40.00000   456.00000   -0.67115   -1.07819
56.00000   456.00000   -0.21691   -1.03023
72.00000   456.00000   -0.04110   -1.14304
88.00000   456.00000   -0.09423   -1.13568
8.00000   472.00000   -0.46096   -0.98559
24.00000   472.00000   -0.41837   -1.11177
40.00000   472.00000   -0.50158   -1.10883
56.00000   472.00000   -0.23440   -1.13287
72.00000   472.00000   -0.43235   -0.91189
88.00000   472.00000   -0.16483   -1.03499
8.00000   488.00000   0.50071   -1.30886
24.00000   488.00000   0.00478   -1.00840
40.00000   488.00000   -0.36425   -1.03658
56.00000   488.00000   -0.34937   -1.24081
72.00000   488.00000   -0.29054   -1.13592
88.00000   488.00000   -0.28927   -0.99542
8.00000   504.00000   -0.72803   -1.12384
24.00000   504.00000   -0.61186   -1.21655
40.00000   504.00000   -0.56058   -1.13933
56.00000   504.00000   -0.42350   -1.26840
72.00000   504.00000   -0.07380   -1.23937
88.00000   504.00000   -0.18274   -1.13778
8.00000   520.00000   -0.70054   -1.00320
24.00000   520.00000   -0.40070   -1.23666
40.00000   520.00000   -0.50618   -1.27147
56.00000   520.00000   -0.20137   -1.15397
72.00000   520.00000   -0.27663   -1.16602
88.00000   520.00000   -0.24384   -1.11262
8.00000   536.00000   -0.42223   -0.85623
24.00000   536.00000   -0.42355   -1.03494
40.00000   536.00000   -0.15758   -1.11967
56.00000   536.00000   -0.44149   -1.20915
72.00000   536.00000   -0.45756   -1.20923
88.00000   536.00000   -0.32914   -1.15314
