# image 98 and 99 x,y,u,v
8.00000   8.00000   -0.46660   -1.05100
24.00000   8.00000   -0.27473   -1.03917
40.00000   8.00000   0.19427   -0.90872
56.00000   8.00000   0.27110   -0.92211
72.00000   8.00000   0.02531   -1.03636
88.00000   8.00000   0.05478   -0.81824
8.00000   24.00000   -0.31829   -1.11407
24.00000   24.00000   -0.19120   -1.07229
40.00000   24.00000   -0.13243   -1.09961
56.00000   24.00000   -0.08749   -1.01896
72.00000   24.00000   -0.19526   -0.96294
88.00000   24.00000   -0.18555   -1.09054
8.00000   40.00000   -0.29969   -0.99938
24.00000   40.00000   -0.14251   -0.99111
40.00000   40.00000   -0.27553   -1.06270
56.00000   40.00000   -0.28659   -0.94008
72.00000   40.00000   -0.12286   -0.93431
88.00000   40.00000   -0.18779   -0.86743
8.00000   56.00000   -0.46329   -1.01882
24.00000   56.00000   -0.13759   -1.05058
40.00000   56.00000   0.00233   -1.07031
56.00000   56.00000   -0.24639   -1.01196
72.00000   56.00000   0.01859   -0.96708
88.00000   56.00000   -0.03416   -0.90964
8.00000   72.00000   -0.48258   -0.94040
24.00000   72.00000   -0.10691   -1.13565
40.00000   72.00000   0.20751   -1.10257
56.00000   72.00000   -0.00132   -0.96096
72.00000   72.00000   -0.05054   -1.13944
88.00000   72.00000   -0.24714   -0.86097
8.00000   88.00000   -0.25542   -0.94100
24.00000   88.00000   -0.01031   -1.01540
40.00000   88.00000   0.51971   -1.03983
56.00000   88.00000   -0.01883   -1.07397
72.00000   88.00000   -0.27244   -1.01161
88.00000   88.00000   -0.21305   -1.12602
8.00000   104.00000   -0.05160   -1.01673
24.00000   104.00000   0.02117   -0.87081
40.00000   104.00000   0.16502   -1.03573
56.00000   104.00000   0.16010   -1.05891
72.00000   104.00000   -0.25869   -1.08074
88.00000   104.00000   -0.03069   -1.20280
8.00000   120.00000   -0.10435   -0.96686
24.00000   120.00000   0.32274   -1.11380
40.00000   120.00000   -0.19932   -1.10941
56.00000   120.00000   0.03822   -1.06157
72.00000   120.00000   -0.45714   -0.97767
88.00000   120.00000   -0.10639   -0.97699
8.00000   136.00000   -0.17772   -1.13043
24.00000   136.00000   -0.02885   -0.96713
40.00000   136.00000   0.15756   -1.00010
56.00000   136.00000   -0.00340   -0.90937
72.00000   136.00000   -0.17536   -1.12782
88.00000   136.00000   0.08313   -1.21033
8.00000   152.00000   -0.20352   -1.23166
24.00000   152.00000   -0.10272   -1.12647
40.00000   152.00000   0.01965   -1.05423
56.00000   152.00000   0.14062   -1.07265
72.00000   152.00000   -0.16105   -0.92939
88.00000   152.00000   -0.01059   -1.10534
8.00000   168.00000   -0.15116   -0.89139
24.00000   168.00000   -0.19161   -1.02505
40.00000   168.00000   -0.13411   -1.08703
56.00000   168.00000   0.08539   -0.94761
72.00000   168.00000   -0.10125   -1.03835
88.00000   168.00000   -0.12675   -1.03814
8.00000   184.00000   -0.08786   -0.98726
24.00000   184.00000   -0.24089   -1.04559
40.00000   184.00000   0.00866   -0.97868
56.00000   184.00000   -0.23700   -0.90732
72.00000   184.00000   0.08421   -1.14227
88.00000   184.00000   -0.03782   -1.15365
8.00000   200.00000   -0.50281   -0.93723
24.00000   200.00000   -0.46821   -1.06928
40.00000   200.00000   0.12961   -1.03742
56.00000   200.00000   0.18589   -1.19461
72.00000   200.00000   0.15002   -1.04269
88.00000   200.00000   -0.11940   -1.02772
8.00000   216.00000   -0.09285   -1.13233
24.00000   216.00000   -0.03647   -1.15744
40.00000   216.00000   0.06254   -1.05099
56.00000   216.00000   0.16881   -1.03412
72.00000   216.00000   -0.12746   -1.03244
88.00000   216.00000   -0.12900   -0.87625
8.00000   232.00000   -0.29188   -1.03238
24.00000   232.00000   -0.33464   -1.01668
40.00000   232.00000   -0.14794   -1.01659
56.00000   232.00000   0.09906   -0.98445
72.00000   232.00000   -0.09179   -0.93913
88.00000   232.00000   -0.20569   -0.87685
8.00000   248.00000   -0.16824   -1.17245
24.00000   248.00000   -0.01025   -1.11868
40.00000   248.00000   0.10995   -1.09369
56.00000   248.00000   -0.15461   -1.00271
72.00000   248.00000   -0.35473   -0.98366
88.00000   248.00000   -0.05044   -0.80060
8.00000   264.00000   -0.35952   -1.12111
24.00000   264.00000   -0.34061   -0.92963
40.00000   264.00000   -0.05344   -0.95398
56.00000   264.00000   -0.04203   -0.88127
72.00000   264.00000   -0.34686   -0.92413
88.00000   264.00000   0.08058   -0.98784
8.00000   280.00000   -0.19055   -0.95949
24.00000   280.00000   0.13730   -1.08139
40.00000   280.00000   0.05259   -1.13791
56.00000   280.00000   0.08736   -0.99782
72.00000   280.00000   -0.04118   -0.96933
88.00000   280.00000   -0.17890   -1.02547
8.00000   296.00000   -0.23157   -0.99524
24.00000   296.00000   -0.21214   -1.08761
40.00000   296.00000   -0.30941   -0.77233
56.00000   296.00000   -0.12735   -1.04067
72.00000   296.00000   -0.29565   -1.09474
88.00000   296.00000   0.03162   -0.99310
8.00000   312.00000   -0.03716   -1.04894
24.00000   312.00000   -0.27988   -1.11968
40.00000   312.00000   -0.21312   -1.12830
56.00000   312.00000   -0.00250   -0.94018
72.00000   312.00000   -0.15393   -1.04833
88.00000   312.00000   -0.03811   -1.04075
8.00000   328.00000   0.29253   -1.04510
24.00000   328.00000   -0.56924   -1.16793
40.00000   328.00000   -0.55560   -1.02851
56.00000   328.00000   -0.10104   -1.05554
72.00000   328.00000   -0.07251   -0.99195
88.00000   328.00000   -0.12316   -0.96896
8.00000   344.00000   0.00587   -0.97106
24.00000   344.00000   -0.56709   -1.01922
40.00000   344.00000   -0.54295   -0.93856
56.00000   344.00000   0.16326   -1.11538
72.00000   344.00000   -0.37423   -0.97588
88.00000   344.00000   -0.04852   -0.98969
8.00000   360.00000   -0.19367   -0.99576
24.00000   360.00000   -0.53279   -1.07621
40.00000   360.00000   -0.70398   -0.90666
56.00000   360.00000   -0.16464   -0.97033
72.00000   360.00000   -0.38639   -0.89923
88.00000   360.00000   0.04715   -0.85665
8.00000   376.00000   -0.51304   -0.92415
24.00000   376.00000   -0.45186   -0.87266
40.00000   376.00000   -0.76129   -0.88649
56.00000   376.00000   -0.51027   -1.05295
72.00000   376.00000   -0.12524   -0.80026
88.00000   376.00000   -0.10882   -0.92359
8.00000   392.00000   -0.29006   -0.89847
24.00000   392.00000   -0.31988   -0.76483
40.00000   392.00000   -0.64832   -0.88204
56.00000   392.00000   -0.28817   -0.91773
72.00000   392.00000   -0.05024   -0.84134
88.00000   392.00000   -0.18563   -0.86136
8.00000   408.00000   -0.66471   -1.02050
24.00000   408.00000   -0.00771   -0.87088
40.00000   408.00000   -0.65814   -1.02360
56.00000   408.00000   -0.10876   -0.98396
72.00000   408.00000   -0.24922   -0.92584
88.00000   408.00000   0.00895   -1.03762
8.00000   424.00000   -0.04010   -0.95994
24.00000   424.00000   -0.78875   -1.05740
40.00000   424.00000   -0.58702   -1.06544
56.00000   424.00000   -0.30008   -1.00646
72.00000   424.00000   0.02937   -1.29195
88.00000   424.00000   -0.21188   -0.97003
8.00000   440.00000   -0.45044   -1.07970
24.00000   440.00000   -0.73450   -0.95840
40.00000   440.00000   -0.52510   -1.21066
56.00000   440.00000   -0.25057   -1.14941
72.00000   440.00000   -0.30704   -1.20787
88.00000   440.00000   -0.11385   -0.92752
8.00000   456.00000   -0.84293   -1.03603
24.00000   456.00000   -0.49269   -1.17259
40.00000   456.00000   -0.75007   -1.00522
56.00000   456.00000   0.21750   -1.05367
72.00000   456.00000   -0.15402   -1.07919
88.00000   456.00000   -0.09354   -1.18473
8.00000   472.00000   -0.65701   -1.10296
24.00000   472.00000   -0.79617   -1.01541
40.00000   472.00000   -0.58931   -1.14963
56.00000   472.00000   -0.72354   -1.16564
72.00000   472.00000   -0.52822   -1.14365
88.00000   472.00000   -0.14635   -1.07497
8.00000   488.00000   -0.04025   -1.24282
24.00000   488.00000   -0.31567   -1.11873
40.00000   488.00000   -0.48415   -1.30901
56.00000   488.00000   -0.58092   -1.10424
72.00000   488.00000   -0.61229   -1.17740
88.00000   488.00000   -0.40851   -1.03818
8.00000   504.00000   -0.75998   -1.17110
24.00000   504.00000   -0.63465   -1.06636
40.00000   504.00000   -0.58345   -1.14074
56.00000   504.00000   -0.33637   -1.11868
72.00000   504.00000   -0.48503   -1.21918
88.00000   504.00000   -0.24262   -1.19331
8.00000   520.00000   -0.63786   -1.00096
24.00000   520.00000   -0.38410   -1.08841
40.00000   520.00000   -0.55802   -1.25912
56.00000   520.00000   -0.40455   -1.20932
72.00000   520.00000   -0.58108   -1.17953
88.00000   520.00000   -0.14751   -1.25252
8.00000   536.00000   -0.61523   -1.02671
24.00000   536.00000   -0.20990   -1.03828
40.00000   536.00000   -0.35389   -1.26048
56.00000   536.00000   -0.27782   -1.26057
72.00000   536.00000   -0.24540   -1.09933
88.00000   536.00000   -0.09401   -1.12116
