# image 22 and 23 x,y,u,v
8.00000   8.00000   -0.43151   -1.01770
24.00000   8.00000   -0.16118   -0.99163
40.00000   8.00000   -0.09371   -1.20958
56.00000   8.00000   -0.05503   -1.21485
72.00000   8.00000   0.00847   -1.04949
88.00000   8.00000   -0.05272   -1.00076
8.00000   24.00000   -0.31171   -0.99792
24.00000   24.00000   -0.21803   -0.98761
40.00000   24.00000   0.07329   -1.21277
56.00000   24.00000   -0.02214   -0.96476
72.00000   24.00000   -0.19372   -0.98873
88.00000   24.00000   -0.03298   -1.04731
8.00000   40.00000   -0.51056   -1.08956
24.00000   40.00000   -0.36768   -1.08859
40.00000   40.00000   -0.06281   -1.04158
56.00000   40.00000   -0.07203   -1.01767
72.00000   40.00000   -0.08768   -0.91887
88.00000   40.00000   -0.27848   -1.01899
8.00000   56.00000   -0.47722   -1.12993
24.00000   56.00000   -0.25781   -1.09260
40.00000   56.00000   0.13705   -0.86730
56.00000   56.00000   -0.14233   -1.15306
72.00000   56.00000   -0.15737   -0.95428
88.00000   56.00000   -0.14226   -1.08923
8.00000   72.00000   -0.21551   -1.09300
24.00000   72.00000   -0.04906   -1.21601
40.00000   72.00000   -0.06139   -0.90595
56.00000   72.00000   -0.10091   -0.87420
72.00000   72.00000   -0.04755   -1.03437
88.00000   72.00000   -0.01864   -1.01907
8.00000   88.00000   -0.62661   -0.93289
24.00000   88.00000   -0.15429   -0.89798
40.00000   88.00000   -0.12875   -1.10635
56.00000   88.00000   -0.01781   -1.04134
72.00000   88.00000   0.04968   -1.11724
88.00000   88.00000   -0.14699   -0.99485
8.00000   104.00000   -0.36457   -1.00843
24.00000   104.00000   0.02027   -1.05292
40.00000   104.00000   -0.21181   -1.04434
56.00000   104.00000   -0.03467   -1.02616
72.00000   104.00000   -0.17156   -0.91847
88.00000   104.00000   -0.06843   -0.97078
8.00000   120.00000   -0.22002   -1.06722
24.00000   120.00000   -0.08327   -0.98418
40.00000   120.00000   0.09045   -1.19691
56.00000   120.00000   -0.17182   -0.96478
72.00000   120.00000   -0.15647   -1.03444
88.00000   120.00000   -0.01110   -0.97635
8.00000   136.00000   -0.18271   -1.11933
24.00000   136.00000   0.14708   -1.06592
40.00000   136.00000   -0.24257   -0.97884
56.00000   136.00000   -0.10215   -1.10005
72.00000   136.00000   -0.13939   -1.00853
88.00000   136.00000   0.03687   -1.09510
8.00000   152.00000   -0.09511   -1.01474
24.00000   152.00000   -0.29500   -0.95435
40.00000   152.00000   -0.27725   -1.05104
56.00000   152.00000   -0.28945   -0.98173
72.00000   152.00000   -0.11202   -1.03785
88.00000   152.00000   0.10056   -1.12888
8.00000   168.00000   -0.36244   -0.95683
24.00000   168.00000   -0.27520   -0.92558
40.00000   168.00000   -0.23472   -1.03499
56.00000   168.00000   -0.13161   -1.05949
72.00000   168.00000   -0.14621   -1.06545
88.00000   168.00000   -0.18491   -1.12036
8.00000   184.00000   -0.00710   -1.08892
24.00000   184.00000   -0.05071   -0.93675
40.00000   184.00000   -0.29023   -1.00180
56.00000   184.00000   -0.15477   -1.16093
72.00000   184.00000   0.01408   -1.12411
88.00000   184.00000   0.01581   -1.09807
8.00000   200.00000   -0.16226   -1.06689
24.00000   200.00000   -0.19989   -0.85673
40.00000   200.00000   0.27037   -1.04057
56.00000   200.00000   0.09948   -1.07892
72.00000   200.00000   -0.19138   -1.03651
88.00000   200.00000   -0.21157   -1.15832
8.00000   216.00000   -0.22020   -1.10848
24.00000   216.00000   -0.14938   -0.81286
40.00000   216.00000   -0.23859   -0.98708
56.00000   216.00000   -0.04035   -0.83690
72.00000   216.00000   0.06628   -0.81615
88.00000   216.00000   -0.14414   -1.06234
8.00000   232.00000   -0.01746   -0.94301
24.00000   232.00000   -0.15917   -0.89652
40.00000   232.00000   -0.16180   -1.06958
56.00000   232.00000   0.01176   -0.97894
72.00000   232.00000   0.07646   -1.02586
88.00000   232.00000   -0.20638   -1.01272
8.00000   248.00000   -0.03547   -0.95855
24.00000   248.00000   0.25600   -0.93888
40.00000   248.00000   -0.06438   -0.89656
56.00000   248.00000   -0.08203   -1.06365
72.00000   248.00000   -0.18558   -1.15171
88.00000   248.00000   -0.19210   -0.83637
8.00000   264.00000   -0.01376   -1.05759
24.00000   264.00000   -0.27053   -1.17141
40.00000   264.00000   0.23857   -0.98192
56.00000   264.00000   0.12597   -0.93461
72.00000   264.00000   -0.42521   -0.98180
88.00000   264.00000   -0.48779   -0.96580
8.00000   280.00000   0.09637   -1.20551
24.00000   280.00000   0.07192   -1.21794
40.00000   280.00000   0.04470   -1.01239
56.00000   280.00000   0.17806   -0.84632
72.00000   280.00000   -0.12234   -0.72315
88.00000   280.00000   -0.23256   -0.87334
8.00000   296.00000   -0.23056   -0.98243
24.00000   296.00000   -0.13955   -1.00398
40.00000   296.00000   0.18110   -0.96560
56.00000   296.00000   0.02948   -0.92805
72.00000   296.00000   -0.26730   -0.93974
88.00000   296.00000   -0.08851   -0.90618
8.00000   312.00000   0.00966   -1.02044
24.00000   312.00000   0.13365   -1.11111
40.00000   312.00000   -0.04278   -1.19207
56.00000   312.00000   -0.05538   -0.99671
72.00000   312.00000   -0.18554   -0.85718
88.00000   312.00000   0.06643   -0.92923
8.00000   328.00000   0.01708   -0.94435
24.00000   328.00000   -0.13263   -1.08862
40.00000   328.00000   -0.70671   -1.16926
56.00000   328.00000   -0.53871   -1.00475
72.00000   328.00000   -0.10586   -0.94657
88.00000   328.00000   0.05675   -0.82804
8.00000   344.00000   0.17013   -0.98147
24.00000   344.00000   -0.34821   -0.91224
40.00000   344.00000   -0.57414   -0.95162
56.00000   344.00000   -0.44456   -0.89125
72.00000   344.00000   -0.19957   -0.94417
88.00000   344.00000   -0.00662   -0.92738
8.00000   360.00000   -0.03427   -0.99778
24.00000   360.00000   -0.34821   -1.18250
40.00000   360.00000   -0.10258   -0.93784
56.00000   360.00000   -0.37736   -0.91759
72.00000   360.00000   -0.00916   -0.99298
88.00000   360.00000   -0.02902   -0.87586
8.00000   376.00000   -0.13810   -0.90164
24.00000   376.00000   -0.50427   -0.90644
40.00000   376.00000   -0.36569   -1.02387
56.00000   376.00000   -0.80863   -0.72419
72.00000   376.00000   -0.19275   -0.86019
88.00000   376.00000   -0.09073   -1.13251
8.00000   392.00000   -0.29182   -1.10755
24.00000   392.00000   -0.63095   -0.87947
40.00000   392.00000   -0.78613   -1.13882
56.00000   392.00000   -0.43709   -1.03269
72.00000   392.00000   -0.31540   -0.93500
88.00000   392.00000   -0.05015   -1.12160
8.00000   408.00000   -0.01582   -1.01203
24.00000   408.00000   -0.37373   -0.99422
40.00000   408.00000   -0.61950   -0.99140
56.00000   408.00000   -0.44111   -0.91321
72.00000   408.00000   -0.38453   -1.11302
88.00000   408.00000   0.00933   -1.04745
8.00000   424.00000   -0.22632   -0.98198
24.00000   424.00000   -0.59428   -0.96314
40.00000   424.00000   -0.74359   -0.95707
56.00000   424.00000   -0.15513   -1.04864
72.00000   424.00000   -0.12684   -1.14028
88.00000   424.00000   -0.07378   -1.01203
8.00000   440.00000   -0.21894   -1.10715
24.00000   440.00000   -0.87919   -1.02227
40.00000   440.00000   -0.53079   -1.08644
56.00000   440.00000   -0.14362   -1.01507
72.00000   440.00000   -0.13301   -1.04910
88.00000   440.00000   -0.14815   -1.17453
8.00000   456.00000   -0.69987   -0.95682
24.00000   456.00000   -0.25908   -1.05204
40.00000   456.00000   -0.56306   -0.97687
56.00000   456.00000   -0.24763   -1.06514
72.00000   456.00000   -0.18852   -0.97824
88.00000   456.00000   -0.20369   -1.18357
8.00000   472.00000   -0.67594   -1.01682
24.00000   472.00000   -0.28370   -1.17627
40.00000   472.00000   -0.42995   -1.17354
56.00000   472.00000   -0.46680   -0.95573
72.00000   472.00000   -0.39449   -1.18835
88.00000   472.00000   -0.14341   -1.18606
8.00000   488.00000   -0.75139   -1.11960
24.00000   488.00000   -0.39373   -1.26865
40.00000   488.00000   -0.21928   -1.19976
56.00000   488.00000   -0.61582   -1.02386
72.00000   488.00000   -0.30809   -1.00998
88.00000   488.00000   -0.14262   -1.06257
8.00000   504.00000   -0.72774   -1.03758
24.00000   504.00000   -0.50477   -0.90665
40.00000   504.00000   -0.54853   -1.10155
56.00000   504.00000   -0.28250   -1.01233
72.00000   504.00000   -0.26152   -1.15757
88.00000   504.00000   -0.23940   -1.21508
8.00000   520.00000   -0.55613   -0.96372
24.00000   520.00000   -0.65457   -1.05985
40.00000   520.00000   -0.32969   -1.21474
56.00000   520.00000   -0.56554   -1.21474
72.00000   520.00000   -0.26110   -1.20888
88.00000   520.00000   -0.29642   -1.18709
8.00000   536.00000   -0.79713   -1.14021
24.00000   536.00000   -0.50561   -1.40255
40.00000   536.00000   -0.37806   -1.22207
56.00000   536.00000   -0.41603   -1.31529
72.00000   536.00000   -0.39156   -1.14893
88.00000   536.00000   -0.24819   -1.08676
