# image 71 and 72 x,y,u,v
8.00000   8.00000   -0.35859   -1.13834
24.00000   8.00000   -0.24962   -0.86502
40.00000   8.00000   -0.03642   -1.10221
56.00000   8.00000   0.19269   -1.01044
72.00000   8.00000   -0.11203   -1.04065
88.00000   8.00000   0.00809   -0.87609
8.00000   24.00000   -0.45766   -1.04544
24.00000   24.00000   -0.30201   -1.02848
40.00000   24.00000   -0.03172   -1.17723
56.00000   24.00000   0.17423   -1.15595
72.00000   24.00000   -0.33095   -1.02246
88.00000   24.00000   -0.22157   -1.03287
8.00000   40.00000   -0.65420   -1.08496
24.00000   40.00000   -0.34096   -1.19622
40.00000   40.00000   -0.17739   -0.95297
56.00000   40.00000   -0.34786   -0.97175
72.00000   40.00000   -0.37688   -0.94674
88.00000   40.00000   -0.29467   -0.97421
8.00000   56.00000   -0.20901   -1.11896
24.00000   56.00000   0.25138   -1.13515
40.00000   56.00000   -0.13188   -1.19324
56.00000   56.00000   -0.21774   -0.86013
72.00000   56.00000   -0.05404   -0.97081
88.00000   56.00000   0.03014   -0.89993
8.00000   72.00000   -0.18491   -1.02550
24.00000   72.00000   -0.13795   -1.26699
40.00000   72.00000   -0.05620   -0.99471
56.00000   72.00000   -0.02760   -0.88734
72.00000   72.00000   -0.10355   -0.89533
88.00000   72.00000   0.16373   -0.90462
8.00000   88.00000   -0.35876   -1.00928
24.00000   88.00000   -0.25637   -1.00289
40.00000   88.00000   0.11438   -1.08637
56.00000   88.00000   -0.32806   -1.00977
72.00000   88.00000   -0.05268   -0.99754
88.00000   88.00000   -0.07915   -1.04174
8.00000   104.00000   -0.44141   -0.81463
24.00000   104.00000   -0.02074   -0.96698
40.00000   104.00000   0.14461   -0.96627
56.00000   104.00000   -0.22030   -0.89917
72.00000   104.00000   -0.23673   -1.07524
88.00000   104.00000   0.06987   -1.04946
8.00000   120.00000   -0.09497   -1.13207
24.00000   120.00000   -0.09395   -0.91610
40.00000   120.00000   0.21367   -0.90778
56.00000   120.00000   -0.03356   -1.11421
72.00000   120.00000   -0.11342   -1.10258
88.00000   120.00000   -0.17333   -0.92434
8.00000   136.00000   -0.05402   -1.13243
24.00000   136.00000   0.00064   -1.03963
40.00000   136.00000   -0.03635   -1.11981
56.00000   136.00000   0.05146   -1.19705
72.00000   136.00000   -0.18230   -1.11996
88.00000   136.00000   -0.17444   -1.21014
8.00000   152.00000   0.00576   -1.00456
24.00000   152.00000   -0.16924   -0.91912
40.00000   152.00000   0.18434   -0.96126
56.00000   152.00000   0.07654   -1.03108
72.00000   152.00000   0.19917   -1.18381
88.00000   152.00000   -0.20314   -1.01006
8.00000   168.00000   0.07371   -1.05560
24.00000   168.00000   0.23725   -0.97088
40.00000   168.00000   0.01597   -0.95291
56.00000   168.00000   0.06611   -1.13929
72.00000   168.00000   0.02650   -1.10010
88.00000   168.00000   0.09796   -1.11259
8.00000   184.00000   0.09612   -0.89332
24.00000   184.00000   0.00058   -0.89372
40.00000   184.00000   0.09140   -0.90328
56.00000   184.00000   0.07658   -1.02060
72.00000   184.00000   0.03337   -0.99496
88.00000   184.00000   0.13557   -1.13376
8.00000   200.00000   -0.03111   -0.96607
24.00000   200.00000   -0.08698   -0.97918
40.00000   200.00000   0.14675   -1.19918
56.00000   200.00000   0.22019   -0.80263
72.00000   200.00000   -0.09351   -1.11376
88.00000   200.00000   -0.18601   -1.10726
8.00000   216.00000   0.01439   -0.98702
24.00000   216.00000   -0.34455   -1.12723
40.00000   216.00000   0.15940   -1.04250
56.00000   216.00000   0.07583   -0.96712
72.00000   216.00000   0.21770   -1.06059
88.00000   216.00000   -0.08558   -0.83660
8.00000   232.00000   -0.12544   -0.98793
24.00000   232.00000   -0.17854   -0.94242
40.00000   232.00000   -0.12680   -1.19082
56.00000   232.00000   0.10131   -1.13458
72.00000   232.00000   -0.25207   -0.93962
88.00000   232.00000   -0.27471   -0.92218
8.00000   248.00000   0.03792   -1.10288
24.00000   248.00000   -0.05874   -1.11511
40.00000   248.00000   0.08530   -0.92217
56.00000   248.00000   -0.09025   -0.86320
72.00000   248.00000   -0.46776   -0.84817
88.00000   248.00000   -0.08636   -0.85459
8.00000   264.00000   -0.02791   -1.09136
24.00000   264.00000   -0.25984   -1.01813
40.00000   264.00000   -0.03187   -1.07445
56.00000   264.00000   0.24544   -1.00946
72.00000   264.00000   -0.53559   -0.96235
88.00000   264.00000   -0.19435   -0.96685
8.00000   280.00000   0.01389   -1.03291
24.00000   280.00000   -0.11775   -0.99043
40.00000   280.00000   0.16099   -0.98352
56.00000   280.00000   0.08527   -0.79748
72.00000   280.00000   -0.10206   -0.79943
88.00000   280.00000   -0.14269   -1.00760
8.00000   296.00000   0.05732   -1.08089
24.00000   296.00000   -0.18310   -0.96513
40.00000   296.00000   -0.07447   -0.94763
56.00000   296.00000   -0.27231   -0.89432
72.00000   296.00000   0.01133   -0.97588
88.00000   296.00000   -0.37348   -0.92780
8.00000   312.00000   -0.10831   -1.11111
24.00000   312.00000   0.24981   -1.05514
40.00000   312.00000   -0.28854   -0.93144
56.00000   312.00000   0.33716   -1.13205
72.00000   312.00000   -0.24889   -0.94256
88.00000   312.00000   0.05818   -1.00736
8.00000   328.00000   -0.22447   -0.97113
24.00000   328.00000   0.04006   -1.03032
40.00000   328.00000   -0.65034   -1.03872
56.00000   328.00000   -0.27235   -0.91513
72.00000   328.00000   -0.01371   -0.97940
88.00000   328.00000   0.10789   -0.85438
8.00000   344.00000   0.02653   -1.07253
24.00000   344.00000   -0.20544   -0.92608
40.00000   344.00000   -0.60547   -0.94161
56.00000   344.00000   -0.55083   -0.93631
72.00000   344.00000   -0.33784   -0.80834
88.00000   344.00000   0.01533   -0.91681
8.00000   360.00000   0.09263   -1.01758
24.00000   360.00000   -0.23871   -0.93178
40.00000   360.00000   -0.66028   -0.84845
56.00000   360.00000   -0.42458   -0.88788
72.00000   360.00000   -0.27888   -0.81154
88.00000   360.00000   0.15637   -0.96127
8.00000   376.00000   -0.08370   -0.89215
24.00000   376.00000   -0.57746   -1.02818
40.00000   376.00000   -0.67799   -1.00406
56.00000   376.00000   -0.48037   -1.00620
72.00000   376.00000   -0.24709   -0.97013
88.00000   376.00000   -0.08604   -0.81472
8.00000   392.00000   -0.33285   -0.92864
24.00000   392.00000   -0.73077   -0.75256
40.00000   392.00000   -0.62359   -0.86656
56.00000   392.00000   -0.24271   -0.85556
72.00000   392.00000   -0.10541   -0.95128
88.00000   392.00000   0.01939   -0.80862
8.00000   408.00000   -0.54068   -1.06826
24.00000   408.00000   -0.11628   -0.85986
40.00000   408.00000   -0.74967   -0.94035
56.00000   408.00000   -0.53953   -1.03025
72.00000   408.00000   -0.15002   -0.95939
88.00000   408.00000   0.02131   -0.94370
8.00000   424.00000   -0.20907   -0.92988
24.00000   424.00000   -0.57490   -1.09068
40.00000   424.00000   -0.79040   -1.14553
56.00000   424.00000   -0.18152   -1.27681
72.00000   424.00000   -0.15793   -1.22132
88.00000   424.00000   -0.20856   -1.06278
8.00000   440.00000   -0.21728   -0.98054
24.00000   440.00000   -0.67054   -1.13443
40.00000   440.00000   -0.56516   -0.88855
56.00000   440.00000   -0.18651   -1.18762
72.00000   440.00000   -0.21282   -1.01522
88.00000   440.00000   0.02921   -1.13872
8.00000   456.00000   -0.66416   -1.13432
24.00000   456.00000   -0.20099   -0.99239
40.00000   456.00000   -0.66187   -1.06932
56.00000   456.00000   -0.01819   -1.17999
72.00000   456.00000   -0.33381   -0.99776
88.00000   456.00000   -0.14265   -1.10916
8.00000   472.00000   -0.75020   -1.11733
24.00000   472.00000   -0.69062   -1.07013
40.00000   472.00000   -0.65001   -1.12984
56.00000   472.00000   -0.46530   -1.12984
72.00000   472.00000   -0.46230   -0.94878
88.00000   472.00000   -0.06995   -1.07260
8.00000   488.00000   -0.63923   -1.13466
24.00000   488.00000   -0.24352   -0.92925
40.00000   488.00000   -0.47094   -1.07852
56.00000   488.00000   -0.51852   -1.08882
72.00000   488.00000   -0.35698   -1.23556
88.00000   488.00000   -0.32327   -1.01199
8.00000   504.00000   -0.08834   -1.04613
24.00000   504.00000   -0.61136   -1.15012
40.00000   504.00000   -0.30457   -1.14089
56.00000   504.00000   -0.24050   -1.07124
72.00000   504.00000   -0.53046   -1.06285
88.00000   504.00000   -0.11733   -1.21496
8.00000   520.00000   -0.62605   -0.96829
24.00000   520.00000   -0.60521   -1.19766
40.00000   520.00000   -0.18547   -1.21171
56.00000   520.00000   -0.29704   -1.11561
72.00000   520.00000   -0.59091   -1.18782
88.00000   520.00000   -0.18238   -1.25180
8.00000   536.00000   -0.50928   -1.12864
24.00000   536.00000   -0.43889   -1.13681
40.00000   536.00000   -0.26467   -1.29692
56.00000   536.00000   -0.30643   -1.19422
72.00000   536.00000   -0.41411   -1.27958
88.00000   536.00000   -0.31456   -1.23963
