# image 50 and 51 x,y,u,v
8.00000   8.00000   -0.40756   -1.05796
24.00000   8.00000   -0.17814   -0.99370
40.00000   8.00000   0.04448   -1.09037
56.00000   8.00000   -0.11130   -1.05845
72.00000   8.00000   0.07630   -0.98165
88.00000   8.00000   -0.04762   -0.99602
8.00000   24.00000   -0.62721   -1.02997
24.00000   24.00000   -0.40845   -1.09120
40.00000   24.00000   0.12903   -1.02346
56.00000   24.00000   0.15135   -1.03796
72.00000   24.00000   -0.13307   -0.97483
88.00000   24.00000   -0.11586   -1.03164
8.00000   40.00000   -0.54243   -1.12183
24.00000   40.00000   -0.27760   -1.03249
40.00000   40.00000   -0.16557   -0.98543
56.00000   40.00000   -0.17598   -0.98185
72.00000   40.00000   -0.16206   -0.99150
88.00000   40.00000   -0.41715   -0.91683
8.00000   56.00000   -0.31517   -1.06591
24.00000   56.00000   -0.23113   -1.08324
40.00000   56.00000   -0.18163   -0.92117
56.00000   56.00000   -0.00685   -1.01033
72.00000   56.00000   -0.28023   -0.90839
88.00000   56.00000   -0.22438   -0.91835
8.00000   72.00000   -0.59148   -1.02429
24.00000   72.00000   -0.02779   -0.99974
40.00000   72.00000   -0.22954   -1.04952
56.00000   72.00000   0.15396   -0.95202
72.00000   72.00000   -0.05095   -0.99257
88.00000   72.00000   -0.05826   -0.86252
8.00000   88.00000   -0.06088   -1.13501
24.00000   88.00000   -0.00414   -0.96561
40.00000   88.00000   0.02314   -1.13839
56.00000   88.00000   -0.18623   -0.98939
72.00000   88.00000   -0.07511   -0.91989
88.00000   88.00000   0.12294   -0.88117
8.00000   104.00000   -0.26491   -0.98485
24.00000   104.00000   -0.18647   -1.02497
40.00000   104.00000   -0.15798   -1.03300
56.00000   104.00000   -0.25115   -0.92635
72.00000   104.00000   -0.32015   -0.90590
88.00000   104.00000   -0.13518   -0.91136
8.00000   120.00000   -0.13641   -0.98714
24.00000   120.00000   -0.27017   -1.23178
40.00000   120.00000   0.11110   -1.15579
56.00000   120.00000   -0.30291   -1.08265
72.00000   120.00000   -0.09672   -0.98675
88.00000   120.00000   -0.28574   -0.88065
8.00000   136.00000   -0.10632   -1.03761
24.00000   136.00000   0.08894   -1.14467
40.00000   136.00000   -0.23123   -1.03607
56.00000   136.00000   -0.12314   -1.12249
72.00000   136.00000   0.05517   -1.09170
88.00000   136.00000   -0.14333   -1.08568
8.00000   152.00000   -0.29118   -0.97571
24.00000   152.00000   -0.31515   -0.94746
40.00000   152.00000   -0.04554   -1.05446
56.00000   152.00000   0.05510   -1.13333
72.00000   152.00000   -0.21651   -1.01094
88.00000   152.00000   -0.11869   -1.03138
8.00000   168.00000   0.39153   -0.89908
24.00000   168.00000   -0.09928   -0.83021
40.00000   168.00000   -0.31093   -1.00054
56.00000   168.00000   0.03899   -1.03229
72.00000   168.00000   0.02742   -1.09095
88.00000   168.00000   0.03033   -1.14517
8.00000   184.00000   -0.39798   -0.90181
24.00000   184.00000   -0.13557   -0.93262
40.00000   184.00000   -0.10574   -0.94100
56.00000   184.00000   0.15357   -1.01649
72.00000   184.00000   -0.04278   -1.14517
88.00000   184.00000   0.15450   -1.17155
8.00000   200.00000   -0.10434   -0.95842
24.00000   200.00000   -0.06754   -0.98116
40.00000   200.00000   0.23979   -0.94143
56.00000   200.00000   0.00368   -0.90855
72.00000   200.00000   0.14468   -1.11937
88.00000   200.00000   -0.23562   -1.11485
8.00000   216.00000   -0.23292   -0.99273
24.00000   216.00000   0.00656   -1.07575
40.00000   216.00000   -0.05323   -1.04332
56.00000   216.00000   -0.13892   -1.00499
72.00000   216.00000   -0.00124   -0.99287
88.00000   216.00000   -0.20011   -1.03764
8.00000   232.00000   0.03022   -1.05359
24.00000   232.00000   -0.00709   -0.97980
40.00000   232.00000   -0.01361   -1.10889
56.00000   232.00000   0.22374   -1.00788
72.00000   232.00000   -0.34253   -0.94472
88.00000   232.00000   -0.07191   -1.00946
8.00000   248.00000   0.01003   -0.96405
24.00000   248.00000   -0.03590   -0.88494
40.00000   248.00000   0.21305   -0.93818
56.00000   248.00000   -0.06324   -1.02078
72.00000   248.00000   -0.20224   -0.98921
88.00000   248.00000   -0.38175   -0.77531
8.00000   264.00000   -0.08620   -1.19553
24.00000   264.00000   -0.08177   -1.17618
40.00000   264.00000   0.03769   -1.08587
56.00000   264.00000   -0.15747   -0.92827
72.00000   264.00000   -0.41926   -1.01944
88.00000   264.00000   -0.11716   -0.89801
8.00000   280.00000   -0.06856   -1.09086
24.00000   280.00000   -0.18443   -1.02804
40.00000   280.00000   -0.12756   -1.08767
56.00000   280.00000   -0.06639   -0.98732
72.00000   280.00000   -0.19715   -0.72946
88.00000   280.00000   -0.25111   -1.16389
8.00000   296.00000   -0.21242   -0.92788
24.00000   296.00000   0.21075   -1.09062
40.00000   296.00000   0.01579   -1.07009
56.00000   296.00000   -0.11843   -0.99037
72.00000   296.00000   -0.06823   -1.09964
88.00000   296.00000   -0.19493   -0.92961
8.00000   312.00000   0.10258   -0.92652
24.00000   312.00000   -0.20911   -1.03904
40.00000   312.00000   -0.07603   -1.22777
56.00000   312.00000   -0.35659   -0.85015
72.00000   312.00000   0.19054   -0.83517
88.00000   312.00000   0.03310   -1.07413
8.00000   328.00000   -0.12196   -0.99935
24.00000   328.00000   -0.45288   -0.88858
40.00000   328.00000   -0.50945   -1.01564
56.00000   328.00000   -0.66226   -0.91010
72.00000   328.00000   -0.08730   -0.84397
88.00000   328.00000   0.06039   -0.98353
8.00000   344.00000   -0.14134   -0.98743
24.00000   344.00000   -0.51897   -0.86883
40.00000   344.00000   -0.67214   -0.90380
56.00000   344.00000   -0.51514   -0.82339
72.00000   344.00000   -0.17816   -0.89784
88.00000   344.00000   -0.03424   -0.85928
8.00000   360.00000   -0.21360   -0.93054
24.00000   360.00000   -0.48826   -0.93232
40.00000   360.00000   -0.36145   -0.93731
56.00000   360.00000   -0.31731   -1.06016
72.00000   360.00000   -0.24716   -0.87698
88.00000   360.00000   0.00822   -0.71329
8.00000   376.00000   -0.39440   -0.92624
24.00000   376.00000   -0.62228   -0.93369
40.00000   376.00000   -0.86287   -1.05895
56.00000   376.00000   -0.63330   -0.92924
72.00000   376.00000   -0.23388   -0.83268
88.00000   376.00000   -0.05802   -0.82912
8.00000   392.00000   0.17380   -1.13965
24.00000   392.00000   -0.32267   -0.97873
40.00000   392.00000   -0.52715   -0.85207
56.00000   392.00000   -0.46949   -1.17897
72.00000   392.00000   -0.12617   -0.89873
88.00000   392.00000   -0.14528   -0.93289
8.00000   408.00000   -0.17825   -1.02955
24.00000   408.00000   -0.62922   -1.07584
40.00000   408.00000   -0.52610   -0.96426
56.00000   408.00000   -0.31881   -1.11423
72.00000   408.00000   -0.36663   -1.05471
88.00000   408.00000   -0.07151   -0.94678
8.00000   424.00000   -0.22054   -1.02143
24.00000   424.00000   -0.59901   -0.84732
40.00000   424.00000   -0.66968   -1.09805
56.00000   424.00000   -0.31548   -1.13541
72.00000   424.00000   -0.09836   -1.04986
88.00000   424.00000   -0.15776   -1.10281
8.00000   440.00000   -0.38032   -0.92086
24.00000   440.00000   -0.46413   -1.13954
40.00000   440.00000   -0.62669   -1.19659
56.00000   440.00000   -0.41523   -1.08894
72.00000   440.00000   -0.23811   -1.16346
88.00000   440.00000   0.05217   -1.07489
8.00000   456.00000   -0.75930   -0.92860
24.00000   456.00000   -0.28239   -0.96187
40.00000   456.00000   -0.67892   -1.09645
56.00000   456.00000   -0.02838   -1.23542
72.00000   456.00000   -0.13482   -1.01626
88.00000   456.00000   0.00859   -1.09553
8.00000   472.00000   -0.61600   -1.07360
24.00000   472.00000   -0.48013   -1.09992
40.00000   472.00000   -0.39890   -1.20883
56.00000   472.00000   -0.32723   -1.14391
72.00000   472.00000   -0.47425   -1.09200
88.00000   472.00000   -0.06880   -0.88248
8.00000   488.00000   -0.44519   -1.17921
24.00000   488.00000   -0.34652   -1.09249
40.00000   488.00000   -0.52095   -1.12816
56.00000   488.00000   -0.37334   -1.18289
72.00000   488.00000   -0.37582   -0.90323
88.00000   488.00000   -0.29822   -1.06747
8.00000   504.00000   -0.51527   -1.12906
24.00000   504.00000   -0.53828   -1.13366
40.00000   504.00000   -0.66506   -1.10869
56.00000   504.00000   -0.54930   -1.02884
72.00000   504.00000   -0.44152   -1.06799
88.00000   504.00000   -0.20603   -1.19076
8.00000   520.00000   -0.44500   -0.92259
24.00000   520.00000   -0.45243   -1.24558
40.00000   520.00000   -0.47002   -1.18586
56.00000   520.00000   -0.60087   -1.26909
72.00000   520.00000   -0.29887   -1.22025
88.00000   520.00000   -0.15055   -1.15061
8.00000   536.00000   -0.31775   -0.99089
24.00000   536.00000   -0.33761   -1.24244
40.00000   536.00000   -0.08114   -1.26500
56.00000   536.00000   -0.46758   -1.30291
72.00000   536.00000   -0.52215   -1.32909
88.00000   536.00000   -0.24457   -1.30524
