# image 39 and 40 x,y,u,v
8.00000   8.00000   -0.56988   -0.99245
24.00000   8.00000   -0.10467   -1.03606
40.00000   8.00000   0.12155   -1.10658
56.00000   8.00000   0.17593   -0.98511
72.00000   8.00000   0.04326   -1.09513
88.00000   8.00000   -0.07123   -0.92174
8.00000   24.00000   -0.39760   -1.11472
24.00000   24.00000   -0.24939   -1.10116
40.00000   24.00000   0.09725   -1.19130
56.00000   24.00000   -0.21326   -1.01135
72.00000   24.00000   -0.09806   -0.98014
88.00000   24.00000   -0.33842   -0.95103
8.00000   40.00000   -0.48683   -1.14641
24.00000   40.00000   -0.35233   -0.99979
40.00000   40.00000   -0.39686   -0.84534
56.00000   40.00000   -0.22042   -1.00201
72.00000   40.00000   -0.32765   -0.89131
88.00000   40.00000   -0.30429   -1.01000
8.00000   56.00000   -0.45772   -1.08284
24.00000   56.00000   -0.33387   -1.01504
40.00000   56.00000   -0.17386   -1.00637
56.00000   56.00000   0.07971   -1.05534
72.00000   56.00000   -0.19824   -0.84526
88.00000   56.00000   -0.18264   -0.94724
8.00000   72.00000   -0.34921   -0.99975
24.00000   72.00000   -0.00162   -1.02325
40.00000   72.00000   -0.22930   -1.09634
56.00000   72.00000   -0.01067   -0.82683
72.00000   72.00000   -0.07847   -0.98100
88.00000   72.00000   -0.24157   -0.89088
8.00000   88.00000   -0.18513   -1.00816
24.00000   88.00000   -0.03969   -0.90412
40.00000   88.00000   0.01545   -0.98400
56.00000   88.00000   0.01041   -1.13528
72.00000   88.00000   -0.14411   -1.07920
88.00000   88.00000   0.10156   -1.17647
8.00000   104.00000   -0.33820   -1.03351
24.00000   104.00000   -0.29086   -0.98741
40.00000   104.00000   -0.28806   -0.88823
56.00000   104.00000   -0.30562   -0.94814
72.00000   104.00000   -0.12356   -0.95729
88.00000   104.00000   -0.01807   -0.92760
8.00000   120.00000   -0.26059   -1.17489
24.00000   120.00000   0.04543   -1.07786
40.00000   120.00000   -0.13520   -1.19420
56.00000   120.00000   0.02809   -0.97388
72.00000   120.00000   -0.34334   -0.96748
88.00000   120.00000   -0.06737   -0.94985
8.00000   136.00000   -0.08441   -1.07660
24.00000   136.00000   -0.13475   -0.97745
40.00000   136.00000   0.29895   -0.98320
56.00000   136.00000   -0.23791   -1.10674
72.00000   136.00000   -0.12441   -1.14494
88.00000   136.00000   -0.24146   -1.09334
8.00000   152.00000   -0.32682   -1.02269
24.00000   152.00000   -0.21873   -0.84731
40.00000   152.00000   -0.14217   -0.74214
56.00000   152.00000   -0.05121   -0.77387
72.00000   152.00000   0.02844   -0.98158
88.00000   152.00000   0.02931   -1.04231
8.00000   168.00000   0.02573   -0.95123
24.00000   168.00000   -0.30927   -1.03552
40.00000   168.00000   0.03198   -1.05348
56.00000   168.00000   -0.16754   -1.00365
72.00000   168.00000   -0.17638   -1.08058
88.00000   168.00000   -0.07591   -1.07559
8.00000   184.00000   0.15213   -1.07486
24.00000   184.00000   0.09566   -0.97213
40.00000   184.00000   0.17986   -1.07798
56.00000   184.00000   0.01414   -1.02237
72.00000   184.00000   0.06170   -1.10012
88.00000   184.00000   -0.14055   -1.07509
8.00000   200.00000   -0.26535   -0.97482
24.00000   200.00000   -0.08609   -0.90989
40.00000   200.00000   -0.03016   -0.89939
56.00000   200.00000   -0.03138   -0.97529
72.00000   200.00000   -0.06634   -0.98701
88.00000   200.00000   -0.09215   -0.93776
8.00000   216.00000   -0.24746   -1.06463
24.00000   216.00000   0.25416   -0.96270
40.00000   216.00000   0.07797   -0.89647
56.00000   216.00000   0.04254   -0.95486
72.00000   216.00000   0.10810   -0.94294
88.00000   216.00000   -0.21775   -1.04249
8.00000   232.00000   -0.27099   -1.10798
24.00000   232.00000   -0.18019   -1.09223
40.00000   232.00000   -0.00232   -1.12719
56.00000   232.00000   0.10307   -0.95956
72.00000   232.00000   -0.05845   -1.04298
88.00000   232.00000   -0.01003   -0.95313
8.00000   248.00000   -0.02278   -0.98058
24.00000   248.00000   -0.06513   -1.03035
40.00000   248.00000   0.20880   -1.13718
56.00000   248.00000   0.07767   -1.07452
72.00000   248.00000   -0.36484   -0.87117
88.00000   248.00000   -0.20291   -0.89444
8.00000   264.00000   -0.00981   -1.12145
24.00000   264.00000   0.03373   -0.96600
40.00000   264.00000   -0.12816   -1.01474
56.00000   264.00000   0.19123   -0.83837
72.00000   264.00000   -0.54728   -0.88162
88.00000   264.00000   -0.33404   -0.94325
8.00000   280.00000   -0.31127   -1.08634
24.00000   280.00000   -0.20582   -1.06150
40.00000   280.00000   -0.11356   -0.95110
56.00000   280.00000   0.34786   -0.86646
72.00000   280.00000   0.21541   -0.99672
88.00000   280.00000   -0.14526   -0.84825
8.00000   296.00000   -0.09237   -0.88070
24.00000   296.00000   -0.05531   -1.12326
40.00000   296.00000   -0.16390   -1.03312
56.00000   296.00000   -0.20937   -0.99834
72.00000   296.00000   -0.28897   -0.86805
88.00000   296.00000   -0.11959   -0.96953
8.00000   312.00000   0.08624   -1.05358
24.00000   312.00000   0.35871   -1.02542
40.00000   312.00000   0.05508   -0.94714
56.00000   312.00000   -0.40224   -0.91835
72.00000   312.00000   -0.11267   -0.82009
88.00000   312.00000   0.02319   -1.00593
8.00000   328.00000   0.04693   -1.03240
24.00000   328.00000   -0.13073   -1.08790
40.00000   328.00000   -0.56809   -0.92965
56.00000   328.00000   -0.55211   -0.97197
72.00000   328.00000   -0.08923   -1.00023
88.00000   328.00000   -0.00490   -0.85755
8.00000   344.00000   -0.17968   -1.00668
24.00000   344.00000   -0.65299   -1.03894
40.00000   344.00000   -0.32215   -0.84559
56.00000   344.00000   -0.17377   -0.87320
72.00000   344.00000   -0.29398   -0.97500
88.00000   344.00000   0.18618   -0.93314
8.00000   360.00000   -0.38631   -0.93853
24.00000   360.00000   -0.58360   -0.81393
40.00000   360.00000   -0.51354   -1.01984
56.00000   360.00000   -0.25128   -0.93068
72.00000   360.00000   -0.16205   -0.92169
88.00000   360.00000   0.05077   -0.92132
8.00000   376.00000   -0.09018   -0.99851
24.00000   376.00000   -0.54882   -0.80127
40.00000   376.00000   -0.76547   -0.89190
56.00000   376.00000   -0.50779   -0.93605
72.00000   376.00000   -0.12182   -0.91998
88.00000   376.00000   0.02122   -0.81125
8.00000   392.00000   -0.51138   -1.01596
24.00000   392.00000   -0.62097   -1.03337
40.00000   392.00000   -0.71145   -0.88929
56.00000   392.00000   -0.58756   -0.86394
72.00000   392.00000   -0.11415   -1.04805
88.00000   392.00000   -0.10630   -0.83217
8.00000   408.00000   0.08536   -1.00440
24.00000   408.00000   -0.57238   -0.96789
40.00000   408.00000   -0.70318   -1.07665
56.00000   408.00000   -0.36129   -1.03590
72.00000   408.00000   -0.12631   -1.02647
88.00000   408.00000   0.12609   -1.18521
8.00000   424.00000   -0.07701   -0.95758
24.00000   424.00000   -0.75452   -1.02302
40.00000   424.00000   -0.28371   -0.85863
56.00000   424.00000   -0.22824   -1.03214
72.00000   424.00000   -0.16485   -1.08835
88.00000   424.00000   -0.17771   -1.05744
8.00000   440.00000   -0.27709   -1.03882
24.00000   440.00000   -0.65568   -1.06449
40.00000   440.00000   -0.44644   -1.10320
56.00000   440.00000   -0.11606   -1.07603
72.00000   440.00000   -0.23032   -1.18910
88.00000   440.00000   -0.09904   -1.06149
8.00000   456.00000   -0.84663   -1.10797
24.00000   456.00000   -0.10923   -1.23534
40.00000   456.00000   -0.56753   -1.16433
56.00000   456.00000   -0.52647   -1.11059
72.00000   456.00000   -0.37121   -0.94079
88.00000   456.00000   -0.17480   -1.13291
8.00000   472.00000   -0.62989   -0.97925
24.00000   472.00000   -0.20453   -1.10651
40.00000   472.00000   -0.08206   -1.04576
56.00000   472.00000   -0.13376   -1.18693
72.00000   472.00000   -0.39682   -1.09677
88.00000   472.00000   -0.04534   -1.18963
8.00000   488.00000   -0.45533   -1.14951
24.00000   488.00000   -0.16509   -1.06885
40.00000   488.00000   -0.54757   -1.08801
56.00000   488.00000   -0.41117   -1.09131
72.00000   488.00000   -0.41313   -1.16838
88.00000   488.00000   -0.17925   -0.99008
8.00000   504.00000   -0.35672   -1.08092
24.00000   504.00000   -0.87349   -1.01065
40.00000   504.00000   -0.24293   -1.14534
56.00000   504.00000   -0.63114   -1.03358
72.00000   504.00000   -0.32688   -1.03819
88.00000   504.00000   -0.25927   -1.10368
8.00000   520.00000   -0.53689   -1.20835
24.00000   520.00000   -0.72043   -1.01618
40.00000   520.00000   -0.54588   -1.18759
56.00000   520.00000   -0.53537   -1.18759
72.00000   520.00000   -0.41422   -1.31593
88.00000   520.00000   -0.09476   -1.15834
8.00000   536.00000   -0.52186   -0.85269
24.00000   536.00000   -0.23319   -1.13048
40.00000   536.00000   0.07995   -1.15860
56.00000   536.00000   -0.45834   -1.16155
72.00000   536.00000   -0.47555   -1.36169
88.00000   536.00000   -0.09652   -1.26143
