# image 46 and 47 x,y,u,v
8.00000   8.00000   -0.43534   -1.14352
24.00000   8.00000   -0.11692   -0.93349
40.00000   8.00000   0.34152   -0.92854
56.00000   8.00000   -0.06869   -1.01945
72.00000   8.00000   -0.00729   -0.90304
88.00000   8.00000   -0.00701   -0.99531
8.00000   24.00000   -0.18207   -1.07986
24.00000   24.00000   -0.32981   -1.12391
40.00000   24.00000   -0.01569   -1.06765
56.00000   24.00000   -0.07836   -0.96624
72.00000   24.00000   -0.12368   -1.07191
88.00000   24.00000   -0.11387   -0.95043
8.00000   40.00000   -0.58174   -0.98475
24.00000   40.00000   -0.22267   -1.21978
40.00000   40.00000   -0.02934   -1.05411
56.00000   40.00000   -0.10263   -1.03547
72.00000   40.00000   -0.19791   -0.93143
88.00000   40.00000   -0.37299   -0.99359
8.00000   56.00000   -0.21698   -1.12703
24.00000   56.00000   -0.16659   -1.09406
40.00000   56.00000   0.02757   -0.99749
56.00000   56.00000   -0.03604   -0.92114
72.00000   56.00000   -0.17637   -1.07788
88.00000   56.00000   -0.13997   -0.92569
8.00000   72.00000   -0.26371   -0.93459
24.00000   72.00000   0.28158   -0.95135
40.00000   72.00000   -0.18581   -1.14054
56.00000   72.00000   0.24672   -0.99781
72.00000   72.00000   0.00219   -1.04400
88.00000   72.00000   -0.05871   -1.02657
8.00000   88.00000   -0.26213   -0.97843
24.00000   88.00000   0.23021   -1.00968
40.00000   88.00000   -0.03787   -1.00146
56.00000   88.00000   -0.04435   -1.01502
72.00000   88.00000   -0.13856   -1.00480
88.00000   88.00000   0.07990   -1.02984
8.00000   104.00000   -0.13599   -1.02372
24.00000   104.00000   0.00291   -1.09993
40.00000   104.00000   -0.17050   -1.01560
56.00000   104.00000   -0.12406   -0.90039
72.00000   104.00000   -0.19236   -1.05870
88.00000   104.00000   -0.08976   -1.01847
8.00000   120.00000   -0.24865   -1.15285
24.00000   120.00000   0.03012   -1.14779
40.00000   120.00000   -0.06710   -1.03765
56.00000   120.00000   -0.34301   -1.02412
72.00000   120.00000   -0.17739   -0.97683
88.00000   120.00000   -0.23049   -1.07347
8.00000   136.00000   -0.09280   -1.12758
24.00000   136.00000   0.01319   -0.93612
40.00000   136.00000   -0.14124   -1.06379
56.00000   136.00000   0.13811   -1.18055
72.00000   136.00000   0.04216   -1.13066
88.00000   136.00000   -0.11218   -1.14446
8.00000   152.00000   -0.17888   -1.11186
24.00000   152.00000   0.20393   -0.94143
40.00000   152.00000   0.05277   -0.98607
56.00000   152.00000   -0.05007   -0.99395
72.00000   152.00000   -0.15346   -1.00275
88.00000   152.00000   -0.03469   -0.96136
8.00000   168.00000   0.18671   -0.86167
24.00000   168.00000   -0.12779   -0.95992
40.00000   168.00000   -0.02097   -0.97603
56.00000   168.00000   0.05153   -1.05721
72.00000   168.00000   -0.02274   -1.13399
88.00000   168.00000   -0.26064   -1.01952
8.00000   184.00000   -0.21262   -0.94554
24.00000   184.00000   -0.16653   -0.91056
40.00000   184.00000   0.01803   -1.11479
56.00000   184.00000   0.21412   -1.06635
72.00000   184.00000   -0.00090   -1.10466
88.00000   184.00000   -0.01791   -1.13022
8.00000   200.00000   -0.06566   -0.97521
24.00000   200.00000   -0.03828   -0.96527
40.00000   200.00000   0.05203   -0.91613
56.00000   200.00000   -0.07039   -0.91742
72.00000   200.00000   0.08360   -0.98368
88.00000   200.00000   -0.14528   -1.07396
8.00000   216.00000   -0.40233   -0.99173
24.00000   216.00000   -0.32892   -1.05928
40.00000   216.00000   0.23102   -1.00555
56.00000   216.00000   0.06785   -0.92895
72.00000   216.00000   0.27968   -0.96699
88.00000   216.00000   -0.11982   -0.99882
8.00000   232.00000   0.09405   -0.94500
24.00000   232.00000   0.14468   -0.89726
40.00000   232.00000   -0.07723   -0.99722
56.00000   232.00000   0.15203   -0.95422
72.00000   232.00000   0.02865   -0.94201
88.00000   232.00000   0.15022   -0.98223
8.00000   248.00000   0.07495   -1.01778
24.00000   248.00000   -0.16054   -1.01175
40.00000   248.00000   0.06160   -0.82137
56.00000   248.00000   -0.15648   -1.05956
72.00000   248.00000   -0.22901   -1.05261
88.00000   248.00000   -0.30964   -0.96379
8.00000   264.00000   -0.16358   -1.16561
24.00000   264.00000   0.15523   -1.20711
40.00000   264.00000   -0.00326   -1.07226
56.00000   264.00000   0.54362   -0.92323
72.00000   264.00000   -0.18264   -1.05579
88.00000   264.00000   -0.18158   -0.91099
8.00000   280.00000   -0.17582   -0.95215
24.00000   280.00000   -0.18984   -0.99503
40.00000   280.00000   -0.09092   -1.00491
56.00000   280.00000   -0.01732   -1.04659
72.00000   280.00000   -0.09451   -0.80344
88.00000   280.00000   -0.03118   -0.84172
8.00000   296.00000   -0.08806   -1.01920
24.00000   296.00000   0.04565   -1.24088
40.00000   296.00000   -0.05402   -1.07263
56.00000   296.00000   0.07051   -0.83680
72.00000   296.00000   -0.16068   -0.98299
88.00000   296.00000   -0.16260   -1.01225
8.00000   312.00000   0.14752   -0.90828
24.00000   312.00000   0.14036   -1.02232
40.00000   312.00000   -0.00193   -1.16722
56.00000   312.00000   0.05136   -0.99085
72.00000   312.00000   0.06075   -0.83374
88.00000   312.00000   0.00081   -0.84643
8.00000   328.00000   -0.03318   -1.00738
24.00000   328.00000   -0.33719   -1.01346
40.00000   328.00000   -0.54065   -0.88353
56.00000   328.00000   -0.28926   -0.97173
72.00000   328.00000   -0.06169   -0.86797
88.00000   328.00000   0.26365   -0.96141
8.00000   344.00000   -0.20019   -0.97169
24.00000   344.00000   -0.67808   -1.02189
40.00000   344.00000   -0.30622   -0.98259
56.00000   344.00000   -0.17729   -0.99102
72.00000   344.00000   -0.08341   -0.85866
88.00000   344.00000   -0.10092   -0.84528
8.00000   360.00000   -0.13207   -0.95379
24.00000   360.00000   -0.37008   -0.90455
40.00000   360.00000   -0.56850   -1.02136
56.00000   360.00000   -0.33418   -1.07656
72.00000   360.00000   -0.31153   -0.87421
88.00000   360.00000   0.22596   -1.04978
8.00000   376.00000   -0.39945   -0.94523
24.00000   376.00000   -0.24782   -0.91987
40.00000   376.00000   -0.76973   -1.04240
56.00000   376.00000   -0.66937   -0.94411
72.00000   376.00000   -0.20190   -0.77657
88.00000   376.00000   -0.02604   -0.87839
8.00000   392.00000   -0.09822   -0.92876
24.00000   392.00000   -0.36111   -0.99960
40.00000   392.00000   -0.59156   -0.85963
56.00000   392.00000   -0.36191   -0.99991
72.00000   392.00000   0.04789   -0.91216
88.00000   392.00000   -0.16974   -0.88417
8.00000   408.00000   -0.14828   -0.94856
24.00000   408.00000   -0.75691   -1.09402
40.00000   408.00000   -0.63382   -1.00914
56.00000   408.00000   -0.19719   -0.95083
72.00000   408.00000   -0.23659   -0.94380
88.00000   408.00000   0.14985   -1.14497
8.00000   424.00000   -0.25996   -1.14774
24.00000   424.00000   -0.45028   -1.05532
40.00000   424.00000   -0.58753   -1.10624
56.00000   424.00000   -0.41113   -1.12924
72.00000   424.00000   -0.22916   -1.03892
88.00000   424.00000   -0.22447   -1.03508
8.00000   440.00000   -0.45133   -1.11595
24.00000   440.00000   -0.51800   -1.09071
40.00000   440.00000   -0.55010   -1.17605
56.00000   440.00000   -0.13354   -1.01736
72.00000   440.00000   -0.16009   -1.15455
88.00000   440.00000   0.00061   -1.11311
8.00000   456.00000   -0.85328   -1.05471
24.00000   456.00000   -0.09207   -1.05825
40.00000   456.00000   -0.82782   -1.02696
56.00000   456.00000   -0.57063   -1.09040
72.00000   456.00000   0.10354   -1.18938
88.00000   456.00000   0.04876   -1.14257
8.00000   472.00000   -0.64779   -1.03130
24.00000   472.00000   -0.31609   -1.08949
40.00000   472.00000   -0.52467   -1.11834
56.00000   472.00000   -0.14431   -1.10906
72.00000   472.00000   -0.67698   -1.10298
88.00000   472.00000   -0.08792   -1.20701
8.00000   488.00000   -0.52750   -1.29271
24.00000   488.00000   -0.30985   -1.12351
40.00000   488.00000   -0.64352   -1.15001
56.00000   488.00000   -0.63329   -1.08390
72.00000   488.00000   -0.16021   -1.10326
88.00000   488.00000   -0.25758   -1.13505
8.00000   504.00000   -0.37552   -1.14753
24.00000   504.00000   -0.88253   -1.16530
40.00000   504.00000   -0.59669   -1.27876
56.00000   504.00000   -0.73239   -1.01816
72.00000   504.00000   -0.45957   -1.05741
88.00000   504.00000   -0.09595   -1.10667
8.00000   520.00000   -0.72815   -1.19108
24.00000   520.00000   -0.51562   -1.26428
40.00000   520.00000   -0.71818   -1.14783
56.00000   520.00000   -0.30235   -1.21105
72.00000   520.00000   -0.35711   -1.05411
88.00000   520.00000   -0.24462   -1.13496
8.00000   536.00000   -0.59398   -1.33335
24.00000   536.00000   -0.37834   -1.18673
40.00000   536.00000   -0.54707   -1.42729
56.00000   536.00000   -0.42196   -1.36493
72.00000   536.00000   -0.26076   -1.06953
88.00000   536.00000   -0.31911   -1.25929
