# image 29 and 30 x,y,u,v
8.00000   8.00000   -0.40936   -0.99744
24.00000   8.00000   -0.10462   -1.04362
40.00000   8.00000   0.12520   -1.10326
56.00000   8.00000   0.04581   -1.12552
72.00000   8.00000   -0.04499   -1.08292
88.00000   8.00000   0.15796   -0.92142
8.00000   24.00000   -0.39008   -1.06341
24.00000   24.00000   -0.22070   -1.08465
40.00000   24.00000   0.29331   -1.15923
56.00000   24.00000   -0.09575   -1.11118
72.00000   24.00000   -0.19127   -0.94221
88.00000   24.00000   -0.26582   -0.93585
8.00000   40.00000   -0.51926   -0.85868
24.00000   40.00000   -0.13426   -1.01336
40.00000   40.00000   -0.00893   -0.84037
56.00000   40.00000   -0.16427   -1.10858
72.00000   40.00000   -0.23663   -1.05504
88.00000   40.00000   -0.20222   -0.94901
8.00000   56.00000   -0.37911   -1.14463
24.00000   56.00000   -0.09683   -1.10066
40.00000   56.00000   -0.17793   -1.11451
56.00000   56.00000   -0.23992   -0.99787
72.00000   56.00000   0.02690   -0.97569
88.00000   56.00000   0.07184   -0.99515
8.00000   72.00000   0.07182   -1.07462
24.00000   72.00000   -0.08809   -1.02792
40.00000   72.00000   -0.03824   -0.94638
56.00000   72.00000   0.09174   -0.98677
72.00000   72.00000   -0.04827   -1.06381
88.00000   72.00000   -0.17276   -1.00992
8.00000   88.00000   -0.45797   -1.01393
24.00000   88.00000   0.03782   -0.88226
40.00000   88.00000   -0.10184   -1.06852
56.00000   88.00000   0.17283   -1.05182
72.00000   88.00000   -0.04916   -1.09264
88.00000   88.00000   0.00611   -1.03905
8.00000   104.00000   -0.29147   -0.97468
24.00000   104.00000   -0.02273   -1.02370
40.00000   104.00000   -0.10740   -1.11705
56.00000   104.00000   -0.13560   -0.96327
72.00000   104.00000   -0.24940   -0.87670
88.00000   104.00000   -0.07545   -1.02725
8.00000   120.00000   -0.13196   -1.00724
24.00000   120.00000   0.07710   -0.88768
40.00000   120.00000   -0.07980   -1.22334
56.00000   120.00000   -0.13533   -1.16414
72.00000   120.00000   -0.01419   -0.96562
88.00000   120.00000   -0.15696   -0.97032
8.00000   136.00000   -0.06618   -1.11464
24.00000   136.00000   -0.03925   -1.07233
40.00000   136.00000   -0.15224   -1.08921
56.00000   136.00000   -0.35597   -0.98267
72.00000   136.00000   -0.18926   -1.01759
88.00000   136.00000   0.01469   -1.06043
8.00000   152.00000   -0.20985   -1.10743
24.00000   152.00000   -0.09856   -1.04087
40.00000   152.00000   -0.08584   -1.13501
56.00000   152.00000   -0.06333   -1.12212
72.00000   152.00000   -0.04734   -0.85819
88.00000   152.00000   -0.08722   -1.00083
8.00000   168.00000   -0.10612   -1.00058
24.00000   168.00000   0.03621   -1.15829
40.00000   168.00000   -0.20494   -0.91648
56.00000   168.00000   -0.08049   -1.06496
72.00000   168.00000   0.05545   -1.11123
88.00000   168.00000   -0.02690   -1.18819
8.00000   184.00000   -0.22401   -0.89397
24.00000   184.00000   0.11940   -0.86729
40.00000   184.00000   0.08541   -1.03361
56.00000   184.00000   0.03451   -1.04532
72.00000   184.00000   -0.02141   -1.06818
88.00000   184.00000   -0.00283   -1.07368
8.00000   200.00000   0.02611   -0.88920
24.00000   200.00000   -0.14112   -1.00863
40.00000   200.00000   0.05371   -0.94348
56.00000   200.00000   0.01822   -1.03209
72.00000   200.00000   -0.11824   -1.06248
88.00000   200.00000   -0.04802   -1.07267
8.00000   216.00000   -0.11772   -0.88568
24.00000   216.00000   -0.17434   -1.07806
40.00000   216.00000   -0.17185   -0.89787
56.00000   216.00000   0.03013   -0.91636
72.00000   216.00000   0.11342   -0.97749
88.00000   216.00000   -0.10405   -1.09121
8.00000   232.00000   0.02630   -0.95711
24.00000   232.00000   -0.01229   -0.96894
40.00000   232.00000   -0.09388   -1.08551
56.00000   232.00000   -0.13822   -0.93222
72.00000   232.00000   -0.02228   -0.96855
88.00000   232.00000   -0.09841   -0.94286
8.00000   248.00000   0.14821   -1.02033
24.00000   248.00000   -0.01442   -1.26757
40.00000   248.00000   0.28122   -1.15084
56.00000   248.00000   -0.51229   -1.11276
72.00000   248.00000   -0.39913   -0.98836
88.00000   248.00000   -0.30503   -0.82716
8.00000   264.00000   -0.05372   -1.20395
24.00000   264.00000   0.09213   -1.08003
40.00000   264.00000   -0.08277   -0.96990
56.00000   264.00000   0.03678   -0.74371
72.00000   264.00000   -0.43299   -1.11709
88.00000   264.00000   -0.33272   -1.05314
8.00000   280.00000   -0.15073   -1.05382
24.00000   280.00000   -0.02236   -1.02604
40.00000   280.00000   0.08956   -0.85322
56.00000   280.00000   0.06922   -1.11814
72.00000   280.00000   -0.50569   -0.93599
88.00000   280.00000   -0.13908   -0.93893
8.00000   296.00000   -0.03140   -0.93893
24.00000   296.00000   -0.02236   -1.19299
40.00000   296.00000   -0.15229   -0.97342
56.00000   296.00000   0.11552   -0.93387
72.00000   296.00000   -0.08349   -0.95996
88.00000   296.00000   -0.12121   -1.14830
8.00000   312.00000   -0.17417   -1.02453
24.00000   312.00000   -0.25573   -0.99647
40.00000   312.00000   -0.27387   -0.99384
56.00000   312.00000   -0.27706   -0.96873
72.00000   312.00000   -0.12407   -0.94637
88.00000   312.00000   0.06924   -0.94912
8.00000   328.00000   0.02055   -1.05761
24.00000   328.00000   0.23606   -1.00194
40.00000   328.00000   -0.51717   -1.04823
56.00000   328.00000   -0.52152   -0.86621
72.00000   328.00000   -0.05378   -1.01183
88.00000   328.00000   0.05868   -0.86084
8.00000   344.00000   -0.05247   -0.88478
24.00000   344.00000   -0.50253   -1.00619
40.00000   344.00000   -0.37271   -1.05961
56.00000   344.00000   -0.34088   -1.10579
72.00000   344.00000   -0.17809   -0.78706
88.00000   344.00000   0.03790   -0.86928
8.00000   360.00000   -0.00972   -0.89479
24.00000   360.00000   -0.46666   -0.96360
40.00000   360.00000   -0.52865   -0.89729
56.00000   360.00000   -0.53760   -0.89474
72.00000   360.00000   -0.32180   -0.72634
88.00000   360.00000   0.02245   -0.81045
8.00000   376.00000   -0.14622   -0.97648
24.00000   376.00000   -0.55477   -0.92299
40.00000   376.00000   -0.73104   -0.84147
56.00000   376.00000   -0.43196   -0.92591
72.00000   376.00000   -0.55154   -0.86249
88.00000   376.00000   -0.09744   -0.86249
8.00000   392.00000   0.12001   -1.09926
24.00000   392.00000   -0.65129   -0.82292
40.00000   392.00000   -0.82084   -1.01641
56.00000   392.00000   -0.56175   -0.88606
72.00000   392.00000   -0.06845   -1.11623
88.00000   392.00000   -0.06288   -0.98796
8.00000   408.00000   -0.33560   -1.05611
24.00000   408.00000   -0.54951   -0.95475
40.00000   408.00000   -0.73782   -1.01559
56.00000   408.00000   -0.55579   -0.98370
72.00000   408.00000   -0.26527   -1.00097
88.00000   408.00000   0.01064   -1.02220
8.00000   424.00000   -0.08184   -1.14410
24.00000   424.00000   -0.71780   -0.88517
40.00000   424.00000   -0.54766   -0.94060
56.00000   424.00000   -0.14835   -1.09427
72.00000   424.00000   -0.10928   -1.11250
88.00000   424.00000   -0.17605   -1.08701
8.00000   440.00000   -0.15396   -0.99816
24.00000   440.00000   -0.44261   -0.97152
40.00000   440.00000   -0.49872   -0.99471
56.00000   440.00000   -0.13326   -1.20497
72.00000   440.00000   -0.33391   -1.02165
88.00000   440.00000   -0.02462   -0.97151
8.00000   456.00000   -0.75295   -0.93528
24.00000   456.00000   -0.29583   -0.98477
40.00000   456.00000   -0.71454   -1.19359
56.00000   456.00000   -0.28622   -1.16040
72.00000   456.00000   -0.17554   -1.13056
88.00000   456.00000   -0.16218   -1.04495
8.00000   472.00000   -0.65263   -1.03315
24.00000   472.00000   -0.64400   -1.09594
40.00000   472.00000   -0.54584   -0.96209
56.00000   472.00000   -0.57321   -1.21249
72.00000   472.00000   -0.30826   -1.07833
88.00000   472.00000   -0.05387   -1.14592
8.00000   488.00000   -0.64471   -1.05549
24.00000   488.00000   -0.18874   -1.11316
40.00000   488.00000   -0.55657   -1.03100
56.00000   488.00000   0.02673   -1.14165
72.00000   488.00000   -0.22963   -1.24282
88.00000   488.00000   -0.16335   -1.09376
8.00000   504.00000   -0.67734   -1.10210
24.00000   504.00000   -0.59485   -1.18932
40.00000   504.00000   -0.61966   -0.99027
56.00000   504.00000   -0.57102   -0.90928
72.00000   504.00000   -0.25945   -1.18054
88.00000   504.00000   -0.17906   -1.24988
8.00000   520.00000   -0.63931   -1.06630
24.00000   520.00000   -0.45137   -1.24499
40.00000   520.00000   -0.16123   -1.26577
56.00000   520.00000   -0.23447   -1.19970
72.00000   520.00000   -0.29593   -1.16211
88.00000   520.00000   -0.38465   -1.15482
8.00000   536.00000   -0.91208   -1.00440
24.00000   536.00000   -0.52356   -1.16503
40.00000   536.00000   -0.25217   -1.19635
56.00000   536.00000   -0.33784   -1.19898
72.00000   536.00000   -0.36851   -1.26669
88.00000   536.00000   -0.07363   -1.24156
