# image 14 and 15 x,y,u,v
8.00000   8.00000   -0.53797   -1.04457
24.00000   8.00000   -0.19652   -1.01031
40.00000   8.00000   -0.00488   -1.20898
56.00000   8.00000   0.07887   -1.20931
72.00000   8.00000   -0.10280   -1.07900
88.00000   8.00000   0.04348   -0.90935
8.00000   24.00000   -0.50231   -0.98999
24.00000   24.00000   -0.17757   -1.03114
40.00000   24.00000   0.00487   -1.05482
56.00000   24.00000   -0.07434   -1.09164
72.00000   24.00000   -0.21507   -1.04550
88.00000   24.00000   0.07169   -0.98871
8.00000   40.00000   -0.57336   -1.04987
24.00000   40.00000   -0.19839   -1.14354
40.00000   40.00000   0.07148   -0.99038
56.00000   40.00000   -0.04719   -1.00258
72.00000   40.00000   -0.15413   -0.98286
88.00000   40.00000   -0.27717   -1.02710
8.00000   56.00000   -0.49850   -0.97907
24.00000   56.00000   -0.17746   -1.13448
40.00000   56.00000   -0.12024   -1.06118
56.00000   56.00000   -0.04128   -1.11790
72.00000   56.00000   -0.09390   -0.92081
88.00000   56.00000   -0.36503   -0.91946
8.00000   72.00000   -0.04923   -1.08425
24.00000   72.00000   -0.09798   -1.02519
40.00000   72.00000   0.31439   -0.99970
56.00000   72.00000   -0.06553   -0.93280
72.00000   72.00000   -0.12250   -0.85845
88.00000   72.00000   0.16561   -0.98898
8.00000   88.00000   -0.40344   -0.99372
24.00000   88.00000   -0.03721   -0.86037
40.00000   88.00000   -0.15866   -0.97374
56.00000   88.00000   -0.07621   -1.18578
72.00000   88.00000   -0.03641   -0.98929
88.00000   88.00000   0.06144   -0.87689
8.00000   104.00000   -0.34181   -0.94135
24.00000   104.00000   -0.19341   -1.07178
40.00000   104.00000   -0.12285   -1.09598
56.00000   104.00000   -0.03181   -1.10173
72.00000   104.00000   0.05082   -0.87017
88.00000   104.00000   -0.00040   -0.96923
8.00000   120.00000   -0.24883   -1.01630
24.00000   120.00000   -0.12847   -1.11158
40.00000   120.00000   -0.23681   -1.20189
56.00000   120.00000   -0.22766   -1.07235
72.00000   120.00000   -0.11463   -0.94101
88.00000   120.00000   0.00080   -0.97373
8.00000   136.00000   0.03996   -1.17810
24.00000   136.00000   -0.01070   -1.21137
40.00000   136.00000   -0.12202   -1.06401
56.00000   136.00000   -0.23953   -1.21449
72.00000   136.00000   -0.06625   -1.06431
88.00000   136.00000   -0.04619   -1.03679
8.00000   152.00000   0.16873   -1.18029
24.00000   152.00000   -0.11853   -1.14937
40.00000   152.00000   -0.43362   -1.02094
56.00000   152.00000   -0.15506   -1.04088
72.00000   152.00000   -0.14954   -1.11832
88.00000   152.00000   0.08686   -1.14200
8.00000   168.00000   -0.18229   -0.98225
24.00000   168.00000   -0.26888   -0.93667
40.00000   168.00000   -0.09656   -1.06401
56.00000   168.00000   -0.34598   -1.03706
72.00000   168.00000   0.03521   -1.30787
88.00000   168.00000   -0.09491   -1.17131
8.00000   184.00000   -0.34363   -0.87364
24.00000   184.00000   -0.11760   -1.10113
40.00000   184.00000   -0.05553   -1.11692
56.00000   184.00000   0.00863   -1.01479
72.00000   184.00000   0.02753   -1.11115
88.00000   184.00000   -0.10807   -1.02456
8.00000   200.00000   -0.06173   -1.02894
24.00000   200.00000   0.49092   -0.95426
40.00000   200.00000   -0.32702   -1.02495
56.00000   200.00000   -0.12338   -0.91575
72.00000   200.00000   -0.03325   -1.07566
88.00000   200.00000   -0.08310   -1.06327
8.00000   216.00000   -0.34992   -0.94751
24.00000   216.00000   -0.22089   -1.20220
40.00000   216.00000   0.02192   -1.08905
56.00000   216.00000   0.17818   -0.96267
72.00000   216.00000   -0.10414   -0.98297
88.00000   216.00000   -0.21573   -1.14590
8.00000   232.00000   -0.05484   -0.99487
24.00000   232.00000   0.20697   -0.80992
40.00000   232.00000   -0.46508   -0.92545
56.00000   232.00000   0.23292   -0.99783
72.00000   232.00000   -0.09779   -0.95361
88.00000   232.00000   -0.08591   -0.97675
8.00000   248.00000   0.02506   -1.03948
24.00000   248.00000   -0.16021   -0.91164
40.00000   248.00000   0.08205   -0.79435
56.00000   248.00000   0.37858   -1.02211
72.00000   248.00000   -0.38096   -1.08915
88.00000   248.00000   -0.23068   -1.00188
8.00000   264.00000   -0.07590   -1.03132
24.00000   264.00000   0.13844   -1.00922
40.00000   264.00000   -0.12521   -0.93595
56.00000   264.00000   0.04479   -0.83177
72.00000   264.00000   -0.20064   -0.89248
88.00000   264.00000   -0.24802   -1.00847
8.00000   280.00000   0.04946   -1.13758
24.00000   280.00000   0.13317   -1.11806
40.00000   280.00000   0.01338   -0.85987
56.00000   280.00000   0.07471   -0.94360
72.00000   280.00000   -0.42758   -0.82096
88.00000   280.00000   -0.42274   -0.81544
8.00000   296.00000   0.16333   -0.99689
24.00000   296.00000   -0.04240   -1.05123
40.00000   296.00000   -0.16169   -0.83678
56.00000   296.00000   0.06748   -0.92328
72.00000   296.00000   0.02507   -0.90361
88.00000   296.00000   -0.26953   -1.03149
8.00000   312.00000   -0.34264   -1.05856
24.00000   312.00000   -0.37440   -0.97781
40.00000   312.00000   0.08011   -0.99250
56.00000   312.00000   -0.26007   -0.93370
72.00000   312.00000   -0.19386   -0.87474
88.00000   312.00000   0.04215   -0.94650
8.00000   328.00000   -0.08545   -0.97828
24.00000   328.00000   -0.24063   -0.98241
40.00000   328.00000   -0.68209   -0.96076
56.00000   328.00000   -0.61572   -1.09668
72.00000   328.00000   -0.19818   -1.05007
88.00000   328.00000   0.09501   -0.85009
8.00000   344.00000   -0.13690   -0.86231
24.00000   344.00000   -0.32905   -0.90347
40.00000   344.00000   -0.73963   -1.01564
56.00000   344.00000   -0.52700   -1.00789
72.00000   344.00000   -0.19046   -1.00789
88.00000   344.00000   -0.04906   -0.93808
8.00000   360.00000   -0.27029   -1.00781
24.00000   360.00000   0.50146   -1.04311
40.00000   360.00000   -0.56410   -1.01601
56.00000   360.00000   -0.58853   -0.92877
72.00000   360.00000   -0.16491   -0.78907
88.00000   360.00000   0.07010   -0.83646
8.00000   376.00000   0.12699   -1.06699
24.00000   376.00000   -0.57799   -0.95652
40.00000   376.00000   -0.09877   -0.88932
56.00000   376.00000   -0.91306   -0.92351
72.00000   376.00000   -0.35712   -0.77221
88.00000   376.00000   0.05487   -0.87095
8.00000   392.00000   -0.27603   -0.98780
24.00000   392.00000   -0.55248   -1.08843
40.00000   392.00000   -0.76332   -0.98393
56.00000   392.00000   -0.57544   -0.94388
72.00000   392.00000   -0.08961   -1.12680
88.00000   392.00000   -0.08335   -0.90755
8.00000   408.00000   -0.07686   -1.07125
24.00000   408.00000   -0.75326   -1.00340
40.00000   408.00000   -0.69799   -1.00614
56.00000   408.00000   -0.56416   -0.93629
72.00000   408.00000   -0.25652   -1.00826
88.00000   408.00000   -0.02609   -1.12521
8.00000   424.00000   -0.17812   -1.08202
24.00000   424.00000   -0.44315   -0.84148
40.00000   424.00000   -0.70937   -1.10329
56.00000   424.00000   -0.29256   -0.96672
72.00000   424.00000   -0.22931   -1.10730
88.00000   424.00000   -0.32813   -1.03595
8.00000   440.00000   -0.18188   -0.95183
24.00000   440.00000   -0.77867   -0.96002
40.00000   440.00000   -0.65222   -1.12755
56.00000   440.00000   -0.07178   -1.03138
72.00000   440.00000   -0.26233   -1.07725
88.00000   440.00000   -0.03430   -1.20555
8.00000   456.00000   -0.73127   -1.08528
24.00000   456.00000   -0.41293   -1.35549
40.00000   456.00000   -0.48235   -1.11887
56.00000   456.00000   -0.27700   -1.03857
72.00000   456.00000   -0.10032   -1.01546
88.00000   456.00000   -0.24662   -0.99650
8.00000   472.00000   -0.70451   -0.98394
24.00000   472.00000   -0.61533   -0.99430
40.00000   472.00000   -0.49596   -0.96467
56.00000   472.00000   -0.07637   -1.12622
72.00000   472.00000   -0.50592   -0.98576
88.00000   472.00000   -0.11201   -0.98134
8.00000   488.00000   0.16872   -1.35926
24.00000   488.00000   -0.25170   -0.99186
40.00000   488.00000   -0.57940   -1.10122
56.00000   488.00000   -0.62530   -1.05646
72.00000   488.00000   -0.18323   -1.08016
88.00000   488.00000   -0.19059   -1.07800
8.00000   504.00000   -0.40492   -1.01287
24.00000   504.00000   -0.38302   -1.04796
40.00000   504.00000   -0.38773   -1.12584
56.00000   504.00000   -0.61925   -1.15548
72.00000   504.00000   -0.14429   -1.18454
88.00000   504.00000   -0.23183   -1.10626
8.00000   520.00000   -0.82239   -1.09033
24.00000   520.00000   -0.66643   -1.07780
40.00000   520.00000   -0.57819   -1.27309
56.00000   520.00000   -0.61440   -1.29349
72.00000   520.00000   -0.39053   -1.34336
88.00000   520.00000   -0.39120   -1.17650
8.00000   536.00000   -0.32176   -1.00953
24.00000   536.00000   -0.39256   -1.15664
40.00000   536.00000   -0.35968   -1.22518
56.00000   536.00000   -0.34764   -1.16649
72.00000   536.00000   -0.37174   -1.21036
88.00000   536.00000   -0.33181   -1.12360
