# image 62 and 63 x,y,u,v
8.00000   8.00000   -0.58538   -1.11840
24.00000   8.00000   -0.23150   -0.87882
40.00000   8.00000   0.32375   -0.95509
56.00000   8.00000   0.12968   -1.02656
72.00000   8.00000   -0.02581   -1.06778
88.00000   8.00000   -0.03045   -0.94744
8.00000   24.00000   -0.48609   -1.03334
24.00000   24.00000   -0.39645   -0.96958
40.00000   24.00000   0.20525   -1.00031
56.00000   24.00000   0.05242   -0.99803
72.00000   24.00000   -0.34479   -1.05312
88.00000   24.00000   -0.05581   -0.88744
8.00000   40.00000   -0.47891   -1.07381
24.00000   40.00000   -0.29156   -1.10852
40.00000   40.00000   -0.25339   -1.12721
56.00000   40.00000   -0.11960   -1.08956
72.00000   40.00000   -0.25617   -0.91509
88.00000   40.00000   -0.44741   -0.94118
8.00000   56.00000   -0.27088   -1.12367
24.00000   56.00000   -0.24041   -0.98583
40.00000   56.00000   -0.16226   -1.20661
56.00000   56.00000   -0.24538   -0.92805
72.00000   56.00000   -0.07108   -0.93662
88.00000   56.00000   -0.37915   -0.97599
8.00000   72.00000   -0.37952   -1.09184
24.00000   72.00000   0.13941   -0.97028
40.00000   72.00000   0.01211   -0.92723
56.00000   72.00000   -0.13672   -1.01081
72.00000   72.00000   0.22355   -0.96726
88.00000   72.00000   -0.23447   -0.99733
8.00000   88.00000   -0.11814   -1.03603
24.00000   88.00000   -0.09265   -1.10431
40.00000   88.00000   -0.02408   -0.98649
56.00000   88.00000   -0.28140   -0.91235
72.00000   88.00000   -0.06913   -0.99348
88.00000   88.00000   0.15439   -1.00854
8.00000   104.00000   -0.26128   -1.02164
24.00000   104.00000   0.07792   -1.06675
40.00000   104.00000   0.32621   -0.86351
56.00000   104.00000   -0.24843   -0.93714
72.00000   104.00000   -0.15590   -1.05283
88.00000   104.00000   -0.10664   -0.98183
8.00000   120.00000   -0.29148   -0.94361
24.00000   120.00000   0.13587   -1.06649
40.00000   120.00000   -0.07106   -0.93688
56.00000   120.00000   -0.09172   -1.04331
72.00000   120.00000   -0.16251   -1.00740
88.00000   120.00000   -0.13657   -0.99534
8.00000   136.00000   -0.05854   -1.05925
24.00000   136.00000   -0.38969   -1.04886
40.00000   136.00000   0.05047   -1.07656
56.00000   136.00000   -0.14192   -1.02273
72.00000   136.00000   -0.33387   -1.04599
88.00000   136.00000   -0.16479   -0.97304
8.00000   152.00000   -0.04513   -1.11534
24.00000   152.00000   -0.08155   -1.05190
40.00000   152.00000   -0.26844   -1.15643
56.00000   152.00000   0.15571   -1.07508
72.00000   152.00000   -0.12112   -0.99883
88.00000   152.00000   -0.12831   -1.04317
8.00000   168.00000   -0.06798   -1.10044
24.00000   168.00000   0.34230   -0.99748
40.00000   168.00000   0.12730   -0.98943
56.00000   168.00000   0.05537   -1.02156
72.00000   168.00000   0.01148   -0.96955
88.00000   168.00000   -0.07807   -1.07988
8.00000   184.00000   -0.06459   -0.99079
24.00000   184.00000   -0.11988   -0.90452
40.00000   184.00000   -0.08086   -0.85353
56.00000   184.00000   0.03635   -1.02310
72.00000   184.00000   -0.04654   -1.04583
88.00000   184.00000   0.18324   -1.10294
8.00000   200.00000   0.04420   -1.08563
24.00000   200.00000   -0.25283   -0.87441
40.00000   200.00000   0.08023   -0.91937
56.00000   200.00000   -0.02022   -0.96854
72.00000   200.00000   -0.02519   -1.09059
88.00000   200.00000   -0.04284   -1.02463
8.00000   216.00000   0.00390   -0.98889
24.00000   216.00000   0.06124   -0.97230
40.00000   216.00000   -0.04397   -1.08313
56.00000   216.00000   -0.01079   -1.11813
72.00000   216.00000   -0.24588   -1.10144
88.00000   216.00000   -0.04919   -1.06091
8.00000   232.00000   -0.17446   -1.03175
24.00000   232.00000   -0.13858   -0.98498
40.00000   232.00000   -0.13553   -1.08273
56.00000   232.00000   0.16093   -1.07002
72.00000   232.00000   0.21988   -0.92709
88.00000   232.00000   -0.15536   -0.86112
8.00000   248.00000   -0.03206   -0.94832
24.00000   248.00000   -0.14664   -0.91191
40.00000   248.00000   0.35336   -1.11615
56.00000   248.00000   0.00415   -1.16438
72.00000   248.00000   -0.40393   -0.81775
88.00000   248.00000   -0.35772   -0.87706
8.00000   264.00000   -0.13732   -1.21169
24.00000   264.00000   -0.11981   -0.95536
40.00000   264.00000   -0.03693   -0.70530
56.00000   264.00000   -0.16658   -0.90729
72.00000   264.00000   -0.14956   -0.91898
88.00000   264.00000   -0.06548   -0.91438
8.00000   280.00000   0.01549   -1.08468
24.00000   280.00000   -0.08868   -1.06867
40.00000   280.00000   0.26236   -0.91380
56.00000   280.00000   0.14537   -0.88537
72.00000   280.00000   -0.31351   -0.81202
88.00000   280.00000   -0.23404   -0.90867
8.00000   296.00000   -0.00335   -1.01376
24.00000   296.00000   0.00942   -1.00292
40.00000   296.00000   0.12916   -1.00304
56.00000   296.00000   -0.08110   -0.94642
72.00000   296.00000   -0.18330   -0.99168
88.00000   296.00000   -0.18653   -0.85637
8.00000   312.00000   -0.03133   -1.11551
24.00000   312.00000   -0.39684   -0.97133
40.00000   312.00000   -0.12965   -0.98436
56.00000   312.00000   -0.01538   -1.01639
72.00000   312.00000   -0.05479   -0.82230
88.00000   312.00000   0.08910   -0.90934
8.00000   328.00000   -0.07327   -0.92858
24.00000   328.00000   -0.20765   -0.93737
40.00000   328.00000   -0.60603   -1.10056
56.00000   328.00000   -0.30107   -0.98673
72.00000   328.00000   -0.26739   -0.90688
88.00000   328.00000   0.09501   -0.96992
8.00000   344.00000   0.09084   -1.02961
24.00000   344.00000   -0.45657   -0.87855
40.00000   344.00000   -0.64453   -0.94726
56.00000   344.00000   -0.09573   -0.90380
72.00000   344.00000   -0.05657   -1.03864
88.00000   344.00000   -0.16774   -0.79160
8.00000   360.00000   -0.31193   -1.00875
24.00000   360.00000   -0.45063   -0.82303
40.00000   360.00000   -0.55637   -0.86031
56.00000   360.00000   -0.69110   -0.89919
72.00000   360.00000   -0.37960   -1.00682
88.00000   360.00000   0.00086   -0.91671
8.00000   376.00000   -0.06273   -1.00485
24.00000   376.00000   -0.44276   -0.93076
40.00000   376.00000   -0.79873   -0.91550
56.00000   376.00000   -0.30490   -1.01115
72.00000   376.00000   -0.08238   -1.04153
88.00000   376.00000   0.18373   -0.83528
8.00000   392.00000   -0.16171   -1.06930
24.00000   392.00000   -0.56667   -0.92727
40.00000   392.00000   -0.68529   -0.95737
56.00000   392.00000   -0.43696   -0.86187
72.00000   392.00000   -0.19918   -0.91825
88.00000   392.00000   -0.06910   -0.96426
8.00000   408.00000   -0.40906   -1.07288
24.00000   408.00000   -0.68432   -0.91983
40.00000   408.00000   -0.66960   -0.94277
56.00000   408.00000   -0.34758   -1.11481
72.00000   408.00000   -0.34589   -1.01504
88.00000   408.00000   -0.03616   -0.92283
8.00000   424.00000   -0.36746   -0.99231
24.00000   424.00000   -0.54768   -1.01660
40.00000   424.00000   -0.80824   -1.13317
56.00000   424.00000   -0.08692   -1.10262
72.00000   424.00000   -0.17387   -1.21402
88.00000   424.00000   -0.21519   -1.13788
8.00000   440.00000   -0.48444   -0.96414
24.00000   440.00000   -0.55201   -1.14686
40.00000   440.00000   -0.59328   -1.22546
56.00000   440.00000   -0.14730   -1.06133
72.00000   440.00000   -0.15868   -1.23462
88.00000   440.00000   -0.06957   -1.19096
8.00000   456.00000   -0.77877   -1.05159
24.00000   456.00000   -0.61618   -1.01508
40.00000   456.00000   -0.52452   -1.12102
56.00000   456.00000   -0.30386   -1.26192
72.00000   456.00000   -0.08192   -0.96707
88.00000   456.00000   -0.24392   -1.11738
8.00000   472.00000   -0.64048   -1.01842
24.00000   472.00000   -0.43927   -1.15776
40.00000   472.00000   -0.36510   -1.17224
56.00000   472.00000   -0.06454   -1.16770
72.00000   472.00000   -0.43089   -1.12305
88.00000   472.00000   0.01343   -1.06279
8.00000   488.00000   -0.42912   -1.34509
24.00000   488.00000   -0.63915   -1.15611
40.00000   488.00000   -0.52952   -1.09348
56.00000   488.00000   -0.30830   -1.08596
72.00000   488.00000   -0.25578   -1.20008
88.00000   488.00000   -0.06520   -1.01990
8.00000   504.00000   -0.75994   -1.13267
24.00000   504.00000   -0.61359   -1.12648
40.00000   504.00000   -0.71756   -1.11609
56.00000   504.00000   -0.63336   -1.10096
72.00000   504.00000   -0.43336   -1.28288
88.00000   504.00000   -0.14598   -1.15249
8.00000   520.00000   -0.59870   -0.95007
24.00000   520.00000   -0.55078   -1.16226
40.00000   520.00000   -0.06878   -1.05602
56.00000   520.00000   -0.35719   -1.22832
72.00000   520.00000   -0.52246   -1.22832
88.00000   520.00000   -0.05467   -1.23660
8.00000   536.00000   -0.39415   -1.10256
24.00000   536.00000   -0.53827   -0.98136
40.00000   536.00000   -0.29855   -1.25832
56.00000   536.00000   -0.57347   -1.56672
72.00000   536.00000   -0.39284   -1.42618
88.00000   536.00000   -0.12365   -1.21263
