# image 42 and 43 x,y,u,v
8.00000   8.00000   -0.78033   -1.03991
24.00000   8.00000   -0.18446   -0.92375
40.00000   8.00000   0.47679   -0.97466
56.00000   8.00000   0.11039   -1.22185
72.00000   8.00000   0.12185   -0.98404
88.00000   8.00000   -0.16281   -1.03744
8.00000   24.00000   -0.44450   -1.03231
24.00000   24.00000   -0.33352   -1.07392
40.00000   24.00000   -0.02042   -1.20666
56.00000   24.00000   -0.28393   -1.07378
72.00000   24.00000   -0.06648   -0.97912
88.00000   24.00000   -0.20852   -0.95922
8.00000   40.00000   -0.64583   -1.11885
24.00000   40.00000   -0.24594   -1.16064
40.00000   40.00000   -0.15887   -1.06162
56.00000   40.00000   0.01749   -1.05005
72.00000   40.00000   -0.32977   -0.99241
88.00000   40.00000   -0.23782   -0.86007
8.00000   56.00000   -0.32790   -1.19516
24.00000   56.00000   -0.10194   -1.13623
40.00000   56.00000   -0.08300   -1.10015
56.00000   56.00000   -0.22724   -0.97521
72.00000   56.00000   -0.04768   -0.89534
88.00000   56.00000   -0.18220   -0.92322
8.00000   72.00000   -0.55136   -0.97835
24.00000   72.00000   0.01244   -1.00670
40.00000   72.00000   -0.23719   -1.00989
56.00000   72.00000   0.08619   -0.89135
72.00000   72.00000   0.04153   -0.95604
88.00000   72.00000   -0.32781   -0.91117
8.00000   88.00000   -0.39725   -0.91611
24.00000   88.00000   0.01704   -1.03060
40.00000   88.00000   -0.16759   -1.08510
56.00000   88.00000   -0.01704   -1.00938
72.00000   88.00000   -0.23011   -1.10506
88.00000   88.00000   0.02386   -1.04290
8.00000   104.00000   -0.44440   -1.05127
24.00000   104.00000   -0.06473   -1.18340
40.00000   104.00000   -0.12226   -0.98903
56.00000   104.00000   -0.34030   -0.87010
72.00000   104.00000   -0.06001   -1.09978
88.00000   104.00000   -0.08809   -0.93064
8.00000   120.00000   -0.16495   -1.04350
24.00000   120.00000   -0.24883   -1.24770
40.00000   120.00000   -0.11211   -1.02766
56.00000   120.00000   -0.15241   -1.01798
72.00000   120.00000   -0.15435   -1.10009
88.00000   120.00000   -0.15508   -1.05102
8.00000   136.00000   -0.11134   -1.09953
24.00000   136.00000   0.08666   -0.98290
40.00000   136.00000   0.12861   -1.15071
56.00000   136.00000   0.04911   -1.18576
72.00000   136.00000   -0.17822   -1.00251
88.00000   136.00000   -0.16012   -1.02584
8.00000   152.00000   -0.21604   -1.07832
24.00000   152.00000   0.21778   -0.83772
40.00000   152.00000   -0.05832   -0.93432
56.00000   152.00000   -0.27995   -0.94800
72.00000   152.00000   -0.05719   -1.10325
88.00000   152.00000   -0.15304   -1.00221
8.00000   168.00000   0.17916   -1.01980
24.00000   168.00000   -0.22548   -0.76597
40.00000   168.00000   -0.07537   -0.91257
56.00000   168.00000   -0.10029   -1.11359
72.00000   168.00000   -0.14875   -0.93270
88.00000   168.00000   -0.13180   -1.12469
8.00000   184.00000   0.07347   -1.03938
24.00000   184.00000   -0.11416   -1.01277
40.00000   184.00000   0.14681   -1.05983
56.00000   184.00000   0.04442   -1.03374
72.00000   184.00000   -0.08463   -1.10634
88.00000   184.00000   -0.08392   -1.09706
8.00000   200.00000   -0.09758   -1.02738
24.00000   200.00000   -0.21641   -1.05396
40.00000   200.00000   0.16680   -0.86117
56.00000   200.00000   -0.01667   -0.94568
72.00000   200.00000   0.09446   -1.01138
88.00000   200.00000   -0.08020   -0.99137
8.00000   216.00000   -0.48786   -1.01122
24.00000   216.00000   -0.07694   -1.10518
40.00000   216.00000   0.22128   -0.83876
56.00000   216.00000   0.04901   -1.06666
72.00000   216.00000   -0.00944   -0.96998
88.00000   216.00000   -0.18650   -1.03703
8.00000   232.00000   -0.23920   -1.05297
24.00000   232.00000   0.00501   -1.12233
40.00000   232.00000   0.07201   -0.96300
56.00000   232.00000   -0.33394   -1.06978
72.00000   232.00000   -0.00656   -0.97288
88.00000   232.00000   -0.04962   -0.88829
8.00000   248.00000   -0.03136   -1.05679
24.00000   248.00000   -0.12725   -0.89829
40.00000   248.00000   0.07208   -0.95236
56.00000   248.00000   0.12776   -0.97086
72.00000   248.00000   -0.41421   -1.14187
88.00000   248.00000   -0.26806   -1.02492
8.00000   264.00000   -0.07514   -1.12169
24.00000   264.00000   -0.28804   -0.92453
40.00000   264.00000   -0.02636   -0.81797
56.00000   264.00000   0.49414   -0.95635
72.00000   264.00000   -0.54418   -0.99073
88.00000   264.00000   -0.34091   -0.90500
8.00000   280.00000   -0.29281   -1.20871
24.00000   280.00000   -0.03373   -1.15694
40.00000   280.00000   0.15352   -1.09087
56.00000   280.00000   0.16405   -1.09976
72.00000   280.00000   0.20911   -0.85715
88.00000   280.00000   -0.07166   -0.94679
8.00000   296.00000   -0.13133   -0.93136
24.00000   296.00000   -0.16611   -0.99417
40.00000   296.00000   0.12860   -1.01069
56.00000   296.00000   0.11096   -0.91722
72.00000   296.00000   -0.16185   -0.88929
88.00000   296.00000   -0.16690   -0.86298
8.00000   312.00000   -0.21295   -1.05121
24.00000   312.00000   0.45067   -1.12505
40.00000   312.00000   -0.02493   -1.09954
56.00000   312.00000   -0.54346   -0.99804
72.00000   312.00000   0.11239   -0.97954
88.00000   312.00000   -0.01263   -0.91117
8.00000   328.00000   -0.07734   -1.06000
24.00000   328.00000   -0.29115   -0.75948
40.00000   328.00000   -0.58333   -0.95550
56.00000   328.00000   -0.37293   -1.03278
72.00000   328.00000   -0.14644   -1.03035
88.00000   328.00000   0.00727   -0.89194
8.00000   344.00000   -0.12207   -0.90676
24.00000   344.00000   -0.44833   -0.96863
40.00000   344.00000   -0.45848   -1.02024
56.00000   344.00000   -0.28203   -1.02175
72.00000   344.00000   -0.20466   -0.95990
88.00000   344.00000   0.02406   -0.83892
8.00000   360.00000   -0.08539   -1.05522
24.00000   360.00000   -0.27244   -0.98379
40.00000   360.00000   -0.54594   -0.94790
56.00000   360.00000   -0.32959   -0.91579
72.00000   360.00000   -0.22781   -0.86099
88.00000   360.00000   0.02742   -1.06150
8.00000   376.00000   -0.06773   -0.89093
24.00000   376.00000   -0.20583   -0.91099
40.00000   376.00000   -0.80478   -0.87860
56.00000   376.00000   -0.48744   -0.80322
72.00000   376.00000   -0.11619   -0.95431
88.00000   376.00000   0.02010   -0.87863
8.00000   392.00000   -0.30965   -1.12735
24.00000   392.00000   -0.37327   -0.88782
40.00000   392.00000   -0.73709   -1.04580
56.00000   392.00000   -0.71655   -0.92857
72.00000   392.00000   -0.24803   -1.00004
88.00000   392.00000   -0.15446   -0.79051
8.00000   408.00000   -0.20587   -1.08477
24.00000   408.00000   -0.55653   -0.94695
40.00000   408.00000   -0.60838   -0.91349
56.00000   408.00000   -0.61134   -1.12585
72.00000   408.00000   0.03436   -1.13665
88.00000   408.00000   0.06192   -1.05784
8.00000   424.00000   -0.09732   -0.98473
24.00000   424.00000   -0.61222   -0.99844
40.00000   424.00000   -0.40271   -0.88193
56.00000   424.00000   -0.24693   -1.19051
72.00000   424.00000   -0.10472   -1.15998
88.00000   424.00000   -0.18707   -1.03331
8.00000   440.00000   -0.16937   -1.00913
24.00000   440.00000   -0.68202   -1.03306
40.00000   440.00000   -0.22030   -0.79466
56.00000   440.00000   -0.61891   -1.05116
72.00000   440.00000   -0.26417   -1.18498
88.00000   440.00000   0.04568   -1.17780
8.00000   456.00000   -0.82063   -0.93403
24.00000   456.00000   -0.44905   -1.10417
40.00000   456.00000   -0.67406   -1.11901
56.00000   456.00000   -0.15611   -0.94823
72.00000   456.00000   -0.20048   -1.23995
88.00000   456.00000   -0.10673   -1.10741
8.00000   472.00000   -0.71706   -1.13099
24.00000   472.00000   -0.32400   -1.05247
40.00000   472.00000   -0.56041   -1.01431
56.00000   472.00000   -0.51857   -1.27355
72.00000   472.00000   -0.51477   -1.20508
88.00000   472.00000   -0.04646   -1.19250
8.00000   488.00000   -0.61656   -1.08766
24.00000   488.00000   -0.72968   -1.05101
40.00000   488.00000   -0.61360   -1.17387
56.00000   488.00000   -0.24022   -1.21123
72.00000   488.00000   -0.38170   -1.03920
88.00000   488.00000   -0.41151   -1.01442
8.00000   504.00000   -0.51737   -1.08801
24.00000   504.00000   -0.61742   -0.91158
40.00000   504.00000   -0.08837   -1.16670
56.00000   504.00000   -0.52141   -1.09085
72.00000   504.00000   -0.38974   -1.11528
88.00000   504.00000   -0.09425   -1.15295
8.00000   520.00000   -0.59740   -1.04319
24.00000   520.00000   -0.67071   -1.14039
40.00000   520.00000   -0.44545   -1.20870
56.00000   520.00000   -0.48884   -1.25599
72.00000   520.00000   -0.56085   -1.21668
88.00000   520.00000   -0.07665   -1.24090
8.00000   536.00000   0.06210   -0.96114
24.00000   536.00000   -0.23163   -1.18746
40.00000   536.00000   -0.13123   -1.15742
56.00000   536.00000   -0.46434   -1.34063
72.00000   536.00000   -0.19352   -1.28538
88.00000   536.00000   -0.25704   -1.07246
