# image 30 and 31 x,y,u,v
8.00000   8.00000   -0.41427   -1.06552
24.00000   8.00000   -0.22952   -0.88808
40.00000   8.00000   -0.02567   -1.11090
56.00000   8.00000   0.00669   -1.02477
72.00000   8.00000   0.09182   -1.07602
88.00000   8.00000   0.28316   -0.99819
8.00000   24.00000   -0.61803   -1.05450
24.00000   24.00000   -0.13295   -1.14410
40.00000   24.00000   0.46788   -1.04143
56.00000   24.00000   -0.08740   -0.95545
72.00000   24.00000   -0.19515   -0.96318
88.00000   24.00000   -0.14656   -0.99720
8.00000   40.00000   -0.50515   -1.01114
24.00000   40.00000   -0.18209   -1.08973
40.00000   40.00000   -0.17012   -1.04593
56.00000   40.00000   -0.15577   -1.00653
72.00000   40.00000   -0.15231   -1.06348
88.00000   40.00000   -0.23263   -0.91589
8.00000   56.00000   -0.39555   -1.12772
24.00000   56.00000   -0.23756   -1.12165
40.00000   56.00000   -0.11692   -1.01568
56.00000   56.00000   -0.20344   -0.90831
72.00000   56.00000   -0.19183   -1.05142
88.00000   56.00000   -0.06494   -0.81961
8.00000   72.00000   -0.16184   -1.11579
24.00000   72.00000   -0.09248   -1.04044
40.00000   72.00000   -0.05099   -0.94411
56.00000   72.00000   0.14512   -1.05157
72.00000   72.00000   0.07583   -1.03808
88.00000   72.00000   -0.20875   -1.00173
8.00000   88.00000   -0.30987   -1.06046
24.00000   88.00000   -0.03853   -1.00435
40.00000   88.00000   -0.05076   -1.10150
56.00000   88.00000   0.03702   -1.02398
72.00000   88.00000   0.02195   -1.11028
88.00000   88.00000   -0.07988   -0.95459
8.00000   104.00000   -0.41398   -1.03323
24.00000   104.00000   0.02355   -1.15557
40.00000   104.00000   -0.17456   -1.18246
56.00000   104.00000   0.02015   -1.00608
72.00000   104.00000   -0.15149   -0.78316
88.00000   104.00000   0.04077   -0.93112
8.00000   120.00000   -0.19639   -1.04442
24.00000   120.00000   -0.06865   -1.04357
40.00000   120.00000   -0.28706   -1.16923
56.00000   120.00000   -0.21548   -1.06659
72.00000   120.00000   -0.00416   -0.93665
88.00000   120.00000   -0.14792   -0.94711
8.00000   136.00000   -0.11304   -1.17991
24.00000   136.00000   0.01779   -1.15562
40.00000   136.00000   -0.15462   -1.10236
56.00000   136.00000   -0.30070   -0.95563
72.00000   136.00000   -0.09862   -1.03321
88.00000   136.00000   0.01802   -1.06612
8.00000   152.00000   -0.15514   -1.09796
24.00000   152.00000   -0.23284   -1.09602
40.00000   152.00000   -0.18077   -1.21478
56.00000   152.00000   -0.09236   -1.10329
72.00000   152.00000   -0.13568   -0.89529
88.00000   152.00000   -0.21108   -0.85806
8.00000   168.00000   -0.10675   -0.87199
24.00000   168.00000   -0.08934   -1.06108
40.00000   168.00000   -0.09342   -1.02375
56.00000   168.00000   -0.26102   -1.07156
72.00000   168.00000   -0.03556   -1.08761
88.00000   168.00000   -0.03370   -1.05775
8.00000   184.00000   -0.03635   -0.96999
24.00000   184.00000   0.01504   -0.88493
40.00000   184.00000   0.03076   -0.87198
56.00000   184.00000   -0.03543   -1.10070
72.00000   184.00000   -0.12280   -1.19866
88.00000   184.00000   -0.12380   -1.14576
8.00000   200.00000   -0.12297   -0.97488
24.00000   200.00000   0.02379   -0.88668
40.00000   200.00000   0.12228   -1.07608
56.00000   200.00000   0.02065   -1.03954
72.00000   200.00000   0.00651   -1.01436
88.00000   200.00000   -0.14630   -1.10375
8.00000   216.00000   -0.29235   -0.97516
24.00000   216.00000   -0.14823   -0.99364
40.00000   216.00000   -0.16427   -0.95564
56.00000   216.00000   0.11552   -0.92822
72.00000   216.00000   0.09199   -0.89547
88.00000   216.00000   -0.09737   -1.18826
8.00000   232.00000   -0.14691   -0.92991
24.00000   232.00000   0.08025   -0.97722
40.00000   232.00000   -0.07063   -1.06019
56.00000   232.00000   -0.04908   -0.82934
72.00000   232.00000   -0.04886   -0.98256
88.00000   232.00000   -0.07695   -0.91081
8.00000   248.00000   -0.09072   -1.03847
24.00000   248.00000   -0.08589   -1.05652
40.00000   248.00000   0.24843   -0.97248
56.00000   248.00000   -0.23591   -1.20537
72.00000   248.00000   -0.44628   -1.07419
88.00000   248.00000   -0.29900   -0.92173
8.00000   264.00000   0.08894   -1.11991
24.00000   264.00000   0.15032   -1.20749
40.00000   264.00000   0.11287   -0.96962
56.00000   264.00000   0.21047   -0.81529
72.00000   264.00000   -0.31324   -0.88833
88.00000   264.00000   -0.28803   -0.93190
8.00000   280.00000   -0.09736   -0.95945
24.00000   280.00000   -0.03545   -0.92621
40.00000   280.00000   0.17891   -0.89446
56.00000   280.00000   0.07425   -1.01609
72.00000   280.00000   -0.21791   -0.90588
88.00000   280.00000   -0.27439   -0.86353
8.00000   296.00000   -0.14783   -1.06048
24.00000   296.00000   0.29749   -1.05467
40.00000   296.00000   -0.11013   -0.92980
56.00000   296.00000   0.03977   -1.05319
72.00000   296.00000   -0.40136   -0.97572
88.00000   296.00000   0.03670   -0.94256
8.00000   312.00000   -0.12421   -1.05388
24.00000   312.00000   -0.17853   -1.13051
40.00000   312.00000   -0.20133   -1.06705
56.00000   312.00000   -0.36765   -0.86966
72.00000   312.00000   -0.19150   -0.88502
88.00000   312.00000   0.04289   -0.86455
8.00000   328.00000   -0.04164   -1.09077
24.00000   328.00000   -0.00056   -1.00414
40.00000   328.00000   -0.58731   -1.01353
56.00000   328.00000   -0.55104   -0.82648
72.00000   328.00000   0.06820   -0.79719
88.00000   328.00000   0.02056   -0.85254
8.00000   344.00000   0.02802   -0.93744
24.00000   344.00000   -0.81898   -1.08086
40.00000   344.00000   -0.46773   -0.93228
56.00000   344.00000   -0.33842   -1.09443
72.00000   344.00000   -0.27098   -0.95058
88.00000   344.00000   -0.09842   -0.99845
8.00000   360.00000   0.04930   -0.96343
24.00000   360.00000   -0.35298   -1.03084
40.00000   360.00000   -0.30663   -0.86995
56.00000   360.00000   -0.54321   -0.94169
72.00000   360.00000   -0.29139   -0.82207
88.00000   360.00000   0.03116   -0.94844
8.00000   376.00000   0.02434   -0.95182
24.00000   376.00000   -0.62498   -1.00129
40.00000   376.00000   -0.55020   -0.79544
56.00000   376.00000   -0.55523   -0.91923
72.00000   376.00000   -0.22042   -0.78305
88.00000   376.00000   -0.03592   -0.94270
8.00000   392.00000   -0.02949   -0.86888
24.00000   392.00000   -0.45465   -0.97031
40.00000   392.00000   -0.72079   -0.97871
56.00000   392.00000   -0.61808   -0.99287
72.00000   392.00000   -0.07539   -1.15942
88.00000   392.00000   -0.01713   -0.98972
8.00000   408.00000   -0.28724   -0.93930
24.00000   408.00000   -0.50800   -1.04924
40.00000   408.00000   -0.72566   -1.06523
56.00000   408.00000   -0.55700   -1.10315
72.00000   408.00000   -0.28190   -1.08159
88.00000   408.00000   -0.09455   -1.01129
8.00000   424.00000   -0.07058   -0.93071
24.00000   424.00000   -0.71419   -0.94614
40.00000   424.00000   -0.53405   -0.89989
56.00000   424.00000   -0.15499   -1.01355
72.00000   424.00000   -0.12199   -1.08979
88.00000   424.00000   -0.07517   -1.12037
8.00000   440.00000   -0.06569   -0.93653
24.00000   440.00000   -0.52678   -1.07574
40.00000   440.00000   -0.13634   -1.12792
56.00000   440.00000   -0.19782   -1.17164
72.00000   440.00000   -0.16377   -1.06882
88.00000   440.00000   -0.01758   -0.99612
8.00000   456.00000   -0.64522   -1.07628
24.00000   456.00000   -0.33462   -1.04065
40.00000   456.00000   -0.73379   -1.14639
56.00000   456.00000   -0.25068   -1.24252
72.00000   456.00000   -0.18211   -1.26703
88.00000   456.00000   -0.10777   -1.19652
8.00000   472.00000   -0.64480   -1.14650
24.00000   472.00000   -0.46081   -1.05045
40.00000   472.00000   -0.43317   -1.10656
56.00000   472.00000   -0.52867   -1.05172
72.00000   472.00000   -0.55521   -1.08532
88.00000   472.00000   -0.18073   -1.09917
8.00000   488.00000   -0.19447   -1.10037
24.00000   488.00000   -0.24083   -1.00386
40.00000   488.00000   -0.49265   -0.92835
56.00000   488.00000   -0.50206   -1.10918
72.00000   488.00000   -0.29651   -1.13531
88.00000   488.00000   -0.19102   -1.14135
8.00000   504.00000   -0.57703   -1.02816
24.00000   504.00000   -0.58619   -1.08507
40.00000   504.00000   -0.65782   -1.10683
56.00000   504.00000   -0.60112   -0.98315
72.00000   504.00000   -0.24584   -1.12826
88.00000   504.00000   -0.23449   -1.13397
8.00000   520.00000   -0.74332   -1.19128
24.00000   520.00000   -0.58619   -1.32848
40.00000   520.00000   -0.35234   -1.25444
56.00000   520.00000   -0.49406   -1.25444
72.00000   520.00000   -0.17845   -1.23468
88.00000   520.00000   -0.29181   -1.20915
8.00000   536.00000   -0.55759   -1.26966
24.00000   536.00000   -0.59413   -1.09039
40.00000   536.00000   -0.27988   -1.27957
56.00000   536.00000   -0.27108   -1.37200
72.00000   536.00000   -0.29123   -1.29347
88.00000   536.00000   -0.40570   -1.23296
