# image 41 and 42 x,y,u,v
8.00000   8.00000   -0.54880   -1.00181
24.00000   8.00000   -0.30003   -1.02576
40.00000   8.00000   0.37038   -1.04346
56.00000   8.00000   0.15511   -1.15193
72.00000   8.00000   0.10300   -0.87551
88.00000   8.00000   -0.05383   -1.06387
8.00000   24.00000   -0.32908   -1.04709
24.00000   24.00000   -0.24462   -1.03639
40.00000   24.00000   0.13238   -1.09712
56.00000   24.00000   -0.15553   -0.78923
72.00000   24.00000   -0.13490   -1.00684
88.00000   24.00000   -0.35257   -1.09519
8.00000   40.00000   -0.42697   -1.07654
24.00000   40.00000   -0.16690   -1.06444
40.00000   40.00000   -0.19090   -1.07436
56.00000   40.00000   -0.12674   -1.11190
72.00000   40.00000   -0.21445   -1.00887
88.00000   40.00000   -0.36956   -0.77128
8.00000   56.00000   -0.25629   -1.18565
24.00000   56.00000   -0.06616   -1.12137
40.00000   56.00000   -0.07410   -1.03331
56.00000   56.00000   -0.01407   -1.01850
72.00000   56.00000   -0.19871   -0.98695
88.00000   56.00000   -0.07761   -0.82572
8.00000   72.00000   -0.33537   -1.06296
24.00000   72.00000   -0.18963   -1.04100
40.00000   72.00000   -0.14419   -1.02794
56.00000   72.00000   0.06202   -0.88959
72.00000   72.00000   -0.07254   -0.99603
88.00000   72.00000   -0.38791   -0.91903
8.00000   88.00000   -0.21508   -0.95350
24.00000   88.00000   -0.06799   -1.01261
40.00000   88.00000   -0.01926   -1.05007
56.00000   88.00000   0.11922   -1.12275
72.00000   88.00000   -0.16618   -1.00135
88.00000   88.00000   0.04419   -0.99303
8.00000   104.00000   -0.07238   -1.01134
24.00000   104.00000   -0.02590   -1.15654
40.00000   104.00000   -0.18818   -0.93607
56.00000   104.00000   -0.18164   -0.91192
72.00000   104.00000   -0.19142   -1.05925
88.00000   104.00000   -0.13020   -0.97741
8.00000   120.00000   -0.09973   -1.07145
24.00000   120.00000   0.05948   -1.08562
40.00000   120.00000   -0.07365   -1.00766
56.00000   120.00000   -0.20026   -0.92687
72.00000   120.00000   -0.11244   -1.09580
88.00000   120.00000   0.06264   -1.06462
8.00000   136.00000   -0.08605   -1.10415
24.00000   136.00000   0.14715   -0.89059
40.00000   136.00000   0.10430   -1.22650
56.00000   136.00000   -0.13844   -1.27705
72.00000   136.00000   -0.17266   -1.07985
88.00000   136.00000   -0.14347   -1.03809
8.00000   152.00000   -0.35662   -1.16787
24.00000   152.00000   0.02711   -0.77270
40.00000   152.00000   -0.07374   -0.96564
56.00000   152.00000   -0.09455   -0.86080
72.00000   152.00000   -0.07967   -1.14971
88.00000   152.00000   -0.11088   -0.93097
8.00000   168.00000   0.02235   -0.87309
24.00000   168.00000   -0.35943   -0.99040
40.00000   168.00000   0.01295   -1.13397
56.00000   168.00000   -0.01324   -0.99444
72.00000   168.00000   -0.12928   -1.14476
88.00000   168.00000   -0.06025   -1.11399
8.00000   184.00000   -0.02934   -0.99509
24.00000   184.00000   -0.34264   -0.79899
40.00000   184.00000   0.14460   -1.01331
56.00000   184.00000   0.00901   -1.09290
72.00000   184.00000   -0.09715   -1.07806
88.00000   184.00000   -0.01779   -1.01926
8.00000   200.00000   -0.11914   -1.04821
24.00000   200.00000   -0.19050   -1.01683
40.00000   200.00000   0.25020   -0.96011
56.00000   200.00000   0.11782   -0.89678
72.00000   200.00000   -0.10807   -0.98801
88.00000   200.00000   -0.08508   -1.10056
8.00000   216.00000   -0.10322   -0.95945
24.00000   216.00000   -0.05129   -1.14931
40.00000   216.00000   -0.02686   -0.98639
56.00000   216.00000   0.09860   -0.97519
72.00000   216.00000   0.14487   -0.97742
88.00000   216.00000   -0.07564   -1.07998
8.00000   232.00000   -0.13974   -0.96035
24.00000   232.00000   0.03519   -1.15220
40.00000   232.00000   0.08524   -1.03589
56.00000   232.00000   -0.35324   -0.94970
72.00000   232.00000   -0.08101   -0.98085
88.00000   232.00000   0.03083   -0.86639
8.00000   248.00000   -0.16968   -0.90913
24.00000   248.00000   -0.03298   -0.92607
40.00000   248.00000   0.14744   -0.88768
56.00000   248.00000   0.12770   -1.02225
72.00000   248.00000   -0.38184   -1.05521
88.00000   248.00000   -0.18430   -1.05984
8.00000   264.00000   -0.07054   -1.15873
24.00000   264.00000   -0.16685   -0.98334
40.00000   264.00000   0.11648   -1.11445
56.00000   264.00000   0.37511   -0.92915
72.00000   264.00000   -0.42395   -0.90917
88.00000   264.00000   -0.30266   -1.00523
8.00000   280.00000   -0.31264   -0.96826
24.00000   280.00000   -0.08830   -1.21037
40.00000   280.00000   0.01739   -1.01831
56.00000   280.00000   0.23370   -1.04296
72.00000   280.00000   0.17754   -0.99805
88.00000   280.00000   -0.00744   -1.10476
8.00000   296.00000   -0.12683   -1.02756
24.00000   296.00000   -0.13062   -1.00936
40.00000   296.00000   -0.13690   -1.05102
56.00000   296.00000   -0.10630   -0.93009
72.00000   296.00000   -0.15359   -0.75785
88.00000   296.00000   -0.00416   -0.98376
8.00000   312.00000   0.02457   -1.06218
24.00000   312.00000   -0.22796   -1.01951
40.00000   312.00000   -0.00145   -1.08832
56.00000   312.00000   -0.54481   -0.86657
72.00000   312.00000   0.08975   -0.96825
88.00000   312.00000   0.01189   -0.95541
8.00000   328.00000   0.02870   -0.99245
24.00000   328.00000   -0.22022   -0.83398
40.00000   328.00000   -0.60656   -0.96669
56.00000   328.00000   -0.31459   -1.06378
72.00000   328.00000   -0.19892   -0.88587
88.00000   328.00000   -0.08863   -0.95595
8.00000   344.00000   -0.14284   -0.97270
24.00000   344.00000   -0.63110   -0.88750
40.00000   344.00000   -0.43543   -0.90707
56.00000   344.00000   -0.21453   -0.94917
72.00000   344.00000   -0.27650   -0.82108
88.00000   344.00000   -0.08128   -0.91817
8.00000   360.00000   -0.02698   -0.87185
24.00000   360.00000   -0.51170   -0.91426
40.00000   360.00000   -0.60131   -0.88732
56.00000   360.00000   -0.13557   -0.96238
72.00000   360.00000   -0.36535   -0.81187
88.00000   360.00000   0.05182   -0.99075
8.00000   376.00000   -0.04137   -1.04932
24.00000   376.00000   -0.46903   -0.91489
40.00000   376.00000   -0.71716   -0.91488
56.00000   376.00000   -0.71402   -0.92928
72.00000   376.00000   -0.28768   -0.90072
88.00000   376.00000   0.07937   -0.98272
8.00000   392.00000   -0.34665   -0.82529
24.00000   392.00000   -0.71590   -0.92273
40.00000   392.00000   -0.74546   -0.90335
56.00000   392.00000   -0.64008   -0.93426
72.00000   392.00000   -0.25652   -0.86488
88.00000   392.00000   -0.07423   -0.79838
8.00000   408.00000   -0.01094   -0.98793
24.00000   408.00000   -0.41953   -1.02761
40.00000   408.00000   -0.79810   -1.04573
56.00000   408.00000   -0.50719   -1.04796
72.00000   408.00000   -0.02028   -1.07841
88.00000   408.00000   0.18549   -1.18778
8.00000   424.00000   -0.05769   -1.02868
24.00000   424.00000   -0.70238   -0.99549
40.00000   424.00000   -0.64864   -1.06018
56.00000   424.00000   -0.32037   -1.28325
72.00000   424.00000   -0.10405   -1.06722
88.00000   424.00000   -0.27935   -1.03846
8.00000   440.00000   -0.14282   -1.09832
24.00000   440.00000   -0.63434   -0.98030
40.00000   440.00000   -0.51927   -1.04539
56.00000   440.00000   -0.38346   -1.03439
72.00000   440.00000   -0.24068   -1.24282
88.00000   440.00000   0.03791   -1.09579
8.00000   456.00000   -0.72574   -0.95053
24.00000   456.00000   -0.33024   -1.06147
40.00000   456.00000   -0.55336   -1.11802
56.00000   456.00000   -0.21517   -1.02887
72.00000   456.00000   -0.15407   -1.17865
88.00000   456.00000   -0.22273   -1.03994
8.00000   472.00000   -0.67868   -0.91527
24.00000   472.00000   -0.33897   -1.17645
40.00000   472.00000   -0.54494   -1.09003
56.00000   472.00000   -0.13032   -0.99721
72.00000   472.00000   -0.25301   -1.21839
88.00000   472.00000   -0.10549   -1.12703
8.00000   488.00000   -0.29693   -1.08237
24.00000   488.00000   -0.53259   -1.09495
40.00000   488.00000   -0.58468   -1.10826
56.00000   488.00000   -0.56970   -0.95500
72.00000   488.00000   -0.40217   -1.13370
88.00000   488.00000   -0.34826   -1.00905
8.00000   504.00000   -0.04482   -1.04156
24.00000   504.00000   -0.71424   -1.07487
40.00000   504.00000   -0.46649   -1.14802
56.00000   504.00000   -0.67381   -1.15241
72.00000   504.00000   -0.32179   -1.03574
88.00000   504.00000   -0.07597   -1.04803
8.00000   520.00000   -0.61783   -1.15919
24.00000   520.00000   -0.73328   -1.30439
40.00000   520.00000   -0.66446   -1.15024
56.00000   520.00000   -0.53700   -1.18995
72.00000   520.00000   -0.36476   -1.35494
88.00000   520.00000   -0.13202   -1.22441
8.00000   536.00000   -0.27537   -0.93702
24.00000   536.00000   -0.26670   -1.30248
40.00000   536.00000   -0.05000   -1.17555
56.00000   536.00000   -0.56479   -1.38264
72.00000   536.00000   -0.10684   -1.27726
88.00000   536.00000   -0.20905   -1.17976
