# image 25 and 26 x,y,u,v
8.00000   8.00000   -0.49787   -1.01929
24.00000   8.00000   -0.07930   -0.95035
40.00000   8.00000   -0.04797   -1.10748
56.00000   8.00000   0.01615   -0.89875
72.00000   8.00000   0.19816   -0.92548
88.00000   8.00000   -0.14067   -0.85207
8.00000   24.00000   -0.55324   -1.05403
24.00000   24.00000   -0.28724   -0.98749
40.00000   24.00000   0.37632   -1.17652
56.00000   24.00000   0.08489   -1.03748
72.00000   24.00000   -0.21806   -0.94276
88.00000   24.00000   0.01552   -0.99109
8.00000   40.00000   -0.49597   -1.01591
24.00000   40.00000   -0.07739   -1.11533
40.00000   40.00000   -0.35092   -0.95551
56.00000   40.00000   -0.16332   -1.05137
72.00000   40.00000   -0.24966   -1.04321
88.00000   40.00000   -0.32936   -1.01304
8.00000   56.00000   -0.32712   -1.11535
24.00000   56.00000   0.06890   -1.07499
40.00000   56.00000   0.18770   -1.01008
56.00000   56.00000   -0.34135   -0.84445
72.00000   56.00000   -0.09355   -0.84366
88.00000   56.00000   0.10301   -0.88224
8.00000   72.00000   -0.16802   -1.04448
24.00000   72.00000   -0.18508   -0.99653
40.00000   72.00000   0.06254   -0.94038
56.00000   72.00000   0.21044   -1.00230
72.00000   72.00000   -0.20694   -1.00885
88.00000   72.00000   -0.19394   -0.96867
8.00000   88.00000   -0.32262   -1.03760
24.00000   88.00000   -0.06711   -0.84775
40.00000   88.00000   -0.03825   -1.11562
56.00000   88.00000   -0.01983   -0.95656
72.00000   88.00000   0.00750   -1.04267
88.00000   88.00000   -0.11284   -0.93965
8.00000   104.00000   -0.43163   -0.97252
24.00000   104.00000   -0.05643   -0.91107
40.00000   104.00000   -0.05746   -1.03100
56.00000   104.00000   -0.02031   -1.00610
72.00000   104.00000   -0.32906   -1.01572
88.00000   104.00000   -0.10856   -0.97982
8.00000   120.00000   0.00725   -1.03619
24.00000   120.00000   -0.01913   -1.28355
40.00000   120.00000   -0.05611   -1.20798
56.00000   120.00000   -0.00286   -1.05865
72.00000   120.00000   -0.21918   -1.02115
88.00000   120.00000   -0.09797   -0.93429
8.00000   136.00000   -0.17318   -1.04681
24.00000   136.00000   0.12484   -0.95792
40.00000   136.00000   -0.27900   -0.98875
56.00000   136.00000   -0.11561   -1.10203
72.00000   136.00000   -0.15337   -1.02322
88.00000   136.00000   -0.02271   -1.08634
8.00000   152.00000   -0.10767   -0.97952
24.00000   152.00000   -0.17048   -0.95672
40.00000   152.00000   -0.26089   -0.92104
56.00000   152.00000   -0.17204   -0.97343
72.00000   152.00000   0.04246   -1.04366
88.00000   152.00000   -0.09060   -0.95612
8.00000   168.00000   -0.33699   -1.05006
24.00000   168.00000   0.16723   -1.00976
40.00000   168.00000   0.05746   -0.98011
56.00000   168.00000   0.05104   -0.98617
72.00000   168.00000   -0.00395   -1.10439
88.00000   168.00000   -0.12784   -1.13670
8.00000   184.00000   0.12483   -0.99871
24.00000   184.00000   -0.05624   -0.82931
40.00000   184.00000   -0.25314   -1.24020
56.00000   184.00000   0.05445   -0.99038
72.00000   184.00000   0.02949   -1.13558
88.00000   184.00000   -0.07902   -1.06226
8.00000   200.00000   -0.00034   -0.99631
24.00000   200.00000   -0.09051   -1.02572
40.00000   200.00000   0.17058   -1.02917
56.00000   200.00000   0.09813   -1.08644
72.00000   200.00000   0.07726   -1.05774
88.00000   200.00000   -0.23967   -0.95442
8.00000   216.00000   -0.25792   -0.94280
24.00000   216.00000   -0.21034   -0.97388
40.00000   216.00000   0.13825   -0.96970
56.00000   216.00000   -0.14798   -0.82995
72.00000   216.00000   -0.09558   -0.90027
88.00000   216.00000   -0.07201   -0.99124
8.00000   232.00000   0.09744   -0.93394
24.00000   232.00000   -0.00824   -1.08904
40.00000   232.00000   -0.21358   -0.99128
56.00000   232.00000   0.11903   -1.06775
72.00000   232.00000   0.11250   -1.01666
88.00000   232.00000   -0.18619   -1.01233
8.00000   248.00000   -0.14158   -1.15315
24.00000   248.00000   0.02435   -1.01483
40.00000   248.00000   -0.12204   -0.95963
56.00000   248.00000   -0.22095   -0.83216
72.00000   248.00000   -0.18438   -1.15332
88.00000   248.00000   -0.36913   -0.90850
8.00000   264.00000   -0.07657   -1.05951
24.00000   264.00000   -0.00345   -1.10129
40.00000   264.00000   0.23261   -0.84848
56.00000   264.00000   -0.16749   -0.79952
72.00000   264.00000   -0.50790   -1.21211
88.00000   264.00000   -0.32036   -0.95509
8.00000   280.00000   -0.15363   -1.13970
24.00000   280.00000   0.03131   -1.26547
40.00000   280.00000   0.06388   -0.88992
56.00000   280.00000   0.37236   -0.79717
72.00000   280.00000   -0.23338   -0.81193
88.00000   280.00000   -0.10143   -0.96735
8.00000   296.00000   -0.10895   -1.10470
24.00000   296.00000   -0.24504   -0.99099
40.00000   296.00000   -0.24709   -0.98554
56.00000   296.00000   -0.01951   -0.79192
72.00000   296.00000   -0.12082   -0.73732
88.00000   296.00000   -0.16920   -0.94071
8.00000   312.00000   -0.10852   -1.04130
24.00000   312.00000   -0.10353   -1.21328
40.00000   312.00000   0.10087   -1.20049
56.00000   312.00000   -0.18534   -0.98517
72.00000   312.00000   -0.07779   -0.96831
88.00000   312.00000   -0.03063   -0.94413
8.00000   328.00000   0.06201   -1.01121
24.00000   328.00000   -0.10353   -1.13971
40.00000   328.00000   -0.61200   -1.09241
56.00000   328.00000   -0.65419   -0.82387
72.00000   328.00000   -0.11188   -0.98050
88.00000   328.00000   -0.05325   -0.94032
8.00000   344.00000   0.12363   -0.88467
24.00000   344.00000   -0.68477   -0.95527
40.00000   344.00000   -0.32101   -0.95794
56.00000   344.00000   -0.50131   -0.87555
72.00000   344.00000   -0.09626   -1.03019
88.00000   344.00000   -0.03676   -0.84755
8.00000   360.00000   -0.08974   -1.01485
24.00000   360.00000   -0.00196   -1.07977
40.00000   360.00000   -0.28696   -1.05293
56.00000   360.00000   -0.28418   -0.88817
72.00000   360.00000   -0.33436   -0.82320
88.00000   360.00000   0.05160   -0.84055
8.00000   376.00000   -0.20368   -0.94811
24.00000   376.00000   -0.43315   -1.03985
40.00000   376.00000   -0.59399   -0.87781
56.00000   376.00000   -0.45844   -0.91178
72.00000   376.00000   -0.39880   -0.86107
88.00000   376.00000   -0.04618   -0.86107
8.00000   392.00000   -0.22756   -1.06565
24.00000   392.00000   -0.67421   -1.05754
40.00000   392.00000   -0.73367   -1.01919
56.00000   392.00000   -0.67835   -0.97576
72.00000   392.00000   -0.20349   -1.06755
88.00000   392.00000   -0.01428   -1.08881
8.00000   408.00000   -0.01259   -1.06115
24.00000   408.00000   -0.36002   -0.87470
40.00000   408.00000   -0.72563   -1.05337
56.00000   408.00000   -0.54584   -1.03167
72.00000   408.00000   -0.22438   -1.03815
88.00000   408.00000   -0.02305   -1.13719
8.00000   424.00000   -0.07644   -0.92107
24.00000   424.00000   -0.55251   -0.92738
40.00000   424.00000   -0.70961   -0.94784
56.00000   424.00000   -0.10902   -1.07307
72.00000   424.00000   -0.17931   -1.10695
88.00000   424.00000   0.00411   -1.07612
8.00000   440.00000   -0.09127   -1.06870
24.00000   440.00000   -0.67727   -0.80478
40.00000   440.00000   -0.23585   -1.05940
56.00000   440.00000   -0.19612   -1.04555
72.00000   440.00000   -0.13525   -0.98048
88.00000   440.00000   -0.02227   -1.18364
8.00000   456.00000   -0.75537   -1.09108
24.00000   456.00000   -0.17531   -0.92483
40.00000   456.00000   -0.52568   -0.94533
56.00000   456.00000   -0.25437   -0.99672
72.00000   456.00000   -0.22427   -0.91442
88.00000   456.00000   -0.25283   -1.01398
8.00000   472.00000   -0.74940   -1.04690
24.00000   472.00000   -0.34753   -1.03821
40.00000   472.00000   -0.43216   -1.03654
56.00000   472.00000   -0.09353   -1.08853
72.00000   472.00000   -0.32685   -1.07228
88.00000   472.00000   0.05870   -1.08321
8.00000   488.00000   -0.70229   -1.01107
24.00000   488.00000   -0.20788   -1.06234
40.00000   488.00000   -0.13727   -1.21295
56.00000   488.00000   -0.28411   -1.00847
72.00000   488.00000   -0.15508   -1.15016
88.00000   488.00000   -0.14899   -0.96388
8.00000   504.00000   -0.66970   -1.16204
24.00000   504.00000   -0.73424   -1.20190
40.00000   504.00000   -0.55104   -1.03666
56.00000   504.00000   -0.31381   -1.27741
72.00000   504.00000   -0.19382   -1.10654
88.00000   504.00000   -0.09825   -1.13449
8.00000   520.00000   -0.70546   -1.13072
24.00000   520.00000   -0.27006   -1.05771
40.00000   520.00000   -0.33395   -1.18102
56.00000   520.00000   -0.52064   -1.29305
72.00000   520.00000   -0.39447   -1.29305
88.00000   520.00000   -0.29936   -1.14729
8.00000   536.00000   -0.81091   -1.07004
24.00000   536.00000   -0.29684   -1.21796
40.00000   536.00000   -0.18998   -1.30359
56.00000   536.00000   -0.37603   -1.19865
72.00000   536.00000   -0.39981   -1.21759
88.00000   536.00000   -0.08101   -1.12648
