# image 36 and 37 x,y,u,v
8.00000   8.00000   -0.45244   -0.96051
24.00000   8.00000   -0.13914   -1.01548
40.00000   8.00000   0.18529   -1.00065
56.00000   8.00000   -0.11441   -0.94226
72.00000   8.00000   0.00888   -0.97172
88.00000   8.00000   0.19787   -0.88572
8.00000   24.00000   -0.44034   -0.95522
24.00000   24.00000   -0.27759   -1.03568
40.00000   24.00000   0.41163   -0.91149
56.00000   24.00000   -0.17915   -1.01860
72.00000   24.00000   0.01860   -0.95739
88.00000   24.00000   -0.22653   -0.90204
8.00000   40.00000   -0.61791   -1.15893
24.00000   40.00000   -0.34492   -0.98842
40.00000   40.00000   -0.24047   -1.11640
56.00000   40.00000   -0.24247   -1.10670
72.00000   40.00000   -0.27324   -1.00374
88.00000   40.00000   -0.13850   -1.03053
8.00000   56.00000   -0.62726   -1.02104
24.00000   56.00000   -0.07759   -1.01084
40.00000   56.00000   -0.07578   -1.12653
56.00000   56.00000   -0.08434   -0.90521
72.00000   56.00000   -0.16172   -0.95931
88.00000   56.00000   -0.22152   -0.96134
8.00000   72.00000   -0.30354   -0.96099
24.00000   72.00000   -0.01990   -1.15367
40.00000   72.00000   -0.07521   -1.01385
56.00000   72.00000   0.10792   -1.02780
72.00000   72.00000   0.02240   -1.02217
88.00000   72.00000   -0.32608   -0.99032
8.00000   88.00000   -0.39458   -1.04267
24.00000   88.00000   0.04375   -0.94080
40.00000   88.00000   -0.14292   -1.08730
56.00000   88.00000   0.12044   -1.14665
72.00000   88.00000   -0.20600   -0.96576
88.00000   88.00000   0.02572   -1.03631
8.00000   104.00000   -0.38473   -0.95129
24.00000   104.00000   -0.03294   -0.97432
40.00000   104.00000   -0.08995   -1.05414
56.00000   104.00000   -0.16809   -0.97087
72.00000   104.00000   -0.13908   -0.88103
88.00000   104.00000   -0.05632   -0.91052
8.00000   120.00000   -0.16582   -1.05298
24.00000   120.00000   0.19078   -0.98931
40.00000   120.00000   -0.26225   -1.16465
56.00000   120.00000   -0.06184   -1.04368
72.00000   120.00000   -0.20689   -1.01450
88.00000   120.00000   -0.16454   -0.87061
8.00000   136.00000   -0.15716   -1.11809
24.00000   136.00000   -0.11532   -1.15554
40.00000   136.00000   -0.16413   -0.83910
56.00000   136.00000   -0.30027   -1.06318
72.00000   136.00000   -0.05837   -1.24972
88.00000   136.00000   -0.03949   -0.93842
8.00000   152.00000   -0.14274   -1.13173
24.00000   152.00000   -0.30909   -0.83650
40.00000   152.00000   -0.06216   -1.08414
56.00000   152.00000   0.09634   -0.99097
72.00000   152.00000   0.04149   -1.06413
88.00000   152.00000   -0.06696   -0.91312
8.00000   168.00000   0.05639   -0.97415
24.00000   168.00000   -0.16310   -0.97935
40.00000   168.00000   -0.13663   -0.96857
56.00000   168.00000   -0.18713   -0.98708
72.00000   168.00000   -0.10609   -1.14206
88.00000   168.00000   -0.05002   -1.12608
8.00000   184.00000   -0.04203   -1.00162
24.00000   184.00000   -0.56164   -1.09047
40.00000   184.00000   -0.06176   -1.06414
56.00000   184.00000   0.04731   -1.07340
72.00000   184.00000   0.07788   -1.14085
88.00000   184.00000   0.00775   -1.03802
8.00000   200.00000   0.01673   -1.06126
24.00000   200.00000   -0.06998   -0.97309
40.00000   200.00000   0.11683   -0.97897
56.00000   200.00000   0.19091   -1.09649
72.00000   200.00000   -0.16466   -1.00725
88.00000   200.00000   -0.11014   -1.02082
8.00000   216.00000   -0.24315   -1.05141
24.00000   216.00000   -0.04753   -1.02538
40.00000   216.00000   0.09896   -1.00404
56.00000   216.00000   -0.00220   -1.04971
72.00000   216.00000   0.07195   -0.91351
88.00000   216.00000   -0.14981   -1.03760
8.00000   232.00000   -0.55138   -0.98842
24.00000   232.00000   -0.40022   -1.18376
40.00000   232.00000   0.26042   -1.01794
56.00000   232.00000   0.19374   -1.09304
72.00000   232.00000   -0.09764   -0.99948
88.00000   232.00000   -0.05281   -0.91688
8.00000   248.00000   -0.11772   -0.92330
24.00000   248.00000   -0.05676   -1.00628
40.00000   248.00000   -0.08074   -1.03762
56.00000   248.00000   -0.39663   -1.06618
72.00000   248.00000   -0.48806   -1.11145
88.00000   248.00000   -0.26396   -0.76947
8.00000   264.00000   -0.15237   -1.16406
24.00000   264.00000   -0.06735   -0.99521
40.00000   264.00000   -0.07426   -0.87765
56.00000   264.00000   0.24580   -0.83915
72.00000   264.00000   -0.43428   -0.92147
88.00000   264.00000   -0.61672   -1.15176
8.00000   280.00000   -0.49023   -0.98451
24.00000   280.00000   -0.28484   -0.97994
40.00000   280.00000   0.04023   -1.17479
56.00000   280.00000   0.28250   -1.08341
72.00000   280.00000   -0.02198   -0.98405
88.00000   280.00000   -0.36631   -0.93668
8.00000   296.00000   -0.09852   -0.96106
24.00000   296.00000   -0.20084   -1.06525
40.00000   296.00000   -0.17766   -0.97718
56.00000   296.00000   -0.23048   -0.95755
72.00000   296.00000   -0.20507   -0.89010
88.00000   296.00000   -0.14022   -1.10711
8.00000   312.00000   0.05706   -1.16059
24.00000   312.00000   0.20614   -0.95608
40.00000   312.00000   -0.08866   -1.12605
56.00000   312.00000   -0.33728   -0.83955
72.00000   312.00000   0.00265   -0.88371
88.00000   312.00000   0.01394   -1.04539
8.00000   328.00000   0.11349   -0.95053
24.00000   328.00000   0.22904   -1.08489
40.00000   328.00000   -0.53606   -0.96358
56.00000   328.00000   -0.34342   -0.96652
72.00000   328.00000   0.00181   -0.81756
88.00000   328.00000   0.07927   -0.82809
8.00000   344.00000   0.01780   -0.96379
24.00000   344.00000   -0.70321   -0.89813
40.00000   344.00000   -0.58107   -0.76207
56.00000   344.00000   -0.43830   -0.80439
72.00000   344.00000   -0.23402   -0.83772
88.00000   344.00000   -0.07539   -0.92842
8.00000   360.00000   -0.54454   -0.84329
24.00000   360.00000   -0.50079   -0.84811
40.00000   360.00000   -0.65049   -0.96720
56.00000   360.00000   -0.28092   -0.93275
72.00000   360.00000   -0.32600   -0.84601
88.00000   360.00000   0.11716   -0.91711
8.00000   376.00000   -0.18477   -0.95146
24.00000   376.00000   -0.50760   -0.88475
40.00000   376.00000   -0.65100   -0.91416
56.00000   376.00000   -0.62974   -1.13881
72.00000   376.00000   -0.14137   -0.79694
88.00000   376.00000   -0.07370   -0.99447
8.00000   392.00000   -0.24443   -0.89404
24.00000   392.00000   -0.29098   -1.04877
40.00000   392.00000   -0.72464   -1.00446
56.00000   392.00000   -0.55788   -1.01253
72.00000   392.00000   -0.12291   -0.87769
88.00000   392.00000   -0.04319   -1.00865
8.00000   408.00000   -0.07262   -0.84401
24.00000   408.00000   -0.62623   -0.92499
40.00000   408.00000   -0.59501   -1.09526
56.00000   408.00000   -0.23405   -1.04342
72.00000   408.00000   -0.17202   -1.11936
88.00000   408.00000   -0.04519   -1.11991
8.00000   424.00000   -0.11945   -0.93209
24.00000   424.00000   -0.82912   -1.00044
40.00000   424.00000   -0.25970   -1.00783
56.00000   424.00000   0.18334   -1.03913
72.00000   424.00000   -0.21294   -1.16100
88.00000   424.00000   -0.01892   -1.11691
8.00000   440.00000   -0.20486   -1.00261
24.00000   440.00000   -0.68669   -1.15810
40.00000   440.00000   -0.43136   -1.02626
56.00000   440.00000   -0.27322   -1.15036
72.00000   440.00000   -0.35578   -1.06081
88.00000   440.00000   -0.08010   -1.00855
8.00000   456.00000   -0.83862   -1.00481
24.00000   456.00000   -0.11277   -1.19559
40.00000   456.00000   -0.73582   -1.04845
56.00000   456.00000   -0.43955   -1.20798
72.00000   456.00000   -0.18394   -1.09550
88.00000   456.00000   -0.08118   -1.01007
8.00000   472.00000   -0.56087   -1.02277
24.00000   472.00000   -0.40657   -1.01557
40.00000   472.00000   -0.53519   -1.14026
56.00000   472.00000   -0.34907   -1.11185
72.00000   472.00000   -0.31416   -1.15702
88.00000   472.00000   -0.08332   -1.11651
8.00000   488.00000   -0.26961   -1.35793
24.00000   488.00000   -0.27585   -1.06711
40.00000   488.00000   -0.58824   -1.03117
56.00000   488.00000   -0.47045   -0.99042
72.00000   488.00000   -0.53669   -1.24242
88.00000   488.00000   -0.12481   -1.12636
8.00000   504.00000   -0.43503   -1.15024
24.00000   504.00000   -0.83455   -1.11462
40.00000   504.00000   -0.55151   -1.08370
56.00000   504.00000   -0.81967   -1.11674
72.00000   504.00000   -0.35013   -1.05748
88.00000   504.00000   -0.24189   -1.08358
8.00000   520.00000   -0.77322   -1.10049
24.00000   520.00000   -0.62635   -1.05668
40.00000   520.00000   -0.66506   -1.19532
56.00000   520.00000   -0.60582   -1.19532
72.00000   520.00000   -0.32905   -1.06760
88.00000   520.00000   -0.21471   -1.21582
8.00000   536.00000   -0.77436   -1.36375
24.00000   536.00000   -0.36839   -1.02246
40.00000   536.00000   -0.24762   -1.25940
56.00000   536.00000   -0.65760   -1.25868
72.00000   536.00000   -0.48699   -1.41460
88.00000   536.00000   -0.15876   -1.11819
