# image 37 and 38 x,y,u,v
8.00000   8.00000   -0.59569   -0.96855
24.00000   8.00000   -0.21002   -1.01509
40.00000   8.00000   0.23674   -1.10121
56.00000   8.00000   -0.02952   -1.16540
72.00000   8.00000   0.00952   -1.03755
88.00000   8.00000   0.19088   -1.02279
8.00000   24.00000   -0.29637   -1.02164
24.00000   24.00000   -0.25324   -1.07988
40.00000   24.00000   0.18943   -0.93959
56.00000   24.00000   -0.02360   -1.04107
72.00000   24.00000   -0.09946   -0.91804
88.00000   24.00000   -0.19137   -0.92325
8.00000   40.00000   -0.48732   -1.06039
24.00000   40.00000   -0.26929   -1.01176
40.00000   40.00000   -0.25586   -1.04552
56.00000   40.00000   -0.30624   -1.08408
72.00000   40.00000   -0.31951   -1.14880
88.00000   40.00000   -0.02977   -0.92014
8.00000   56.00000   -0.33558   -1.08670
24.00000   56.00000   -0.27585   -1.09663
40.00000   56.00000   -0.16259   -1.00357
56.00000   56.00000   -0.17199   -0.85640
72.00000   56.00000   -0.08500   -0.94094
88.00000   56.00000   -0.25105   -0.94939
8.00000   72.00000   -0.21385   -0.96559
24.00000   72.00000   0.04616   -0.95599
40.00000   72.00000   -0.05878   -1.03742
56.00000   72.00000   0.02869   -0.90642
72.00000   72.00000   0.00437   -1.07408
88.00000   72.00000   -0.24341   -0.97923
8.00000   88.00000   -0.26735   -0.94726
24.00000   88.00000   0.00228   -0.88465
40.00000   88.00000   -0.05785   -1.01904
56.00000   88.00000   -0.06746   -1.08154
72.00000   88.00000   -0.20393   -1.07460
88.00000   88.00000   0.14223   -1.07265
8.00000   104.00000   -0.30807   -1.01644
24.00000   104.00000   -0.11311   -1.01710
40.00000   104.00000   -0.13144   -1.06967
56.00000   104.00000   -0.32532   -0.91741
72.00000   104.00000   -0.18425   -0.97332
88.00000   104.00000   -0.14569   -1.06093
8.00000   120.00000   -0.22044   -1.03245
24.00000   120.00000   0.08821   -1.00641
40.00000   120.00000   -0.09793   -1.19138
56.00000   120.00000   -0.04733   -1.01792
72.00000   120.00000   -0.26734   -0.92042
88.00000   120.00000   -0.11987   -0.86945
8.00000   136.00000   -0.05662   -1.22154
24.00000   136.00000   -0.25053   -0.97886
40.00000   136.00000   0.06574   -1.07907
56.00000   136.00000   -0.26225   -0.97686
72.00000   136.00000   -0.20291   -1.11643
88.00000   136.00000   -0.23225   -0.98130
8.00000   152.00000   -0.36628   -1.06977
24.00000   152.00000   -0.25455   -0.92546
40.00000   152.00000   -0.07280   -0.93996
56.00000   152.00000   0.26740   -0.85531
72.00000   152.00000   -0.01750   -1.09682
88.00000   152.00000   -0.06710   -0.95329
8.00000   168.00000   0.08324   -1.03950
24.00000   168.00000   -0.34936   -1.01167
40.00000   168.00000   0.00090   -0.97212
56.00000   168.00000   0.02988   -1.03614
72.00000   168.00000   -0.20422   -1.12670
88.00000   168.00000   -0.04197   -1.01505
8.00000   184.00000   -0.00998   -1.03724
24.00000   184.00000   -0.10784   -0.89036
40.00000   184.00000   -0.08478   -1.07433
56.00000   184.00000   -0.10055   -1.05432
72.00000   184.00000   0.05194   -1.15406
88.00000   184.00000   0.00318   -1.05198
8.00000   200.00000   -0.21420   -0.98163
24.00000   200.00000   -0.18833   -1.09865
40.00000   200.00000   0.15066   -0.88318
56.00000   200.00000   0.18041   -1.08871
72.00000   200.00000   -0.16873   -0.95380
88.00000   200.00000   -0.13236   -0.92219
8.00000   216.00000   -0.03385   -1.07244
24.00000   216.00000   0.01038   -1.11056
40.00000   216.00000   -0.15258   -0.93163
56.00000   216.00000   0.02504   -1.04088
72.00000   216.00000   -0.08023   -0.97420
88.00000   216.00000   -0.17801   -0.94552
8.00000   232.00000   -0.49123   -1.31865
24.00000   232.00000   -0.14718   -1.17436
40.00000   232.00000   0.14257   -0.99438
56.00000   232.00000   -0.03402   -1.10952
72.00000   232.00000   -0.12866   -0.88985
88.00000   232.00000   -0.01012   -0.86369
8.00000   248.00000   -0.00885   -0.93732
24.00000   248.00000   -0.12521   -0.95192
40.00000   248.00000   0.17795   -1.18302
56.00000   248.00000   -0.06689   -1.12283
72.00000   248.00000   -0.28740   -0.88937
88.00000   248.00000   -0.33059   -0.82271
8.00000   264.00000   0.25452   -0.97823
24.00000   264.00000   -0.01592   -0.95902
40.00000   264.00000   -0.28844   -1.00979
56.00000   264.00000   0.13998   -0.83595
72.00000   264.00000   -0.46531   -0.97998
88.00000   264.00000   -0.24977   -1.06688
8.00000   280.00000   -0.43761   -1.16586
24.00000   280.00000   0.08893   -1.10450
40.00000   280.00000   0.08201   -1.05996
56.00000   280.00000   0.41774   -1.02865
72.00000   280.00000   0.04101   -0.97321
88.00000   280.00000   -0.24436   -0.87774
8.00000   296.00000   -0.07744   -0.98473
24.00000   296.00000   -0.07885   -1.11811
40.00000   296.00000   -0.11921   -1.06715
56.00000   296.00000   -0.07329   -0.95260
72.00000   296.00000   -0.09071   -0.87926
88.00000   296.00000   0.03228   -1.10367
8.00000   312.00000   0.12332   -1.10610
24.00000   312.00000   -0.19209   -0.97651
40.00000   312.00000   0.08186   -1.17549
56.00000   312.00000   -0.58080   -0.87393
72.00000   312.00000   0.02403   -0.93336
88.00000   312.00000   -0.10614   -0.88857
8.00000   328.00000   0.03704   -1.05450
24.00000   328.00000   0.16173   -0.95384
40.00000   328.00000   -0.43981   -0.94057
56.00000   328.00000   -0.31454   -0.99680
72.00000   328.00000   -0.09296   -0.82915
88.00000   328.00000   0.09938   -0.85973
8.00000   344.00000   -0.02261   -0.95241
24.00000   344.00000   -0.57650   -0.87177
40.00000   344.00000   -0.35522   -0.83740
56.00000   344.00000   -0.31036   -1.03612
72.00000   344.00000   -0.17006   -0.87422
88.00000   344.00000   0.14363   -0.94614
8.00000   360.00000   -0.19877   -1.10064
24.00000   360.00000   -0.55915   -0.83537
40.00000   360.00000   -0.51980   -0.83626
56.00000   360.00000   -0.17847   -0.89582
72.00000   360.00000   -0.29024   -0.97057
88.00000   360.00000   -0.00191   -1.03665
8.00000   376.00000   -0.00860   -1.01300
24.00000   376.00000   -0.61273   -1.04457
40.00000   376.00000   -0.74962   -0.76988
56.00000   376.00000   -0.68496   -0.82482
72.00000   376.00000   -0.14533   -0.82331
88.00000   376.00000   -0.05295   -1.06630
8.00000   392.00000   -0.28690   -0.96666
24.00000   392.00000   -0.55344   -0.96846
40.00000   392.00000   -0.70209   -0.88507
56.00000   392.00000   -0.55535   -0.89470
72.00000   392.00000   -0.12794   -0.91794
88.00000   392.00000   0.02195   -0.95389
8.00000   408.00000   0.05469   -0.92768
24.00000   408.00000   -0.51983   -0.87049
40.00000   408.00000   -0.62225   -1.05124
56.00000   408.00000   -0.42577   -1.05699
72.00000   408.00000   -0.21125   -0.97161
88.00000   408.00000   0.08536   -1.19990
8.00000   424.00000   -0.08124   -0.98528
24.00000   424.00000   -0.63990   -0.98681
40.00000   424.00000   -0.22004   -0.82496
56.00000   424.00000   0.04697   -1.09765
72.00000   424.00000   -0.19683   -1.05543
88.00000   424.00000   -0.02274   -1.09904
8.00000   440.00000   -0.20458   -1.18001
24.00000   440.00000   -0.61944   -1.09862
40.00000   440.00000   -0.33994   -1.06584
56.00000   440.00000   -0.19637   -1.03213
72.00000   440.00000   -0.26567   -1.09226
88.00000   440.00000   -0.08806   -1.04713
8.00000   456.00000   -0.87494   -1.03417
24.00000   456.00000   0.01665   -1.22258
40.00000   456.00000   -0.57951   -1.12240
56.00000   456.00000   -0.45535   -1.13520
72.00000   456.00000   -0.20498   -1.11590
88.00000   456.00000   -0.10585   -1.25542
8.00000   472.00000   -0.73991   -1.08774
24.00000   472.00000   -0.38997   -1.07920
40.00000   472.00000   -0.55456   -1.10435
56.00000   472.00000   -0.28218   -1.18939
72.00000   472.00000   -0.38528   -1.16057
88.00000   472.00000   -0.01293   -1.14355
8.00000   488.00000   -0.71440   -1.10110
24.00000   488.00000   -0.39123   -1.11114
40.00000   488.00000   -0.66860   -0.91351
56.00000   488.00000   -0.58583   -1.03478
72.00000   488.00000   -0.18330   -1.12334
88.00000   488.00000   -0.09600   -1.07086
8.00000   504.00000   -0.49186   -1.11590
24.00000   504.00000   -0.77192   -1.14949
40.00000   504.00000   -0.67944   -1.07092
56.00000   504.00000   -0.72766   -1.19114
72.00000   504.00000   -0.33630   -1.09992
88.00000   504.00000   -0.21461   -1.19363
8.00000   520.00000   -0.65863   -0.99913
24.00000   520.00000   -0.57357   -1.02578
40.00000   520.00000   -0.54779   -1.26506
56.00000   520.00000   -0.59498   -1.26506
72.00000   520.00000   -0.32575   -1.23802
88.00000   520.00000   -0.24255   -1.10208
8.00000   536.00000   -4.91784   -1.91373
24.00000   536.00000   -0.55056   -1.11933
40.00000   536.00000   -0.24335   -1.23196
56.00000   536.00000   -0.50801   -1.11536
72.00000   536.00000   -0.46233   -1.31150
88.00000   536.00000   -0.14874   -1.19045
