# image 82 and 83 x,y,u,v
8.00000   8.00000   -0.55667   -1.07437
24.00000   8.00000   -0.51196   -0.92154
40.00000   8.00000   -0.10094   -1.02358
56.00000   8.00000   0.17909   -1.12495
72.00000   8.00000   -0.09377   -0.97427
88.00000   8.00000   -0.08889   -0.93997
8.00000   24.00000   -0.54423   -0.97515
24.00000   24.00000   -0.28058   -1.00293
40.00000   24.00000   -0.04978   -1.05442
56.00000   24.00000   -0.17145   -1.03327
72.00000   24.00000   -0.25724   -1.01554
88.00000   24.00000   -0.20732   -1.00826
8.00000   40.00000   -0.40410   -1.01784
24.00000   40.00000   -0.35610   -1.07684
40.00000   40.00000   -0.22574   -1.11915
56.00000   40.00000   -0.24478   -0.99777
72.00000   40.00000   -0.17021   -0.80572
88.00000   40.00000   -0.21868   -0.94776
8.00000   56.00000   -0.10243   -1.05001
24.00000   56.00000   -0.19061   -1.11506
40.00000   56.00000   -0.01218   -1.03424
56.00000   56.00000   -0.33107   -0.97354
72.00000   56.00000   -0.09111   -0.90389
88.00000   56.00000   0.13796   -0.86853
8.00000   72.00000   -0.41666   -1.14297
24.00000   72.00000   0.17847   -0.98137
40.00000   72.00000   0.20754   -1.22170
56.00000   72.00000   -0.19101   -0.90215
72.00000   72.00000   0.13633   -1.01662
88.00000   72.00000   -0.16730   -0.96991
8.00000   88.00000   -0.39987   -1.03213
24.00000   88.00000   -0.25108   -1.00418
40.00000   88.00000   0.52387   -0.80148
56.00000   88.00000   -0.34237   -0.93851
72.00000   88.00000   -0.20273   -1.14425
88.00000   88.00000   -0.15457   -0.98347
8.00000   104.00000   -0.09781   -1.04048
24.00000   104.00000   -0.11352   -0.94629
40.00000   104.00000   0.29296   -1.17681
56.00000   104.00000   -0.19753   -1.13815
72.00000   104.00000   -0.26941   -1.05105
88.00000   104.00000   -0.16074   -1.01397
8.00000   120.00000   -0.02152   -1.01834
24.00000   120.00000   -0.15560   -0.94574
40.00000   120.00000   0.13687   -1.25667
56.00000   120.00000   0.05546   -0.94476
72.00000   120.00000   -0.24923   -1.00969
88.00000   120.00000   -0.21361   -1.03116
8.00000   136.00000   -0.24089   -1.08144
24.00000   136.00000   -0.02534   -1.10236
40.00000   136.00000   0.11703   -1.20923
56.00000   136.00000   0.09427   -1.15421
72.00000   136.00000   -0.03976   -1.09605
88.00000   136.00000   -0.26517   -1.14312
8.00000   152.00000   0.24824   -1.08815
24.00000   152.00000   0.28609   -1.04211
40.00000   152.00000   -0.23678   -1.03642
56.00000   152.00000   0.17595   -0.91646
72.00000   152.00000   -0.15594   -1.00705
88.00000   152.00000   -0.09332   -1.00657
8.00000   168.00000   -0.18072   -1.03529
24.00000   168.00000   -0.08106   -0.94229
40.00000   168.00000   0.04367   -0.96616
56.00000   168.00000   -0.09312   -1.04907
72.00000   168.00000   -0.00890   -0.87642
88.00000   168.00000   0.07844   -0.97790
8.00000   184.00000   -0.33965   -0.96392
24.00000   184.00000   -0.16844   -0.94228
40.00000   184.00000   -0.00679   -1.12970
56.00000   184.00000   0.09758   -1.03858
72.00000   184.00000   -0.03401   -1.13956
88.00000   184.00000   0.04119   -1.13459
8.00000   200.00000   -0.05296   -0.95344
24.00000   200.00000   -0.25922   -1.01427
40.00000   200.00000   0.02080   -1.07589
56.00000   200.00000   0.04114   -0.89295
72.00000   200.00000   0.11810   -1.09005
88.00000   200.00000   -0.01328   -1.18841
8.00000   216.00000   -0.05318   -1.03285
24.00000   216.00000   -0.29624   -1.07208
40.00000   216.00000   -0.07335   -1.08753
56.00000   216.00000   0.06744   -0.91783
72.00000   216.00000   0.05637   -1.08774
88.00000   216.00000   -0.28307   -0.85756
8.00000   232.00000   -0.27936   -0.95679
24.00000   232.00000   -0.17575   -0.91364
40.00000   232.00000   0.54099   -1.11654
56.00000   232.00000   0.35940   -0.97065
72.00000   232.00000   -0.04821   -0.91441
88.00000   232.00000   -0.04552   -0.95695
8.00000   248.00000   -0.13435   -1.08432
24.00000   248.00000   -0.00069   -1.02281
40.00000   248.00000   0.21580   -1.11125
56.00000   248.00000   0.15339   -0.87386
72.00000   248.00000   -0.52503   -0.92544
88.00000   248.00000   -0.33681   -0.79015
8.00000   264.00000   0.02800   -1.05259
24.00000   264.00000   -0.07358   -1.14199
40.00000   264.00000   0.15241   -0.92328
56.00000   264.00000   0.06359   -0.85937
72.00000   264.00000   -0.05067   -0.74735
88.00000   264.00000   -0.05928   -0.95281
8.00000   280.00000   -0.26116   -1.05913
24.00000   280.00000   -0.33138   -1.15543
40.00000   280.00000   0.15066   -0.94922
56.00000   280.00000   -0.25471   -0.92561
72.00000   280.00000   -0.12585   -0.86994
88.00000   280.00000   -0.07702   -0.98522
8.00000   296.00000   -0.04150   -1.05405
24.00000   296.00000   0.18794   -0.94607
40.00000   296.00000   -0.22488   -1.04124
56.00000   296.00000   -0.42243   -1.02883
72.00000   296.00000   0.01605   -0.95868
88.00000   296.00000   -0.19564   -0.97812
8.00000   312.00000   0.10482   -1.03491
24.00000   312.00000   0.40488   -0.80471
40.00000   312.00000   -0.05703   -0.91679
56.00000   312.00000   -0.55623   -1.10347
72.00000   312.00000   -0.13302   -1.04806
88.00000   312.00000   -0.00131   -0.88800
8.00000   328.00000   -0.09950   -0.96052
24.00000   328.00000   -0.23501   -0.93209
40.00000   328.00000   -0.73047   -1.00656
56.00000   328.00000   -0.34001   -0.97312
72.00000   328.00000   -0.21844   -0.92778
88.00000   328.00000   0.13552   -1.01252
8.00000   344.00000   0.08448   -0.99207
24.00000   344.00000   -0.23554   -1.03068
40.00000   344.00000   -0.53460   -1.01213
56.00000   344.00000   -0.55194   -1.08251
72.00000   344.00000   -0.11819   -0.97892
88.00000   344.00000   0.00599   -0.89046
8.00000   360.00000   0.11135   -0.90322
24.00000   360.00000   -0.36125   -0.93304
40.00000   360.00000   -0.72805   -0.83915
56.00000   360.00000   -0.27787   -0.84371
72.00000   360.00000   -0.33007   -0.94722
88.00000   360.00000   -0.02717   -0.82666
8.00000   376.00000   -0.21219   -0.89470
24.00000   376.00000   -0.78113   -0.88135
40.00000   376.00000   -0.74356   -0.82959
56.00000   376.00000   -0.51080   -0.93986
72.00000   376.00000   -0.46399   -0.70701
88.00000   376.00000   -0.13657   -0.89468
8.00000   392.00000   -0.41051   -1.03465
24.00000   392.00000   -0.23882   -1.00342
40.00000   392.00000   -0.87101   -0.97581
56.00000   392.00000   -0.30549   -1.18339
72.00000   392.00000   -0.11898   -0.97071
88.00000   392.00000   -0.12932   -0.83663
8.00000   408.00000   -0.64878   -0.89024
24.00000   408.00000   -0.37103   -0.95028
40.00000   408.00000   -0.51783   -1.06603
56.00000   408.00000   -0.23632   -0.91777
72.00000   408.00000   -0.30551   -0.95604
88.00000   408.00000   -0.09870   -0.86233
8.00000   424.00000   -0.56737   -1.03023
24.00000   424.00000   -0.61141   -0.98205
40.00000   424.00000   -0.69986   -1.08227
56.00000   424.00000   -0.60777   -1.07037
72.00000   424.00000   -0.10910   -1.12837
88.00000   424.00000   -0.28535   -0.98505
8.00000   440.00000   -0.14652   -1.11987
24.00000   440.00000   -0.40244   -0.98460
40.00000   440.00000   0.52674   -1.04136
56.00000   440.00000   -0.37177   -1.08129
72.00000   440.00000   -0.18690   -1.06839
88.00000   440.00000   -0.03491   -0.99890
8.00000   456.00000   -0.72409   -0.99682
24.00000   456.00000   -0.21730   -1.02978
40.00000   456.00000   -0.69462   -1.19513
56.00000   456.00000   -0.39331   -1.18536
72.00000   456.00000   -0.24242   -1.10629
88.00000   456.00000   -0.14050   -1.10237
8.00000   472.00000   -0.79243   -1.06154
24.00000   472.00000   -0.87277   -1.05254
40.00000   472.00000   -0.49808   -1.02353
56.00000   472.00000   -0.37740   -1.06367
72.00000   472.00000   -0.44954   -1.25691
88.00000   472.00000   -0.18947   -1.02442
8.00000   488.00000   -0.31647   -1.04192
24.00000   488.00000   -0.50556   -1.02396
40.00000   488.00000   0.13493   -1.02008
56.00000   488.00000   -0.29055   -1.14854
72.00000   488.00000   -0.35333   -1.10083
88.00000   488.00000   -0.36898   -0.96621
8.00000   504.00000   -0.09123   -1.16333
24.00000   504.00000   -0.39049   -0.96159
40.00000   504.00000   -0.62906   -1.20615
56.00000   504.00000   -0.30331   -1.15925
72.00000   504.00000   -0.54150   -1.09168
88.00000   504.00000   -0.29599   -1.14675
8.00000   520.00000   -0.51645   -1.12963
24.00000   520.00000   -0.55505   -0.99860
40.00000   520.00000   -0.28483   -1.19073
56.00000   520.00000   -0.50032   -1.27789
72.00000   520.00000   -0.77864   -1.08856
88.00000   520.00000   -0.13168   -1.10868
8.00000   536.00000   -0.30196   -1.08218
24.00000   536.00000   -0.04304   -1.06729
40.00000   536.00000   -0.32305   -1.17041
56.00000   536.00000   -0.13012   -1.00061
72.00000   536.00000   -0.57978   -1.42606
88.00000   536.00000   -0.43161   -1.33887
