# image 68 and 69 x,y,u,v
8.00000   8.00000   -0.51724   -1.04222
24.00000   8.00000   -0.37420   -0.99994
40.00000   8.00000   0.26031   -1.01919
56.00000   8.00000   -0.08196   -1.13891
72.00000   8.00000   -0.08164   -1.10208
88.00000   8.00000   -0.10439   -0.94963
8.00000   24.00000   -0.39082   -1.04157
24.00000   24.00000   -0.35243   -1.10294
40.00000   24.00000   0.06446   -1.14431
56.00000   24.00000   0.10481   -0.90753
72.00000   24.00000   -0.29989   -0.99652
88.00000   24.00000   -0.28100   -1.04516
8.00000   40.00000   -0.32625   -1.07999
24.00000   40.00000   -0.37074   -1.14571
40.00000   40.00000   -0.24619   -1.00336
56.00000   40.00000   -0.38639   -0.93285
72.00000   40.00000   -0.37724   -0.89097
88.00000   40.00000   -0.32110   -1.00137
8.00000   56.00000   -0.21064   -0.98358
24.00000   56.00000   0.10680   -1.06183
40.00000   56.00000   0.03262   -1.10543
56.00000   56.00000   -0.39130   -0.87570
72.00000   56.00000   -0.07215   -0.89125
88.00000   56.00000   0.07153   -0.98772
8.00000   72.00000   -0.25572   -1.01730
24.00000   72.00000   -0.10534   -0.95403
40.00000   72.00000   -0.34592   -1.01260
56.00000   72.00000   -0.04282   -0.93412
72.00000   72.00000   -0.01481   -0.97433
88.00000   72.00000   -0.01863   -0.89037
8.00000   88.00000   -0.24041   -0.95071
24.00000   88.00000   -0.28701   -1.06732
40.00000   88.00000   0.17849   -0.99602
56.00000   88.00000   -0.31941   -1.04113
72.00000   88.00000   -0.00534   -1.06271
88.00000   88.00000   0.02896   -1.06697
8.00000   104.00000   -0.30140   -1.04695
24.00000   104.00000   0.11643   -1.07503
40.00000   104.00000   0.04611   -1.19254
56.00000   104.00000   -0.19997   -0.96563
72.00000   104.00000   -0.31794   -1.01486
88.00000   104.00000   -0.00798   -1.08197
8.00000   120.00000   0.02397   -1.13658
24.00000   120.00000   -0.12044   -1.06953
40.00000   120.00000   0.04265   -1.08363
56.00000   120.00000   -0.08330   -1.11012
72.00000   120.00000   -0.37246   -0.91053
88.00000   120.00000   -0.11681   -1.01476
8.00000   136.00000   -0.08333   -1.03768
24.00000   136.00000   -0.02732   -1.19950
40.00000   136.00000   -0.11011   -0.98704
56.00000   136.00000   -0.01663   -1.04594
72.00000   136.00000   -0.18517   -1.04057
88.00000   136.00000   -0.19934   -1.03126
8.00000   152.00000   -0.13962   -1.13501
24.00000   152.00000   -0.29429   -0.96981
40.00000   152.00000   -0.00373   -0.98633
56.00000   152.00000   0.09402   -0.94421
72.00000   152.00000   0.11524   -1.10074
88.00000   152.00000   -0.28013   -0.91308
8.00000   168.00000   -0.07548   -0.98168
24.00000   168.00000   0.21659   -0.98318
40.00000   168.00000   0.01758   -0.93305
56.00000   168.00000   0.09586   -0.97109
72.00000   168.00000   -0.22285   -0.91605
88.00000   168.00000   0.02853   -1.04547
8.00000   184.00000   -0.09484   -0.95505
24.00000   184.00000   0.00967   -0.96578
40.00000   184.00000   0.00576   -0.87371
56.00000   184.00000   -0.02164   -1.07781
72.00000   184.00000   -0.18144   -0.97685
88.00000   184.00000   0.05904   -1.10601
8.00000   200.00000   -0.27540   -1.19656
24.00000   200.00000   -0.33861   -0.98368
40.00000   200.00000   0.19220   -0.91644
56.00000   200.00000   0.10677   -0.92654
72.00000   200.00000   -0.20328   -1.16615
88.00000   200.00000   -0.15328   -1.18458
8.00000   216.00000   -0.09534   -0.90396
24.00000   216.00000   -0.06831   -1.04568
40.00000   216.00000   -0.18166   -1.09816
56.00000   216.00000   0.52968   -1.05187
72.00000   216.00000   0.35354   -1.00703
88.00000   216.00000   -0.00817   -0.94362
8.00000   232.00000   -0.29567   -1.01835
24.00000   232.00000   -0.50204   -0.97209
40.00000   232.00000   -0.42371   -0.95991
56.00000   232.00000   -0.19155   -1.15821
72.00000   232.00000   -0.19449   -1.05372
88.00000   232.00000   -0.19227   -0.95521
8.00000   248.00000   -0.42400   -0.92629
24.00000   248.00000   -0.21996   -0.94024
40.00000   248.00000   -0.06975   -1.09475
56.00000   248.00000   0.04392   -0.96039
72.00000   248.00000   -0.50637   -0.76055
88.00000   248.00000   -0.17127   -0.93480
8.00000   264.00000   0.18627   -1.09070
24.00000   264.00000   -0.08065   -1.13483
40.00000   264.00000   0.19125   -0.95562
56.00000   264.00000   0.36688   -1.08660
72.00000   264.00000   -0.37184   -0.91587
88.00000   264.00000   -0.22029   -0.86937
8.00000   280.00000   -0.01922   -1.02677
24.00000   280.00000   -0.17370   -0.95875
40.00000   280.00000   0.22083   -1.08457
56.00000   280.00000   -0.07366   -0.84137
72.00000   280.00000   -0.16325   -0.83134
88.00000   280.00000   -0.19120   -1.04276
8.00000   296.00000   -0.36452   -0.89191
24.00000   296.00000   -0.23863   -1.04584
40.00000   296.00000   0.08535   -1.03771
56.00000   296.00000   -0.10782   -0.99951
72.00000   296.00000   0.09099   -0.94960
88.00000   296.00000   -0.05425   -0.84612
8.00000   312.00000   -0.18858   -1.03532
24.00000   312.00000   -0.33998   -0.83077
40.00000   312.00000   -0.30681   -0.70342
56.00000   312.00000   -0.57805   -1.11596
72.00000   312.00000   -0.23990   -1.00086
88.00000   312.00000   0.16501   -0.96058
8.00000   328.00000   0.09922   -0.97787
24.00000   328.00000   -0.22198   -0.98847
40.00000   328.00000   -0.71326   -0.98409
56.00000   328.00000   -0.36646   -1.04887
72.00000   328.00000   0.00031   -0.90895
88.00000   328.00000   0.08296   -0.89218
8.00000   344.00000   -0.06389   -1.00431
24.00000   344.00000   -0.42927   -1.06409
40.00000   344.00000   -0.78788   -0.91076
56.00000   344.00000   -0.41139   -0.85628
72.00000   344.00000   -0.46766   -0.88443
88.00000   344.00000   0.15220   -0.94009
8.00000   360.00000   -0.16890   -0.86484
24.00000   360.00000   -0.40283   -0.84689
40.00000   360.00000   -0.54388   -0.87566
56.00000   360.00000   -0.53494   -0.98867
72.00000   360.00000   -0.14477   -0.99665
88.00000   360.00000   -0.03592   -0.79223
8.00000   376.00000   -0.05855   -0.89533
24.00000   376.00000   -0.57022   -0.81357
40.00000   376.00000   -0.67430   -1.01545
56.00000   376.00000   -0.28190   -0.90088
72.00000   376.00000   -0.30104   -0.98031
88.00000   376.00000   0.04609   -0.90401
8.00000   392.00000   0.07667   -1.00305
24.00000   392.00000   -0.56724   -0.91026
40.00000   392.00000   -0.75648   -0.83856
56.00000   392.00000   -0.66961   -0.81601
72.00000   392.00000   -0.13679   -0.88572
88.00000   392.00000   -0.02581   -0.88471
8.00000   408.00000   -0.52914   -1.09387
24.00000   408.00000   -0.31369   -0.94077
40.00000   408.00000   -0.61494   -0.87174
56.00000   408.00000   -0.13552   -0.97304
72.00000   408.00000   -0.38366   -0.93636
88.00000   408.00000   -0.08464   -1.05803
8.00000   424.00000   -0.51222   -0.99665
24.00000   424.00000   -0.61590   -1.05129
40.00000   424.00000   -0.59112   -1.00163
56.00000   424.00000   -0.29719   -1.07133
72.00000   424.00000   -0.12015   -1.17645
88.00000   424.00000   -0.15006   -1.02559
8.00000   440.00000   -0.26462   -0.90908
24.00000   440.00000   -0.52547   -0.81432
40.00000   440.00000   -0.24944   -1.03296
56.00000   440.00000   -0.21432   -1.15945
72.00000   440.00000   -0.15614   -1.14517
88.00000   440.00000   0.00112   -1.06438
8.00000   456.00000   -0.74772   -1.05098
24.00000   456.00000   -0.20408   -0.99935
40.00000   456.00000   -0.78572   -1.00168
56.00000   456.00000   -0.36437   -1.17276
72.00000   456.00000   -0.29172   -1.01280
88.00000   456.00000   -0.17325   -1.11329
8.00000   472.00000   -0.49107   -0.95149
24.00000   472.00000   -0.43984   -1.06538
40.00000   472.00000   -0.47082   -1.04940
56.00000   472.00000   -0.40174   -1.10666
72.00000   472.00000   -0.32328   -1.07947
88.00000   472.00000   -0.01248   -1.05664
8.00000   488.00000   -0.55086   -1.15824
24.00000   488.00000   -0.55720   -1.30703
40.00000   488.00000   -0.57703   -1.08500
56.00000   488.00000   -0.56986   -1.07466
72.00000   488.00000   -0.39043   -1.26194
88.00000   488.00000   -0.40841   -1.05285
8.00000   504.00000   -0.23915   -1.06799
24.00000   504.00000   -0.53625   -1.11316
40.00000   504.00000   -0.59741   -1.08438
56.00000   504.00000   -0.48317   -1.09571
72.00000   504.00000   -0.47665   -1.06152
88.00000   504.00000   -0.16865   -1.19557
8.00000   520.00000   -0.70787   -1.04235
24.00000   520.00000   -0.47953   -1.16046
40.00000   520.00000   0.03655   -1.16046
56.00000   520.00000   -0.60034   -1.28561
72.00000   520.00000   -0.54177   -1.16177
88.00000   520.00000   -0.22151   -1.25600
8.00000   536.00000   0.93083   -0.76446
24.00000   536.00000   -0.31794   -1.23707
40.00000   536.00000   -0.35427   -1.29045
56.00000   536.00000   -0.51810   -1.29039
72.00000   536.00000   -0.60862   -1.37827
88.00000   536.00000   -0.17096   -1.13101
