# image 67 and 68 x,y,u,v
8.00000   8.00000   -0.54144   -0.88604
24.00000   8.00000   -0.30163   -1.05156
40.00000   8.00000   0.16820   -1.02078
56.00000   8.00000   -0.09978   -1.16169
72.00000   8.00000   -0.00284   -0.93891
88.00000   8.00000   -0.04040   -0.96346
8.00000   24.00000   -0.61437   -1.04555
24.00000   24.00000   -0.48222   -0.98222
40.00000   24.00000   -0.02489   -1.11998
56.00000   24.00000   0.06530   -0.96327
72.00000   24.00000   -0.26121   -1.14913
88.00000   24.00000   -0.17079   -0.97905
8.00000   40.00000   -0.72369   -1.04293
24.00000   40.00000   -0.39330   -1.22944
40.00000   40.00000   -0.24082   -1.06825
56.00000   40.00000   -0.04882   -0.94101
72.00000   40.00000   -0.52542   -0.98464
88.00000   40.00000   -0.28487   -0.96252
8.00000   56.00000   -0.10452   -1.04492
24.00000   56.00000   0.08936   -1.26374
40.00000   56.00000   0.09195   -1.02736
56.00000   56.00000   -0.37469   -0.94644
72.00000   56.00000   -0.05690   -0.77385
88.00000   56.00000   -0.05430   -0.92401
8.00000   72.00000   -0.55954   -1.07663
24.00000   72.00000   0.08193   -0.97791
40.00000   72.00000   -0.38165   -0.92561
56.00000   72.00000   -0.06430   -1.03573
72.00000   72.00000   -0.03759   -0.95984
88.00000   72.00000   -0.08134   -0.93938
8.00000   88.00000   -0.13100   -1.10230
24.00000   88.00000   -0.28375   -0.96056
40.00000   88.00000   0.22005   -0.98842
56.00000   88.00000   -0.39933   -1.12036
72.00000   88.00000   0.10029   -1.09973
88.00000   88.00000   -0.22252   -1.08990
8.00000   104.00000   -0.29367   -0.90709
24.00000   104.00000   0.13139   -1.03418
40.00000   104.00000   0.06260   -1.04503
56.00000   104.00000   -0.11531   -0.89873
72.00000   104.00000   -0.23523   -0.95180
88.00000   104.00000   -0.08484   -0.98264
8.00000   120.00000   -0.04442   -1.13712
24.00000   120.00000   -0.09286   -1.15402
40.00000   120.00000   -0.04170   -1.02428
56.00000   120.00000   -0.08537   -1.08461
72.00000   120.00000   -0.26165   -1.04202
88.00000   120.00000   -0.11766   -1.01304
8.00000   136.00000   -0.06887   -1.10456
24.00000   136.00000   -0.09139   -1.20154
40.00000   136.00000   -0.12311   -0.94078
56.00000   136.00000   -0.03455   -1.01170
72.00000   136.00000   -0.26465   -0.97280
88.00000   136.00000   -0.24333   -1.04803
8.00000   152.00000   -0.22542   -1.00949
24.00000   152.00000   -0.21053   -0.98272
40.00000   152.00000   -0.35058   -1.04462
56.00000   152.00000   0.25114   -1.02160
72.00000   152.00000   0.12715   -1.00921
88.00000   152.00000   -0.16570   -1.03010
8.00000   168.00000   0.00476   -0.99502
24.00000   168.00000   -0.00677   -0.92141
40.00000   168.00000   -0.07036   -0.96532
56.00000   168.00000   0.02542   -0.85433
72.00000   168.00000   -0.29687   -0.99159
88.00000   168.00000   0.08059   -1.06794
8.00000   184.00000   -0.08103   -1.03698
24.00000   184.00000   -0.04530   -0.96633
40.00000   184.00000   0.01008   -0.90764
56.00000   184.00000   0.00440   -0.93747
72.00000   184.00000   -0.12801   -0.96125
88.00000   184.00000   0.12168   -1.07317
8.00000   200.00000   -0.33842   -1.08428
24.00000   200.00000   -0.01111   -1.00573
40.00000   200.00000   0.30811   -1.09455
56.00000   200.00000   0.04231   -0.96224
72.00000   200.00000   -0.04550   -1.05259
88.00000   200.00000   0.01462   -1.18545
8.00000   216.00000   -0.08014   -0.91507
24.00000   216.00000   0.01270   -0.98321
40.00000   216.00000   -0.20858   -0.92706
56.00000   216.00000   0.24762   -0.87752
72.00000   216.00000   0.14475   -1.06994
88.00000   216.00000   -0.13117   -0.98210
8.00000   232.00000   -0.15282   -0.94208
24.00000   232.00000   -0.08343   -1.02181
40.00000   232.00000   -0.52342   -0.92287
56.00000   232.00000   -0.25606   -1.06556
72.00000   232.00000   -0.21858   -0.96377
88.00000   232.00000   -0.12178   -0.84138
8.00000   248.00000   -0.20322   -1.06289
24.00000   248.00000   -0.15836   -1.02251
40.00000   248.00000   -0.24402   -1.05598
56.00000   248.00000   -0.17177   -0.95432
72.00000   248.00000   -0.46698   -0.84788
88.00000   248.00000   -0.16398   -0.87077
8.00000   264.00000   0.17838   -1.11826
24.00000   264.00000   0.16864   -1.20502
40.00000   264.00000   0.32045   -0.99951
56.00000   264.00000   0.05679   -1.00842
72.00000   264.00000   -0.21485   -0.94491
88.00000   264.00000   -0.24757   -0.96444
8.00000   280.00000   -0.09595   -0.91237
24.00000   280.00000   -0.25806   -1.02940
40.00000   280.00000   0.25924   -1.00023
56.00000   280.00000   -0.01526   -1.06741
72.00000   280.00000   -0.17732   -0.92721
88.00000   280.00000   -0.05859   -1.03750
8.00000   296.00000   -0.13849   -1.00131
24.00000   296.00000   -0.12735   -0.88720
40.00000   296.00000   0.10732   -1.06299
56.00000   296.00000   0.01745   -0.91135
72.00000   296.00000   -0.03718   -0.85989
88.00000   296.00000   -0.27238   -0.95020
8.00000   312.00000   -0.19915   -1.06437
24.00000   312.00000   -0.35835   -0.99423
40.00000   312.00000   -0.44645   -0.83564
56.00000   312.00000   -0.52050   -1.05237
72.00000   312.00000   -0.14520   -0.93758
88.00000   312.00000   -0.05305   -0.80224
8.00000   328.00000   -0.12757   -1.02149
24.00000   328.00000   0.01428   -0.97127
40.00000   328.00000   -0.74598   -1.03423
56.00000   328.00000   -0.55549   -1.17880
72.00000   328.00000   0.04079   -0.90049
88.00000   328.00000   0.05765   -0.85622
8.00000   344.00000   -0.23207   -1.03383
24.00000   344.00000   -0.06535   -0.97578
40.00000   344.00000   -0.66718   -0.91072
56.00000   344.00000   -0.34152   -0.74965
72.00000   344.00000   -0.32339   -0.79319
88.00000   344.00000   -0.05840   -0.96875
8.00000   360.00000   -0.32177   -0.96868
24.00000   360.00000   -0.35330   -0.84731
40.00000   360.00000   -0.48321   -0.90940
56.00000   360.00000   -0.29210   -0.96383
72.00000   360.00000   -0.25386   -0.84182
88.00000   360.00000   -0.01760   -0.79247
8.00000   376.00000   -0.11719   -0.90252
24.00000   376.00000   -0.62714   -0.76574
40.00000   376.00000   -0.67531   -1.03359
56.00000   376.00000   -0.57724   -0.84948
72.00000   376.00000   -0.20562   -0.90442
88.00000   376.00000   0.00775   -0.85983
8.00000   392.00000   -0.23650   -1.08864
24.00000   392.00000   -0.64749   -0.80915
40.00000   392.00000   -0.69151   -0.90389
56.00000   392.00000   -0.51303   -0.92513
72.00000   392.00000   0.00079   -0.84231
88.00000   392.00000   -0.08981   -0.90662
8.00000   408.00000   -0.29118   -0.93500
24.00000   408.00000   -0.56386   -1.02695
40.00000   408.00000   -0.60466   -1.00652
56.00000   408.00000   -0.07667   -0.96357
72.00000   408.00000   -0.18003   -1.03164
88.00000   408.00000   -0.07784   -1.07708
8.00000   424.00000   -0.29620   -1.03341
24.00000   424.00000   -0.68310   -1.03705
40.00000   424.00000   -0.69081   -1.01056
56.00000   424.00000   -0.37225   -1.24241
72.00000   424.00000   -0.07955   -1.11860
88.00000   424.00000   -0.17131   -1.04151
8.00000   440.00000   -0.47745   -0.82822
24.00000   440.00000   -0.57572   -0.93125
40.00000   440.00000   -0.48612   -1.17981
56.00000   440.00000   -0.13813   -1.18115
72.00000   440.00000   -0.13808   -1.08166
88.00000   440.00000   -0.16733   -1.16485
8.00000   456.00000   -0.71657   -0.96574
24.00000   456.00000   -0.48563   -1.10113
40.00000   456.00000   -0.58697   -1.16618
56.00000   456.00000   -0.19623   -1.02438
72.00000   456.00000   -0.22238   -0.95699
88.00000   456.00000   -0.07869   -1.11142
8.00000   472.00000   -0.42388   -1.00078
24.00000   472.00000   -0.57638   -1.01672
40.00000   472.00000   -0.59026   -1.00785
56.00000   472.00000   -0.46369   -1.14771
72.00000   472.00000   -0.47086   -1.16912
88.00000   472.00000   -0.07685   -1.04666
8.00000   488.00000   -0.61678   -1.14372
24.00000   488.00000   -0.56522   -1.24981
40.00000   488.00000   -0.64717   -1.14827
56.00000   488.00000   -0.36412   -1.08845
72.00000   488.00000   -0.27197   -1.20511
88.00000   488.00000   -0.24985   -1.14314
8.00000   504.00000   -0.28737   -1.02239
24.00000   504.00000   -0.42547   -1.11872
40.00000   504.00000   -0.79164   -1.03076
56.00000   504.00000   -0.50383   -0.97020
72.00000   504.00000   -0.38027   -1.08281
88.00000   504.00000   -0.19973   -1.15947
8.00000   520.00000   -0.75876   -1.02942
24.00000   520.00000   -0.69242   -1.22928
40.00000   520.00000   0.00512   -1.16028
56.00000   520.00000   -0.54689   -1.23414
72.00000   520.00000   -0.65058   -1.22945
88.00000   520.00000   -0.18305   -1.23786
8.00000   536.00000   -0.76654   -1.00161
24.00000   536.00000   -0.41805   -1.28168
40.00000   536.00000   -0.28480   -1.28287
56.00000   536.00000   -0.46065   -1.22135
72.00000   536.00000   -0.57632   -1.38229
88.00000   536.00000   -0.21275   -1.07372
