# image 53 and 54 x,y,u,v
8.00000   8.00000   -0.48956   -1.11397
24.00000   8.00000   -0.26526   -0.98939
40.00000   8.00000   -0.01579   -1.06902
56.00000   8.00000   0.00029   -0.88091
72.00000   8.00000   -0.00192   -0.97582
88.00000   8.00000   0.10411   -1.01255
8.00000   24.00000   -0.47451   -1.05691
24.00000   24.00000   -0.32708   -1.10509
40.00000   24.00000   0.27207   -1.07704
56.00000   24.00000   -0.21730   -0.80691
72.00000   24.00000   -0.28700   -1.08229
88.00000   24.00000   -0.25675   -0.97179
8.00000   40.00000   -0.41785   -0.97664
24.00000   40.00000   -0.29018   -1.10759
40.00000   40.00000   -0.30223   -0.96536
56.00000   40.00000   -0.05648   -1.10417
72.00000   40.00000   -0.27966   -0.98494
88.00000   40.00000   -0.17895   -1.00790
8.00000   56.00000   -0.46259   -1.03915
24.00000   56.00000   -0.12122   -1.06567
40.00000   56.00000   -0.13680   -1.03238
56.00000   56.00000   0.16299   -0.89834
72.00000   56.00000   -0.21699   -0.97838
88.00000   56.00000   -0.20761   -0.81499
8.00000   72.00000   -0.55232   -0.98273
24.00000   72.00000   0.04779   -1.07687
40.00000   72.00000   -0.10288   -1.13446
56.00000   72.00000   -0.01108   -1.01613
72.00000   72.00000   -0.17562   -0.94071
88.00000   72.00000   -0.01218   -0.93905
8.00000   88.00000   -0.34220   -1.11320
24.00000   88.00000   -0.09122   -0.91821
40.00000   88.00000   0.00260   -1.02316
56.00000   88.00000   -0.30823   -1.10584
72.00000   88.00000   -0.10056   -0.97066
88.00000   88.00000   0.12910   -0.94082
8.00000   104.00000   -0.20899   -0.85943
24.00000   104.00000   -0.29162   -1.14460
40.00000   104.00000   -0.11089   -0.99008
56.00000   104.00000   -0.26659   -0.92852
72.00000   104.00000   -0.16679   -1.04037
88.00000   104.00000   -0.05416   -1.06645
8.00000   120.00000   -0.24002   -1.09865
24.00000   120.00000   -0.06990   -1.08061
40.00000   120.00000   -0.10346   -0.95117
56.00000   120.00000   -0.10682   -1.11299
72.00000   120.00000   -0.00892   -1.03114
88.00000   120.00000   -0.21547   -1.03168
8.00000   136.00000   -0.05870   -1.01398
24.00000   136.00000   0.01300   -1.13342
40.00000   136.00000   -0.15750   -1.08446
56.00000   136.00000   -0.01207   -1.11277
72.00000   136.00000   -0.18003   -1.13995
88.00000   136.00000   -0.12148   -0.99952
8.00000   152.00000   -0.31914   -1.10314
24.00000   152.00000   -0.65624   -1.07134
40.00000   152.00000   -0.01333   -0.95099
56.00000   152.00000   0.09167   -0.97549
72.00000   152.00000   -0.10306   -1.05610
88.00000   152.00000   -0.08741   -0.91173
8.00000   168.00000   0.23623   -0.95774
24.00000   168.00000   -0.23520   -1.02860
40.00000   168.00000   -0.23237   -1.01910
56.00000   168.00000   0.15415   -0.95840
72.00000   168.00000   -0.01771   -1.15311
88.00000   168.00000   -0.00840   -1.14725
8.00000   184.00000   -0.15113   -0.95906
24.00000   184.00000   -0.08226   -1.03839
40.00000   184.00000   0.04330   -0.90121
56.00000   184.00000   -0.02215   -1.08935
72.00000   184.00000   0.09429   -0.98653
88.00000   184.00000   -0.00589   -1.06999
8.00000   200.00000   -0.13388   -1.08599
24.00000   200.00000   -0.26761   -0.91870
40.00000   200.00000   0.10804   -1.02439
56.00000   200.00000   0.12921   -0.96739
72.00000   200.00000   0.07435   -1.07756
88.00000   200.00000   -0.16251   -1.03721
8.00000   216.00000   0.04148   -0.93407
24.00000   216.00000   -0.22340   -0.97628
40.00000   216.00000   0.40904   -0.97146
56.00000   216.00000   -0.01367   -0.91148
72.00000   216.00000   0.34625   -0.98748
88.00000   216.00000   -0.14429   -1.07397
8.00000   232.00000   -0.00820   -0.93683
24.00000   232.00000   -0.02036   -1.04582
40.00000   232.00000   -0.07070   -0.98460
56.00000   232.00000   0.14413   -1.06084
72.00000   232.00000   -0.39144   -0.96782
88.00000   232.00000   -0.17860   -0.97256
8.00000   248.00000   -0.21620   -1.15441
24.00000   248.00000   0.03314   -0.94297
40.00000   248.00000   -0.23466   -0.99551
56.00000   248.00000   0.27886   -0.90587
72.00000   248.00000   -0.14269   -0.96316
88.00000   248.00000   -0.50576   -0.82740
8.00000   264.00000   -0.14280   -1.15156
24.00000   264.00000   -0.19254   -0.97311
40.00000   264.00000   -0.10729   -1.03212
56.00000   264.00000   0.04525   -1.01706
72.00000   264.00000   -0.21682   -0.97853
88.00000   264.00000   -0.35263   -1.02636
8.00000   280.00000   -0.15884   -1.08274
24.00000   280.00000   -0.12718   -0.91018
40.00000   280.00000   -0.12300   -0.89200
56.00000   280.00000   0.15400   -1.22586
72.00000   280.00000   -0.15524   -1.00226
88.00000   280.00000   -0.09808   -1.03646
8.00000   296.00000   -0.25564   -0.90783
24.00000   296.00000   0.12529   -1.18183
40.00000   296.00000   0.28317   -0.99058
56.00000   296.00000   0.09935   -0.95392
72.00000   296.00000   -0.20563   -0.91913
88.00000   296.00000   -0.04772   -0.98854
8.00000   312.00000   -0.18545   -1.17025
24.00000   312.00000   -0.12224   -1.08194
40.00000   312.00000   -0.11573   -0.98798
56.00000   312.00000   -0.57087   -1.07201
72.00000   312.00000   -0.13464   -0.92422
88.00000   312.00000   0.14207   -0.93395
8.00000   328.00000   -0.15573   -0.96816
24.00000   328.00000   -0.35782   -0.83157
40.00000   328.00000   -0.63824   -0.92325
56.00000   328.00000   -0.56274   -0.90910
72.00000   328.00000   -0.10063   -0.92314
88.00000   328.00000   0.20351   -1.00031
8.00000   344.00000   0.03817   -0.99495
24.00000   344.00000   -0.39860   -0.91651
40.00000   344.00000   -0.63674   -0.97700
56.00000   344.00000   -0.26662   -0.88873
72.00000   344.00000   -0.31688   -0.88419
88.00000   344.00000   -0.08436   -0.94848
8.00000   360.00000   -0.30742   -0.92084
24.00000   360.00000   -0.50762   -0.96374
40.00000   360.00000   -0.58551   -0.84994
56.00000   360.00000   -0.48180   -1.05521
72.00000   360.00000   -0.17797   -0.95965
88.00000   360.00000   0.16759   -0.91266
8.00000   376.00000   -0.15417   -1.00218
24.00000   376.00000   -0.44790   -0.80310
40.00000   376.00000   -0.74792   -1.04395
56.00000   376.00000   -0.46359   -0.99811
72.00000   376.00000   0.04485   -0.88336
88.00000   376.00000   0.02903   -0.90716
8.00000   392.00000   -0.13452   -0.96096
24.00000   392.00000   -0.52319   -0.95115
40.00000   392.00000   -0.44101   -1.06425
56.00000   392.00000   -0.52168   -0.92328
72.00000   392.00000   0.00517   -0.92031
88.00000   392.00000   0.08656   -0.84181
8.00000   408.00000   -0.46680   -1.14981
24.00000   408.00000   -0.56968   -0.93103
40.00000   408.00000   -0.74261   -1.10009
56.00000   408.00000   -0.44240   -0.88028
72.00000   408.00000   -0.30222   -0.97545
88.00000   408.00000   -0.10627   -0.96095
8.00000   424.00000   -0.27290   -1.15096
24.00000   424.00000   -0.49570   -1.05408
40.00000   424.00000   -0.68913   -1.03489
56.00000   424.00000   -0.05126   -0.89863
72.00000   424.00000   -0.15241   -1.06228
88.00000   424.00000   -0.16041   -1.16233
8.00000   440.00000   -0.37785   -0.99006
24.00000   440.00000   -0.55947   -1.08961
40.00000   440.00000   -0.63915   -1.09522
56.00000   440.00000   -0.47893   -1.20598
72.00000   440.00000   -0.15723   -1.25652
88.00000   440.00000   0.18598   -1.13425
8.00000   456.00000   -0.83140   -1.10562
24.00000   456.00000   -0.37070   -0.92083
40.00000   456.00000   -0.54177   -1.10618
56.00000   456.00000   0.32485   -1.09641
72.00000   456.00000   -0.15900   -1.09724
88.00000   456.00000   0.05833   -1.05114
8.00000   472.00000   -0.41748   -1.07712
24.00000   472.00000   -0.82084   -0.91217
40.00000   472.00000   -0.20912   -1.13892
56.00000   472.00000   -0.50092   -1.04706
72.00000   472.00000   -0.61256   -1.16607
88.00000   472.00000   -0.18459   -1.07113
8.00000   488.00000   -0.61210   -1.08921
24.00000   488.00000   -0.33338   -1.32140
40.00000   488.00000   -0.41951   -1.16439
56.00000   488.00000   -0.29590   -1.27752
72.00000   488.00000   -0.47993   -1.08171
88.00000   488.00000   -0.19149   -1.17711
8.00000   504.00000   -0.68893   -1.03704
24.00000   504.00000   -0.66085   -1.05184
40.00000   504.00000   -0.65419   -1.07457
56.00000   504.00000   -0.11243   -1.03606
72.00000   504.00000   -0.29926   -1.16491
88.00000   504.00000   0.03207   -1.29562
8.00000   520.00000   -0.53107   -1.05840
24.00000   520.00000   -0.35701   -1.03769
40.00000   520.00000   -0.32465   -1.18598
56.00000   520.00000   -0.73270   -1.16608
72.00000   520.00000   -0.48277   -1.15382
88.00000   520.00000   -0.10050   -1.29789
8.00000   536.00000   -0.62530   -1.00994
24.00000   536.00000   -0.22410   -1.20467
40.00000   536.00000   -0.00516   -1.01783
56.00000   536.00000   -0.43176   -1.38258
72.00000   536.00000   -0.25030   -1.28832
88.00000   536.00000   -0.18505   -1.27677
